0
1000
3809
0
1
0
0 134
0 183
0 259
0 285
0 659
1 80
1 401
1 441
1 498
1 526
1 674
1 959
1 973
1 980
2 8
2 64
2 388
2 421
2 444
2 550
2 559
2 586
2 652
2 763
2 853
3 186
3 274
3 282
3 333
3 478
3 594
3 750
3 874
4 41
4 416
4 433
4 513
4 625
4 682
4 811
4 816
4 828
5 149
5 169
5 334
5 487
5 582
5 889
6 193
6 194
6 553
6 670
6 905
7 152
7 444
7 683
8 288
8 315
8 370
8 714
8 931
9 63
9 338
9 416
9 457
9 618
9 702
9 857
10 32
10 67
10 88
10 182
10 428
10 460
10 506
10 762
10 857
10 872
10 960
11 66
11 87
11 174
11 379
11 387
11 477
11 541
11 574
12 322
12 397
12 555
12 606
12 682
12 701
13 250
13 600
13 612
13 698
13 747
13 906
13 985
13 993
14 65
14 396
14 505
14 549
14 659
14 660
14 902
15 21
15 90
15 197
15 241
15 257
15 312
15 353
15 368
15 410
15 846
16 132
16 426
16 515
16 731
16 739
16 842
16 902
17 253
17 283
17 542
17 660
17 663
17 820
17 976
18 46
18 240
18 503
18 798
18 811
18 816
18 878
18 907
19 80
19 141
19 198
19 375
19 458
19 609
20 270
20 708
20 750
20 858
21 118
21 260
21 334
21 442
21 804
22 109
22 119
22 177
22 331
22 362
22 411
22 498
22 533
22 551
22 558
22 670
22 682
22 749
22 790
22 899
23 61
23 101
23 118
23 349
23 359
23 454
23 518
23 941
23 947
24 148
24 188
24 371
24 389
24 481
24 609
24 660
25 73
25 145
25 247
25 335
25 442
25 448
25 494
25 508
25 606
25 772
25 909
25 947
26 81
26 211
26 249
26 485
26 536
26 563
26 603
26 672
26 830
26 914
27 115
27 487
27 566
27 928
28 129
28 876
28 947
29 148
29 412
29 421
29 580
29 819
29 871
29 919
29 925
29 946
29 971
30 157
30 183
30 361
30 763
30 919
30 991
31 81
31 110
31 147
31 253
31 306
31 478
31 546
31 583
31 950
32 113
32 336
32 386
32 419
32 530
32 786
32 884
32 928
32 985
33 151
33 348
33 376
33 379
33 402
33 409
33 607
33 964
34 118
34 143
34 346
34 396
34 430
34 451
34 548
34 727
34 756
34 800
34 955
35 49
35 160
35 265
35 620
35 669
35 716
35 754
35 774
35 789
35 822
35 932
36 227
36 272
36 276
36 477
36 639
36 746
36 834
36 887
36 908
37 87
37 106
37 205
37 489
37 784
37 950
38 142
38 359
38 445
38 535
38 605
38 788
38 966
39 715
39 725
39 796
39 824
39 827
40 125
40 201
40 797
40 901
41 277
41 325
41 378
41 527
41 751
41 772
42 158
42 250
42 316
42 331
42 376
42 415
42 418
42 641
42 875
42 993
42 998
43 125
43 289
43 311
43 529
43 652
43 690
43 740
43 829
43 919
43 982
43 997
44 158
44 251
44 431
44 498
44 964
45 363
45 779
45 794
46 333
46 381
46 472
46 507
46 578
46 692
46 708
46 903
47 85
47 183
47 212
48 740
48 843
48 902
48 927
48 987
49 222
49 224
49 277
49 340
49 627
49 851
49 856
49 868
50 167
50 333
50 573
50 610
50 691
50 743
50 767
50 798
50 800
50 877
51 213
51 244
51 541
51 614
52 77
52 155
52 352
52 404
52 412
52 419
52 494
52 586
52 597
53 198
53 205
53 567
53 612
53 616
53 878
53 895
53 934
54 138
54 222
54 502
54 509
54 576
54 663
54 776
55 83
55 286
55 423
55 638
55 801
55 988
56 160
56 295
56 528
56 667
56 935
57 265
57 289
57 311
57 317
57 320
57 381
57 423
57 656
57 763
57 982
57 984
58 207
58 368
58 516
58 533
58 796
59 67
59 266
59 311
59 503
59 828
59 866
60 483
60 557
60 558
60 591
60 715
60 855
60 870
60 924
60 971
60 981
61 176
61 243
61 411
61 568
61 782
61 812
61 914
62 72
62 340
62 352
62 510
62 643
62 659
62 766
63 245
63 286
63 319
63 372
63 443
63 481
63 535
63 595
63 822
63 918
63 927
64 91
64 157
64 491
64 612
64 735
64 973
64 989
65 244
65 425
65 430
65 449
65 452
65 531
65 580
65 595
65 954
66 95
66 113
66 404
66 586
66 602
66 824
66 959
67 184
67 238
67 359
67 515
67 687
68 205
68 270
68 340
68 471
68 624
68 763
69 202
69 315
69 345
69 401
69 417
69 473
69 515
69 782
69 852
70 126
70 220
70 353
70 380
70 619
70 770
70 838
71 778
71 965
72 121
72 180
72 400
72 422
72 713
72 831
72 858
73 101
73 140
73 146
73 154
73 161
73 300
73 367
73 450
73 477
73 578
73 800
73 940
74 457
74 470
74 903
74 974
75 549
75 993
76 359
76 365
76 529
76 619
76 948
77 591
77 627
77 666
77 781
77 820
77 890
77 908
78 154
78 291
78 766
78 878
78 930
78 934
78 939
79 176
79 195
79 448
79 585
79 593
79 696
80 149
80 415
80 438
80 439
80 457
80 651
80 702
80 777
81 124
81 494
81 529
81 830
82 512
82 574
82 602
82 785
82 928
82 997
82 999
83 355
83 638
83 662
83 845
83 888
83 953
83 956
84 181
84 236
84 750
84 755
84 862
84 872
84 877
85 110
85 294
85 330
85 334
85 347
85 747
85 846
85 917
86 315
86 506
86 654
86 793
87 283
87 352
87 451
87 674
88 226
88 246
88 247
88 306
88 312
88 398
88 528
88 533
88 725
88 937
88 983
89 206
89 235
89 350
89 413
89 540
89 635
89 670
89 774
89 858
89 961
90 135
90 218
90 270
90 397
90 474
90 479
90 536
90 573
90 721
90 727
91 237
91 291
91 412
91 429
91 433
91 548
91 603
91 724
91 744
91 770
91 834
91 886
91 979
92 101
92 277
92 362
92 382
92 479
92 565
92 622
92 678
92 731
93 191
93 264
93 285
93 307
93 416
93 617
93 632
93 857
94 201
94 322
94 360
94 443
94 835
94 868
94 889
94 891
94 900
94 973
95 408
95 426
95 508
95 588
95 876
96 296
96 325
96 413
96 773
96 790
96 925
97 108
97 145
97 216
97 292
97 300
97 367
97 435
97 501
97 544
97 889
97 915
97 992
98 341
98 497
98 647
98 784
98 941
98 996
99 122
99 232
99 320
99 522
99 655
100 128
100 147
100 158
100 232
100 407
100 422
100 466
100 537
100 742
100 849
100 874
101 234
101 535
101 675
101 903
102 250
102 384
102 445
102 520
102 549
102 691
102 890
102 923
102 927
103 156
103 176
103 244
103 390
103 498
103 676
103 784
103 939
103 940
104 112
104 195
104 483
104 565
104 681
104 725
104 770
105 199
105 215
105 240
105 425
105 525
106 122
106 304
106 335
106 554
106 877
106 994
107 168
107 174
107 596
107 601
107 602
107 753
107 766
108 404
108 529
108 581
108 639
108 668
108 739
108 743
108 995
109 216
109 346
109 521
109 601
109 670
109 759
109 805
109 881
109 997
110 132
110 140
110 163
110 284
110 480
110 654
111 252
111 255
111 348
111 441
111 638
111 646
111 751
111 797
111 826
111 979
112 116
112 205
112 324
112 374
112 444
112 489
112 498
112 921
113 254
113 369
113 426
113 518
113 897
114 227
114 363
114 397
114 976
115 202
115 278
115 332
115 430
115 569
115 701
115 724
115 948
116 132
116 175
116 181
116 306
116 369
116 398
116 441
116 534
116 692
116 705
116 854
116 855
117 393
117 476
117 557
117 725
117 848
117 946
117 976
118 252
118 542
118 601
118 744
118 919
118 953
119 190
119 220
119 279
119 357
119 376
119 754
119 853
119 911
120 396
120 583
120 684
120 753
120 985
121 150
121 249
121 325
121 355
121 367
121 657
121 747
121 816
121 828
121 853
122 195
122 345
122 351
122 359
122 460
122 951
122 966
123 142
123 188
123 448
123 799
123 967
124 219
124 354
124 410
124 448
124 459
124 781
124 843
124 909
124 954
124 959
125 172
125 248
125 380
125 633
125 810
125 892
126 448
126 697
126 760
126 836
127 557
127 589
127 698
127 818
127 828
128 131
128 237
128 369
128 667
128 796
128 833
128 908
128 980
129 207
129 210
129 235
129 238
129 389
129 431
129 475
129 704
129 725
129 813
129 864
129 943
130 197
130 308
130 372
130 375
130 753
130 783
130 821
131 725
131 727
131 798
131 963
132 497
132 571
132 623
132 829
132 973
132 990
133 338
133 353
133 547
133 808
133 836
133 839
133 865
133 951
134 288
134 362
134 676
134 804
134 901
134 951
134 966
134 991
135 198
135 336
135 342
135 589
135 597
136 342
136 448
136 455
136 518
136 533
136 618
136 705
136 754
137 150
137 204
137 383
137 471
137 920
137 967
137 973
138 214
138 328
138 480
138 520
138 597
138 600
138 606
138 775
139 152
139 231
139 249
139 277
139 280
139 355
139 544
139 632
139 700
139 712
139 726
139 751
139 956
140 161
140 179
140 296
140 400
140 508
140 660
141 358
141 559
141 700
141 789
141 828
142 147
142 213
142 368
142 394
142 517
142 578
142 595
142 661
142 729
143 238
143 271
143 404
143 443
143 752
143 834
143 969
143 973
144 311
144 370
144 451
144 589
144 830
144 867
144 958
145 201
145 268
145 365
145 511
145 515
145 851
145 996
146 280
146 475
146 563
146 598
146 649
146 660
146 778
146 967
147 754
147 765
148 188
148 557
148 918
148 985
148 995
149 231
149 248
149 547
149 675
149 679
149 786
149 843
149 988
150 173
150 213
150 519
150 559
150 598
150 614
150 667
150 699
150 712
150 948
150 976
150 979
151 255
151 402
151 422
151 602
151 896
152 343
152 417
152 808
152 932
153 264
153 392
153 615
153 678
153 838
153 839
154 275
154 401
154 474
154 611
154 659
154 753
154 972
155 403
155 590
155 684
155 857
155 887
155 945
155 955
156 266
156 340
156 345
156 540
156 808
156 987
157 169
157 373
157 387
157 875
157 920
158 204
158 555
158 743
158 838
158 849
159 417
159 490
159 541
159 601
159 960
160 401
160 439
160 467
160 470
160 595
160 685
160 728
160 747
160 775
160 778
160 793
160 794
161 289
161 475
161 588
161 656
161 821
161 877
161 882
162 179
162 300
162 412
162 535
162 631
162 833
162 965
162 967
163 315
163 643
163 777
163 795
164 174
164 240
164 309
164 388
164 569
164 626
164 753
164 793
165 187
165 294
165 352
165 397
165 425
165 428
165 616
165 667
165 861
166 278
166 300
166 388
166 528
166 560
166 787
166 876
166 965
167 333
167 579
167 691
167 763
167 873
168 349
168 356
168 499
168 536
169 417
169 457
169 813
169 956
169 995
170 364
170 439
170 521
170 545
170 846
170 854
170 916
171 254
171 527
171 997
172 200
172 412
172 630
172 854
172 957
173 409
173 449
173 512
173 550
173 653
173 904
174 376
174 392
174 410
174 536
174 582
174 740
174 765
174 835
174 995
175 210
175 304
175 361
175 405
175 456
175 731
175 806
175 888
176 242
176 293
176 649
176 774
177 249
177 278
177 297
177 389
177 571
177 595
177 606
177 688
177 781
178 205
178 401
178 435
178 628
178 717
179 396
179 413
179 487
179 574
179 787
179 846
180 279
180 293
180 500
180 529
180 568
180 771
180 955
180 971
181 247
181 321
181 364
182 493
182 575
182 714
182 719
182 729
182 873
182 973
182 984
183 435
183 514
183 712
183 782
183 964
184 278
184 348
184 592
185 307
185 338
185 548
185 873
185 936
185 991
186 470
186 484
186 520
186 641
186 970
187 435
187 668
187 724
187 805
188 257
188 399
188 472
188 491
188 531
188 585
189 285
189 297
189 513
189 567
189 651
189 770
189 920
189 935
190 194
190 236
190 401
190 485
190 576
190 779
191 201
191 291
191 560
191 692
191 768
191 813
191 879
191 907
191 992
192 348
192 356
192 389
192 424
192 539
192 646
192 796
192 918
192 951
193 339
193 381
193 562
193 661
193 669
193 695
193 757
193 782
193 786
193 903
193 946
193 986
194 219
194 482
194 491
194 497
194 688
194 718
194 811
194 952
194 959
195 197
195 356
195 387
195 406
195 542
195 558
195 735
195 782
195 998
196 217
196 425
196 563
196 702
196 762
196 969
197 295
197 327
197 334
197 394
198 209
198 277
198 357
198 378
198 668
198 708
198 736
198 739
198 750
198 771
198 804
198 922
199 843
199 861
200 456
200 572
200 615
200 707
200 814
201 224
201 289
201 415
201 453
201 520
201 578
201 799
202 624
202 799
202 950
202 968
202 984
203 284
203 352
203 531
203 605
203 625
203 763
203 775
203 851
203 857
203 943
204 618
204 792
204 844
204 967
204 982
205 322
205 441
205 454
205 463
205 526
205 545
205 646
205 826
205 835
205 913
206 220
206 290
206 445
206 603
206 711
207 251
207 390
207 439
207 525
207 574
207 829
207 957
207 990
208 215
208 216
208 234
208 305
208 538
208 702
208 735
208 789
208 853
208 916
209 390
209 516
209 763
209 997
210 395
210 429
210 522
210 707
210 735
210 738
210 837
210 931
211 223
211 458
211 611
211 750
211 838
211 841
211 875
212 365
212 431
212 467
212 538
212 733
212 980
213 225
213 318
213 425
213 444
213 476
213 493
213 496
213 530
213 541
213 857
213 965
214 219
214 537
214 579
214 656
214 764
214 922
214 924
214 988
215 255
215 287
215 415
215 424
215 661
215 873
215 892
215 968
215 992
216 299
216 502
216 529
216 602
216 641
216 685
216 702
216 734
216 914
216 944
217 450
217 458
217 604
217 754
217 817
217 861
217 983
218 244
218 409
218 477
218 560
218 570
218 614
218 792
218 935
219 288
219 342
219 527
219 625
219 643
219 925
220 261
220 466
220 505
220 568
220 789
221 318
221 498
221 611
221 627
221 638
221 665
221 699
221 891
221 992
222 235
222 438
222 914
223 250
223 359
223 773
223 777
223 865
223 972
224 260
224 318
224 381
224 466
224 589
224 740
224 746
225 338
225 596
225 610
225 749
226 245
226 336
226 386
226 649
226 703
226 918
226 925
226 961
227 317
227 333
227 492
228 500
228 505
228 749
228 897
228 907
229 386
229 601
229 934
230 329
230 372
230 689
230 741
231 345
231 375
231 445
231 591
232 512
232 641
232 690
232 900
233 257
233 320
233 448
233 515
233 664
234 346
234 360
234 520
234 578
234 588
234 814
235 339
235 675
235 728
235 814
235 873
236 457
236 664
236 721
237 247
237 464
237 478
237 585
237 647
237 914
237 935
238 317
238 346
238 567
238 665
239 474
239 583
239 733
239 912
239 916
239 955
240 243
240 284
240 415
240 457
240 747
241 286
241 355
241 614
241 647
241 888
241 977
242 322
242 333
242 347
242 551
242 718
242 866
243 331
243 368
243 944
244 852
244 858
245 309
245 319
245 382
245 428
245 496
245 720
245 817
245 843
245 886
246 450
246 482
246 515
246 977
247 280
247 393
247 492
247 532
247 539
247 643
247 712
247 820
247 940
247 981
248 528
249 312
249 467
249 755
250 298
250 404
250 588
251 307
251 478
251 479
251 537
251 703
251 805
251 866
252 271
252 294
252 347
252 527
252 605
252 766
252 772
252 854
253 763
253 983
254 444
254 445
254 474
254 764
254 835
254 947
255 328
255 416
255 434
255 454
255 507
255 765
255 847
255 941
255 952
256 287
256 336
256 485
256 752
256 847
256 989
256 997
257 640
257 749
258 280
258 361
258 375
258 481
258 620
258 690
258 960
259 554
259 611
260 415
260 519
260 653
260 744
261 318
261 512
261 686
261 727
261 981
262 267
262 497
262 649
262 686
262 755
262 804
262 809
262 852
262 970
263 331
263 362
263 424
263 453
263 622
263 727
263 786
263 813
264 274
264 881
264 995
265 291
265 501
265 571
265 609
266 278
266 400
266 463
266 552
266 630
266 673
266 768
266 769
266 802
267 420
267 438
267 506
267 707
267 897
268 496
268 528
268 543
269 516
270 578
270 670
270 739
270 937
270 987
270 992
271 285
271 503
271 530
271 590
272 303
272 514
272 829
273 392
273 464
273 469
273 528
273 810
273 877
273 878
273 911
274 286
274 536
274 604
274 778
274 792
274 944
275 403
275 529
275 541
275 913
276 282
276 621
276 716
276 880
276 951
276 964
276 987
277 337
277 688
277 766
278 322
278 334
278 485
278 695
278 753
279 392
279 740
279 742
279 762
279 900
279 926
280 354
280 425
280 493
281 311
281 327
282 334
282 395
283 479
283 613
283 622
283 675
283 775
284 833
284 848
285 417
285 538
285 859
285 866
285 913
286 371
286 668
286 942
287 355
287 521
287 618
287 723
287 768
287 812
287 868
288 692
288 760
288 823
288 884
289 347
289 408
289 451
289 944
290 347
290 371
290 405
290 428
290 481
290 574
290 678
290 882
290 940
290 982
291 457
291 495
291 508
291 692
291 959
292 298
293 467
293 979
294 352
294 374
294 599
294 603
294 627
294 630
294 881
295 313
295 388
295 759
295 827
295 889
295 890
296 330
296 581
296 590
296 624
296 761
296 972
297 440
297 504
297 613
297 703
297 779
297 812
297 828
297 923
297 988
298 328
298 338
298 347
298 574
298 635
299 333
299 511
299 698
299 978
300 318
300 602
300 683
300 949
301 361
301 561
301 667
301 754
301 761
301 898
302 339
302 583
302 711
302 825
302 918
303 474
303 517
303 608
303 801
303 911
303 983
304 573
304 701
304 836
305 530
305 650
305 676
305 775
305 911
306 472
306 494
306 658
306 815
306 817
307 347
307 568
307 685
307 695
307 792
307 923
307 986
308 496
308 526
308 531
308 641
308 689
308 693
308 702
308 786
308 802
308 817
309 387
309 492
309 631
310 357
310 725
310 813
311 518
312 345
312 982
313 366
313 389
313 390
313 443
313 454
313 457
313 538
313 565
313 570
313 590
313 598
313 908
313 955
314 600
314 777
314 820
315 439
315 632
315 763
316 449
316 608
316 612
316 745
316 915
317 501
317 541
317 678
318 421
318 454
318 492
318 585
318 638
318 672
318 796
318 816
318 829
318 851
318 910
319 373
319 892
319 893
319 913
320 347
320 464
320 514
320 578
320 589
320 808
320 858
320 918
321 334
321 343
321 374
321 388
321 448
321 516
321 570
321 613
321 847
321 870
321 970
322 408
322 521
322 790
322 919
322 946
323 394
323 473
323 604
323 754
323 784
323 986
324 358
324 471
324 764
324 786
324 793
324 916
325 417
325 561
325 646
325 691
325 739
325 883
325 973
326 470
326 548
326 627
326 690
326 811
326 910
327 365
327 547
327 572
327 928
327 944
328 389
328 416
328 696
328 731
328 817
329 389
329 430
329 435
329 577
329 752
330 352
330 515
330 519
330 673
330 694
330 854
330 889
331 427
331 555
331 650
331 717
331 762
331 804
331 902
331 922
331 959
332 537
332 701
332 811
332 993
333 337
333 403
333 502
333 696
333 726
333 815
334 434
334 751
334 789
334 876
334 988
335 403
335 462
335 513
335 556
335 620
335 877
336 342
336 534
336 579
336 606
336 643
336 737
337 420
337 526
337 565
337 570
337 752
337 757
337 911
338 346
338 673
338 866
339 344
339 349
339 403
339 416
339 607
339 741
339 785
339 797
339 892
339 941
340 383
340 572
340 579
340 599
340 606
340 657
341 404
341 453
341 541
341 551
342 514
342 611
342 675
343 384
343 558
343 946
343 947
343 956
344 378
344 535
344 684
344 834
344 892
344 914
344 946
345 538
345 762
345 771
345 907
345 954
346 452
346 509
346 798
346 998
347 531
347 550
348 545
348 632
348 643
348 844
348 883
348 934
349 532
349 633
349 649
349 692
349 730
349 893
350 707
350 864
350 999
351 861
352 522
352 735
352 774
352 844
352 865
352 973
353 546
353 811
353 952
354 380
354 481
354 499
354 575
354 701
354 758
355 697
355 739
355 955
355 970
355 982
356 461
356 978
357 592
357 595
357 720
357 787
357 798
357 819
357 925
357 952
358 632
358 690
358 919
359 546
359 629
359 684
359 753
359 814
359 953
359 967
360 375
360 470
360 557
360 590
360 655
360 667
360 691
360 845
360 874
360 888
361 558
361 612
361 769
361 805
361 859
361 877
362 393
362 891
363 392
363 397
363 488
363 648
364 440
364 500
364 541
364 645
364 666
364 693
364 709
364 731
364 810
364 930
365 509
365 613
365 664
365 789
365 908
366 488
366 535
366 625
367 435
367 481
367 763
367 979
367 981
368 530
368 544
368 614
368 754
369 429
369 485
369 510
370 488
370 639
370 815
370 868
371 421
371 575
371 631
371 677
371 682
371 901
371 903
371 920
372 430
372 531
372 549
372 712
372 896
373 378
373 488
373 611
373 825
374 473
374 848
374 911
374 995
375 447
375 589
375 649
375 854
376 691
376 698
376 734
376 833
377 518
377 698
377 773
377 856
377 872
378 539
378 589
378 808
378 845
378 932
378 994
379 454
379 486
379 952
379 987
381 397
381 473
381 540
381 772
382 529
382 721
382 765
382 925
382 997
383 386
383 479
383 549
383 571
383 626
383 640
383 757
384 557
384 648
384 678
384 744
384 772
384 923
385 450
385 802
385 921
386 417
386 444
386 764
386 899
387 548
387 618
387 652
387 657
387 754
387 760
387 765
387 851
388 467
388 523
388 605
388 630
389 431
389 578
389 800
389 977
390 572
390 664
390 682
390 747
390 907
390 937
391 446
391 546
392 393
392 477
392 665
392 895
393 560
393 840
393 937
394 397
394 432
394 603
394 681
394 686
394 799
395 698
395 818
395 827
396 412
397 423
397 522
397 712
397 830
397 853
397 897
397 924
398 410
398 456
398 467
398 533
398 767
398 917
398 952
399 732
400 502
400 565
400 752
400 884
400 919
401 476
401 729
402 438
402 481
402 750
402 887
402 904
402 955
403 414
403 602
403 665
403 700
403 798
403 825
403 860
404 484
404 626
404 719
404 757
404 807
404 858
404 925
404 943
404 987
405 461
405 491
405 526
405 546
405 571
405 776
405 813
406 740
406 889
407 707
407 760
407 855
408 434
408 576
408 579
408 879
409 626
409 801
410 418
410 636
410 965
411 609
411 635
411 642
411 700
411 800
411 874
411 935
412 586
412 605
412 976
413 419
413 424
413 598
413 807
413 865
413 891
414 509
414 513
414 561
414 570
414 786
414 815
414 822
414 852
414 901
414 908
414 981
415 460
415 717
415 789
416 442
416 581
416 798
416 910
417 478
417 575
417 614
417 747
417 834
417 909
417 985
417 999
418 580
418 973
419 504
419 583
419 692
419 694
419 772
419 885
419 897
420 504
420 563
420 572
420 937
421 477
421 879
421 910
421 956
422 425
422 571
423 460
423 470
423 540
423 574
423 599
423 870
423 930
423 983
424 580
424 658
424 709
424 710
424 742
424 917
425 463
425 550
425 586
425 811
425 956
426 463
426 556
426 637
426 815
426 872
427 497
427 579
427 602
427 680
427 820
427 920
428 809
428 873
428 909
428 924
429 501
429 512
430 452
430 714
430 732
430 761
430 925
431 467
432 650
432 859
432 877
433 707
433 867
433 960
434 559
434 665
434 774
434 837
435 570
435 669
435 787
436 457
436 686
436 937
436 975
437 441
437 499
437 623
437 659
437 668
438 466
438 644
438 719
439 725
439 740
439 742
439 770
439 773
439 995
440 965
441 498
441 556
441 616
442 462
442 477
442 686
442 688
442 692
442 965
443 664
443 744
443 840
443 922
444 552
444 824
444 853
444 858
444 886
444 953
444 967
444 987
445 502
445 547
445 829
445 945
445 957
446 568
446 599
447 741
447 836
447 912
448 452
448 745
448 869
449 508
449 632
449 680
450 472
450 631
450 655
450 714
450 760
450 930
450 932
451 506
451 531
452 612
452 697
452 749
453 458
453 660
453 811
453 958
454 513
454 554
454 825
454 916
454 923
455 548
455 567
455 587
455 600
455 872
455 876
455 968
456 965
456 979
457 468
457 570
457 674
457 730
457 843
458 517
458 669
458 683
458 702
459 993
460 480
460 520
460 560
460 629
460 735
460 770
461 469
461 673
461 692
461 742
462 538
462 850
462 859
462 888
462 981
463 520
463 583
463 838
463 851
463 955
464 555
464 581
464 897
464 929
464 961
464 985
465 546
466 572
466 690
466 702
466 854
467 749
467 955
468 763
468 769
468 837
468 989
469 629
469 936
470 519
470 658
470 726
470 786
470 790
470 797
470 826
470 902
471 569
471 594
471 729
472 497
472 580
472 877
472 906
473 600
473 705
473 890
473 899
474 592
474 847
474 874
474 886
474 952
475 594
475 617
475 685
475 844
475 849
475 951
476 532
476 636
476 678
476 702
476 812
476 934
476 990
477 529
477 786
477 937
478 582
478 599
478 702
478 852
478 861
479 562
479 674
480 505
480 529
480 537
480 571
480 650
480 972
481 505
481 806
483 841
483 934
483 947
484 610
484 627
484 656
484 762
484 885
484 975
485 517
485 935
485 997
487 604
487 679
487 683
487 694
487 913
488 511
488 527
488 737
488 815
489 899
489 927
490 632
490 733
490 813
490 821
490 865
490 924
491 613
491 625
491 771
491 860
492 556
492 571
492 854
492 904
493 555
493 923
493 940
494 600
495 579
495 598
495 808
495 831
495 910
496 666
496 745
496 783
496 836
497 501
497 546
497 575
497 636
497 966
498 512
498 515
498 578
498 904
498 918
498 970
499 534
499 601
499 658
499 662
499 967
500 656
500 657
500 763
500 804
500 945
501 676
501 770
501 971
502 525
502 538
502 653
502 925
502 983
503 564
503 574
503 661
503 762
503 763
503 860
503 972
504 506
504 522
504 556
504 600
504 848
505 520
505 582
505 607
505 905
506 788
506 894
506 938
506 957
507 541
507 653
507 993
508 780
509 577
509 686
510 527
510 579
510 625
510 671
510 795
511 598
511 949
511 988
512 551
512 760
512 877
513 713
513 740
513 836
514 533
514 583
514 640
514 686
514 695
514 709
515 652
515 670
515 786
515 854
516 622
516 799
516 889
516 934
517 648
517 741
517 812
518 620
518 651
518 783
519 574
519 647
519 654
519 709
519 801
519 810
520 531
521 572
521 958
522 617
522 632
522 671
522 861
523 601
523 645
523 694
523 794
523 842
523 896
524 680
524 745
524 837
524 968
525 583
525 634
526 635
527 581
527 769
527 816
527 867
527 945
527 985
528 599
528 682
528 811
528 835
528 904
528 919
529 546
529 874
529 987
530 560
530 613
530 860
531 572
531 659
531 853
532 656
532 678
532 727
532 834
532 843
532 864
533 627
533 748
533 856
533 933
533 979
533 987
534 579
534 759
534 841
534 910
535 588
535 775
535 885
536 995
537 601
537 842
537 962
538 574
538 673
538 887
539 713
539 749
539 969
540 561
540 843
540 890
541 594
541 621
541 678
541 970
542 548
542 652
542 901
542 908
543 549
543 565
543 588
543 656
543 813
544 557
544 878
545 600
545 642
545 694
545 876
546 809
547 683
548 608
548 665
549 566
549 611
549 625
549 976
550 631
551 579
551 710
551 825
552 595
552 770
552 778
552 819
553 583
553 811
553 969
554 639
554 645
554 679
554 786
554 924
554 971
554 986
555 719
555 867
556 576
556 633
556 718
556 946
557 599
557 649
557 898
558 609
558 628
558 852
558 903
558 904
558 915
559 820
560 923
561 709
562 583
562 820
563 737
563 930
564 793
564 830
565 622
565 719
565 749
565 833
565 973
566 619
566 841
566 862
566 904
567 621
567 650
567 795
567 840
567 940
567 949
568 713
568 759
568 919
568 971
569 861
569 893
570 592
570 668
570 841
570 888
571 746
571 898
572 692
572 814
573 861
573 905
574 642
574 646
574 727
575 674
575 735
575 760
575 908
576 829
576 847
576 883
576 915
576 972
577 631
577 741
578 727
578 734
578 836
578 929
579 763
579 911
580 603
580 669
580 941
581 582
581 587
581 616
581 937
582 726
582 816
582 892
583 585
583 617
583 746
583 861
584 737
584 940
585 622
585 731
585 820
585 870
585 924
586 838
586 888
586 983
587 692
587 789
587 964
588 866
588 892
588 911
588 993
589 918
590 654
590 655
590 847
590 945
590 983
591 698
591 728
591 846
591 979
592 823
593 905
594 621
594 630
594 686
594 838
594 892
594 992
595 629
595 975
595 994
596 662
596 699
596 871
597 627
597 659
597 780
597 825
598 770
598 818
598 964
599 623
599 820
599 865
599 921
600 676
600 757
600 806
600 867
601 664
601 729
601 817
601 877
602 641
602 768
602 784
602 790
602 866
602 914
602 968
602 973
603 712
603 781
603 933
605 624
605 777
606 819
606 877
607 627
607 689
608 756
609 646
609 740
609 881
609 906
609 913
610 697
610 887
610 900
611 982
612 719
612 726
612 869
613 657
613 876
614 841
614 964
614 992
615 641
615 669
615 672
615 844
616 891
617 632
617 651
617 688
617 702
617 744
618 645
618 751
618 985
619 639
619 729
620 742
620 804
622 713
622 754
622 793
622 937
624 665
624 923
625 674
625 831
625 920
625 992
626 792
627 781
627 941
628 956
629 785
629 817
629 907
630 686
630 752
631 830
634 758
634 792
634 809
634 832
634 836
634 857
634 886
634 942
636 722
637 745
637 911
637 925
638 673
638 677
638 700
638 733
638 774
638 836
639 647
639 823
639 958
640 799
640 877
641 831
642 692
642 849
643 725
643 846
643 858
643 884
644 800
644 883
644 996
645 867
646 838
646 985
647 651
647 776
647 861
648 733
648 736
648 798
648 924
649 742
649 743
649 758
649 764
649 981
650 773
650 907
650 911
651 791
651 965
652 688
652 751
653 667
653 994
654 777
654 888
655 658
655 692
655 919
656 855
656 904
656 919
658 689
658 808
658 878
659 810
659 820
659 958
660 887
661 802
661 855
661 972
661 986
662 677
662 682
662 981
662 998
663 914
663 925
664 675
665 677
665 746
665 904
665 990
666 706
666 930
667 785
667 875
668 751
668 852
669 835
669 987
670 764
670 823
670 854
671 796
671 804
671 832
672 831
672 908
673 819
673 826
673 873
674 713
674 725
676 723
676 766
676 892
677 698
677 776
677 798
677 977
679 810
679 868
679 900
680 772
680 799
680 808
681 699
681 752
681 808
681 866
681 933
682 739
682 885
683 716
683 946
684 881
688 763
688 870
688 894
688 957
689 762
689 905
690 863
690 979
691 793
691 867
691 913
692 714
692 733
692 913
693 780
693 839
693 921
694 823
694 829
694 908
695 715
695 740
695 759
695 796
695 830
695 912
695 988
696 987
697 754
697 868
698 873
700 805
700 854
701 884
701 989
702 720
702 723
702 772
702 932
703 807
703 997
704 768
704 893
705 809
706 751
706 813
706 926
707 830
707 876
707 944
708 715
708 827
709 746
709 772
709 803
710 961
712 816
712 918
712 954
713 804
713 885
713 950
713 976
714 773
714 801
714 804
715 746
715 766
716 901
716 979
717 722
717 804
717 862
717 943
718 739
718 788
718 830
719 853
720 739
721 801
721 933
721 956
723 803
723 898
723 947
724 843
724 945
724 955
724 968
724 970
725 901
725 946
726 891
726 991
727 998
728 745
728 923
730 888
731 905
732 796
732 843
732 849
733 819
733 900
733 946
733 997
734 816
734 984
735 878
736 800
736 889
738 792
738 872
739 793
740 840
740 886
741 821
741 862
742 891
743 928
744 758
744 864
745 886
745 984
746 825
746 906
747 926
749 830
749 862
749 912
749 940
749 943
750 910
751 875
751 917
752 873
753 769
753 885
753 893
753 907
753 943
753 951
754 953
755 804
755 894
756 799
756 882
756 976
757 771
757 795
757 889
757 908
758 763
758 781
758 870
759 953
760 773
761 897
762 975
762 979
763 766
764 831
764 846
766 848
766 926
768 956
769 774
769 795
769 881
770 795
770 921
770 971
770 982
771 776
771 840
772 807
772 897
773 863
774 804
775 869
775 883
775 958
776 976
776 992
777 874
777 946
778 951
778 985
779 786
779 932
781 863
781 867
782 789
782 795
782 956
783 784
783 951
783 988
784 898
785 849
786 840
787 853
787 955
788 809
788 936
789 872
790 850
790 960
793 825
793 827
793 837
794 902
796 800
797 892
798 824
799 978
802 846
804 825
806 852
807 935
807 988
808 826
809 889
810 859
810 955
811 829
811 865
811 903
813 940
814 844
814 853
815 837
815 842
815 995
816 868
816 998
817 911
818 853
818 889
819 884
819 892
819 900
820 873
821 963
822 865
822 866
822 907
822 980
823 831
824 866
824 993
825 844
826 877
826 925
826 940
827 845
827 909
827 924
827 974
828 965
828 975
828 993
828 996
831 937
832 935
832 961
833 924
833 933
834 924
834 995
835 987
837 922
837 965
838 958
838 970
839 912
839 990
840 849
840 991
841 948
842 864
842 935
844 924
844 957
845 916
846 875
848 862
849 863
849 940
852 936
854 855
854 898
854 951
854 992
855 901
859 903
859 937
859 947
859 963
860 959
861 964
863 994
864 910
864 915
865 904
866 982
868 913
869 888
873 931
874 932
876 931
877 922
877 954
877 970
880 994
881 983
882 905
882 983
884 885
886 960
887 888
888 989
889 989
890 908
891 986
892 920
893 948
893 970
895 995
898 966
899 905
899 984
901 937
901 970
904 906
906 911
906 951
909 963
911 969
912 958
913 964
916 969
920 927
920 979
923 959
923 972
930 931
930 983
930 999
935 955
936 946
937 961
938 963
939 976
940 972
940 990
945 954
960 970
963 974
967 975
973 994
973 996
974 980
975 982
982 996
