0
1000
4914
0
1
0
0 115
0 229
0 286
0 327
0 550
0 576
0 985
1 100
1 416
1 531
1 644
1 748
1 959
2 148
2 178
2 516
2 528
2 723
2 743
2 860
3 8
3 133
3 182
3 345
3 426
3 625
3 648
3 725
3 733
3 832
3 931
3 999
4 42
4 81
4 194
4 229
4 359
4 403
4 452
4 606
4 650
4 754
4 766
4 859
4 862
5 25
5 114
5 182
5 366
5 373
5 412
5 427
5 528
5 547
5 666
5 714
5 742
5 745
5 763
5 930
6 290
6 298
6 447
6 643
6 702
6 719
6 781
7 75
7 146
7 197
7 545
7 741
7 823
7 840
7 990
8 27
8 30
8 39
8 391
8 398
8 602
8 918
8 933
9 91
9 174
9 643
9 735
9 911
9 960
10 145
10 301
10 320
10 404
10 453
10 643
10 889
11 285
11 317
11 407
11 444
11 515
11 579
11 741
11 922
12 32
12 121
12 187
12 313
12 387
12 568
12 595
12 617
12 837
12 902
13 77
13 283
13 410
13 502
13 568
13 681
13 726
13 736
13 781
13 831
13 926
14 185
14 196
14 297
14 362
14 493
14 700
14 808
14 867
14 898
14 957
15 31
15 196
15 213
15 452
15 498
15 953
15 978
15 997
16 59
16 68
16 160
16 234
16 309
16 353
16 464
16 528
16 571
16 611
16 868
16 882
16 933
17 30
17 159
17 346
17 373
17 430
17 440
17 525
17 646
17 947
18 41
18 89
18 163
18 168
18 467
18 484
18 563
18 626
18 643
18 727
18 817
18 825
18 903
19 115
19 125
19 159
19 251
19 297
19 416
19 492
19 560
19 817
19 868
19 999
20 25
20 158
20 329
20 415
20 509
20 839
21 47
21 66
21 201
21 256
21 386
21 467
21 528
21 543
21 590
21 620
21 645
21 650
21 686
21 735
21 793
21 950
22 77
22 131
22 231
22 287
22 651
22 784
22 848
22 895
22 932
23 85
23 228
23 337
23 398
23 465
23 675
23 766
23 848
23 883
23 886
24 151
24 287
24 348
24 610
24 796
24 883
24 947
24 961
25 147
25 174
25 224
25 241
25 384
25 393
25 476
25 534
25 589
25 601
25 813
25 908
25 929
25 938
26 39
26 249
26 257
26 319
26 410
26 591
26 602
26 623
27 111
27 131
27 186
27 453
27 495
27 538
27 693
27 835
27 917
27 940
27 947
27 998
28 298
28 391
28 635
28 685
28 731
28 765
28 786
29 371
29 425
29 506
29 581
29 764
29 824
29 994
30 129
30 146
30 178
30 224
30 246
30 349
30 440
30 623
30 661
30 759
30 831
30 864
31 71
31 123
31 170
31 247
31 289
31 441
31 598
31 599
31 609
31 619
31 767
31 812
31 957
31 959
32 61
32 138
32 236
32 298
32 309
32 395
32 421
32 532
32 674
32 867
33 85
33 314
33 320
33 607
33 627
33 702
33 810
33 827
34 96
34 210
34 218
34 241
34 309
34 569
34 626
34 754
34 767
34 835
34 871
35 79
35 82
35 122
35 185
35 308
35 368
35 407
35 716
35 733
35 766
35 767
35 788
35 834
35 863
36 145
36 335
36 388
36 436
36 446
36 675
36 682
36 837
36 870
36 879
37 81
37 86
37 150
37 199
37 236
37 485
37 508
37 573
37 631
37 742
37 866
38 168
38 253
38 257
38 326
38 328
38 352
38 477
38 498
38 513
38 559
38 641
38 748
38 778
38 847
38 953
38 959
39 203
39 402
39 408
39 463
39 524
39 566
39 656
39 737
39 771
40 92
40 173
40 246
40 408
40 426
40 498
40 567
40 608
40 639
40 693
40 728
40 787
40 862
40 892
40 903
40 945
41 167
41 347
41 378
41 475
41 498
41 647
41 664
41 761
41 911
42 99
42 145
42 146
42 247
42 260
42 314
42 784
42 927
42 942
43 48
43 71
43 302
43 384
43 703
43 712
43 856
43 938
43 995
44 56
44 147
44 149
44 226
44 236
44 281
44 708
44 770
44 853
44 944
44 956
45 280
45 305
45 609
45 667
45 863
46 51
46 215
46 268
46 332
46 404
46 494
46 734
46 947
46 974
47 69
47 187
47 204
47 309
47 333
47 370
47 444
47 730
47 886
48 195
48 329
48 376
48 409
48 436
48 587
48 753
48 770
49 366
49 423
49 431
49 438
49 682
49 836
49 938
50 242
50 416
50 461
50 621
50 753
50 879
51 173
51 263
51 274
51 280
51 282
51 662
51 736
51 837
51 995
52 71
52 143
52 208
52 237
52 242
52 244
52 532
52 547
52 696
52 798
52 822
52 867
52 897
53 119
53 213
53 239
53 252
53 394
53 414
53 623
53 632
53 639
53 823
53 918
53 964
53 987
53 992
53 995
54 333
54 356
54 418
54 725
54 730
54 908
54 948
54 985
55 104
55 124
55 128
55 163
55 248
55 376
55 531
55 738
55 753
55 958
56 74
56 170
56 426
56 593
56 595
56 614
56 724
56 737
56 791
56 806
56 866
57 118
57 163
57 177
57 184
57 394
57 749
57 916
57 961
58 235
58 255
58 516
58 646
59 222
59 440
59 562
59 840
59 865
59 942
60 411
60 416
60 432
60 505
60 554
60 707
60 908
60 982
61 81
61 113
61 187
61 323
61 452
61 507
61 512
61 633
61 679
61 762
61 994
62 100
62 177
62 270
62 275
62 283
62 320
62 382
62 567
62 742
62 881
62 986
63 153
63 280
63 323
63 340
63 360
63 394
63 422
63 438
63 970
64 116
64 322
64 371
64 468
64 481
64 612
64 660
64 799
64 954
64 961
64 969
65 424
65 445
65 451
65 478
65 629
65 718
65 921
65 979
66 80
66 347
66 579
66 665
66 721
66 765
66 773
66 803
66 812
66 952
67 274
67 477
67 493
67 814
68 502
68 548
68 695
68 969
68 992
69 89
69 193
69 220
69 233
69 270
69 274
69 406
69 425
69 503
69 566
69 804
69 832
69 835
69 867
69 982
70 90
70 163
70 168
70 209
70 284
70 336
70 340
70 504
70 517
70 737
70 971
70 978
71 97
71 335
71 374
71 457
71 543
71 587
71 707
71 835
71 867
71 892
72 119
72 401
72 459
72 506
72 528
72 574
72 727
72 823
72 925
72 940
73 152
73 227
73 625
73 800
73 972
74 342
74 533
74 571
74 597
74 691
74 700
74 709
75 165
75 190
75 304
75 378
75 408
75 412
75 414
75 534
75 551
75 823
75 845
75 949
75 959
76 256
76 327
76 367
76 395
76 398
76 499
76 781
76 837
76 893
77 93
77 134
77 183
77 212
77 474
77 558
77 562
77 636
77 696
77 857
78 114
78 162
78 304
78 610
78 746
78 881
78 894
79 112
79 122
79 295
79 399
79 442
79 454
79 595
79 762
79 807
79 924
79 995
80 155
80 177
80 707
80 722
80 726
80 763
80 894
80 999
81 289
81 344
81 445
81 668
81 682
81 805
81 967
82 150
82 294
82 547
82 615
82 616
82 633
82 784
82 797
82 823
82 871
82 939
83 158
83 183
83 307
83 416
83 643
83 782
83 831
83 849
84 352
84 401
84 422
84 478
84 482
84 492
84 730
84 802
84 847
84 951
85 131
85 205
85 351
85 386
85 550
85 629
85 735
86 142
86 252
86 307
86 513
86 520
86 838
86 901
86 996
87 95
87 654
87 768
87 808
87 825
87 956
87 958
88 224
88 501
88 655
88 771
88 872
88 902
88 968
88 972
89 182
89 199
89 279
89 381
89 565
89 661
89 665
89 872
89 932
89 960
90 129
90 131
90 437
90 668
90 696
90 699
90 802
90 818
90 883
90 944
91 162
91 245
91 267
91 292
91 321
91 364
91 567
91 597
91 697
91 767
91 885
92 117
92 118
92 317
92 327
92 340
92 399
92 426
92 571
92 596
92 615
92 627
92 643
92 646
92 889
92 907
93 147
93 220
93 283
93 287
93 306
93 350
93 484
93 541
93 800
93 923
94 312
94 374
94 393
94 434
94 550
94 570
94 643
94 659
94 750
95 138
95 191
95 203
95 240
95 260
95 574
95 800
95 833
95 850
96 224
96 385
96 580
96 656
96 709
96 782
96 824
96 914
96 947
97 149
97 153
97 168
97 186
97 281
97 296
97 349
97 490
97 525
97 706
97 766
97 784
97 852
97 887
97 907
97 950
97 952
98 114
98 163
98 203
98 245
98 376
98 505
98 622
98 697
98 699
98 789
98 851
99 176
99 362
99 364
99 400
99 411
99 426
99 430
99 475
99 584
99 730
99 807
100 184
100 485
100 586
100 618
100 710
100 893
100 975
101 152
101 166
101 173
101 461
101 468
101 538
101 563
101 592
101 660
101 940
102 581
102 585
102 766
102 776
103 165
103 221
103 420
103 515
103 587
103 621
103 954
104 152
104 194
104 504
104 543
104 547
104 619
104 629
104 637
104 870
104 952
105 175
105 253
105 399
105 489
105 647
105 689
105 780
105 837
105 841
105 917
106 202
106 343
106 677
107 142
107 565
107 607
107 626
107 789
107 853
107 964
108 123
108 225
108 238
108 474
108 501
108 583
108 749
108 839
108 866
109 147
109 193
109 222
109 296
109 426
109 437
109 467
109 566
109 652
109 669
109 736
110 295
110 403
110 495
110 711
110 724
110 866
110 922
111 118
111 137
111 206
111 221
111 251
111 288
111 392
111 473
111 857
112 365
112 388
112 414
112 452
112 588
112 600
112 800
112 947
112 977
112 984
112 998
113 168
113 256
113 478
113 835
113 983
114 167
114 183
114 196
114 204
114 368
114 551
114 566
114 684
114 807
115 164
115 298
115 499
115 632
115 723
115 937
116 132
116 275
116 565
116 895
116 918
117 141
117 179
117 265
117 432
117 479
117 491
117 529
117 577
117 640
117 653
117 711
117 925
118 203
118 227
118 283
118 398
118 405
118 558
118 683
118 894
119 130
119 280
119 303
119 506
119 560
119 651
119 708
119 905
119 942
119 957
120 179
120 212
120 253
120 414
120 642
120 854
120 939
121 609
121 619
121 648
121 759
122 174
122 177
122 265
122 401
122 446
122 490
122 792
122 897
122 939
122 957
123 369
123 374
123 575
123 581
123 674
123 757
124 224
124 382
124 478
124 525
124 641
124 647
124 656
124 714
124 765
125 275
125 284
125 304
125 355
125 358
125 544
125 579
125 605
125 662
125 817
125 872
125 907
125 927
126 179
126 333
126 378
126 432
126 525
126 592
126 639
126 640
126 665
126 869
126 936
127 137
127 147
127 228
127 283
127 301
127 319
127 331
127 645
127 743
128 138
128 191
128 425
128 607
128 911
129 165
129 205
129 299
129 550
129 574
130 375
130 484
130 635
130 656
130 674
130 855
130 937
131 189
131 389
131 418
131 443
131 475
131 499
131 515
131 576
131 711
131 733
131 806
131 879
132 271
132 374
132 693
132 856
133 235
133 300
133 536
133 622
133 650
133 786
133 814
133 958
134 253
134 302
134 399
134 401
134 473
134 501
134 504
134 711
134 741
134 767
134 869
134 942
135 207
135 255
135 422
135 424
135 760
135 935
136 148
136 241
136 281
136 499
136 749
136 926
137 143
137 153
137 176
137 202
137 368
137 539
137 545
137 577
137 627
137 809
137 964
138 154
138 174
138 370
138 409
138 849
138 873
138 909
138 918
139 160
139 368
139 491
139 763
139 765
139 978
140 202
140 469
140 562
140 606
140 635
140 636
140 854
140 943
141 208
141 366
141 456
141 549
141 553
141 882
142 157
142 443
142 500
142 626
142 631
142 640
142 767
142 829
143 357
143 424
143 514
143 593
143 709
143 757
143 781
143 925
144 341
144 824
144 841
145 461
145 515
145 752
145 924
146 318
146 319
146 337
146 375
146 397
146 503
146 580
146 632
146 636
146 791
146 864
147 191
147 244
147 271
147 285
147 296
147 453
147 618
147 647
148 214
148 313
148 314
148 374
148 380
148 386
148 435
148 477
148 668
148 674
148 709
148 903
149 187
149 267
149 286
149 372
149 436
149 456
149 525
149 578
149 676
149 687
149 813
149 925
149 965
150 257
150 385
150 434
150 476
150 639
150 677
150 711
150 721
150 728
150 747
150 954
150 957
151 249
151 290
151 299
151 346
151 349
151 352
151 460
151 655
151 903
152 258
152 285
152 316
152 403
152 470
152 552
152 571
152 679
152 774
152 823
152 963
153 168
153 180
153 234
153 246
153 296
153 304
153 360
153 500
153 576
153 648
153 899
153 926
154 156
154 171
154 300
154 313
154 328
154 331
154 450
154 468
154 477
154 619
154 800
154 930
154 971
155 205
155 230
155 648
155 711
155 753
155 911
156 322
156 341
156 347
156 404
156 930
157 184
157 289
157 461
157 488
157 565
157 791
158 196
158 211
158 239
158 310
158 408
158 435
158 535
158 598
158 769
158 874
158 943
159 162
159 240
159 433
159 480
159 514
159 657
159 782
159 842
159 892
160 169
160 197
160 200
160 222
160 300
160 369
160 730
160 749
160 758
160 761
160 853
161 452
161 456
161 468
161 597
161 651
161 697
161 909
161 964
161 987
162 508
162 810
162 827
162 852
162 935
162 940
163 206
163 328
163 341
163 437
163 464
163 481
163 631
163 740
163 780
163 888
163 922
163 952
164 186
164 450
164 491
164 540
164 557
164 689
164 721
164 902
164 934
165 211
165 289
165 361
165 536
165 554
165 556
165 568
165 664
165 686
165 874
165 982
166 185
166 331
166 336
166 439
166 507
166 613
166 816
166 837
167 236
167 238
167 417
167 459
167 485
167 494
167 539
167 603
167 656
167 675
167 713
167 761
167 978
168 239
168 364
168 561
168 671
168 672
168 815
168 925
169 253
169 264
169 301
169 311
169 431
169 578
169 580
169 631
169 677
169 920
170 210
170 329
170 594
170 648
170 878
170 883
170 905
171 273
171 288
171 360
171 392
171 521
171 547
171 853
171 877
172 230
172 284
172 483
172 495
172 513
172 600
172 746
172 904
172 992
173 291
173 307
173 511
173 727
173 884
173 900
174 206
174 400
174 558
174 968
175 180
175 576
175 695
175 807
175 853
175 940
176 200
176 418
176 675
176 695
176 732
176 796
176 878
176 955
177 371
177 427
177 523
177 527
177 553
177 701
177 953
178 218
178 570
178 646
178 660
178 739
178 786
179 229
179 659
179 699
179 721
179 854
180 236
180 595
180 612
180 838
180 947
181 183
181 243
181 315
181 440
181 487
181 615
181 712
181 717
181 815
182 207
182 241
182 279
182 344
182 439
182 550
182 722
183 202
183 246
183 376
183 505
183 613
183 743
183 745
183 776
183 922
184 477
184 507
184 533
184 561
184 564
184 798
185 209
185 314
185 336
185 443
185 686
185 817
185 846
185 992
186 282
186 287
186 359
186 534
186 554
186 728
186 772
186 962
186 970
187 201
187 437
187 493
187 526
187 531
187 696
187 739
187 935
188 244
188 392
188 470
188 492
188 532
188 648
188 677
188 726
188 768
188 803
188 901
189 198
189 366
189 393
189 679
189 723
189 751
189 754
190 197
190 248
190 257
190 369
190 477
190 538
190 583
190 694
190 707
190 753
190 788
190 802
190 830
190 833
190 930
190 945
191 240
191 487
191 837
191 907
191 988
192 238
192 779
192 932
193 225
193 478
193 533
193 851
193 920
194 267
194 308
194 401
194 487
194 550
194 588
194 636
194 709
194 793
194 816
195 197
195 204
195 271
195 285
195 297
195 304
195 550
195 582
195 650
195 673
195 715
195 808
195 983
196 265
196 334
196 394
196 404
196 625
196 718
196 730
196 757
197 253
197 454
197 542
197 578
197 593
197 655
197 661
197 682
197 742
197 746
197 866
197 903
197 922
198 255
198 336
198 396
198 453
198 836
198 892
198 927
198 975
199 294
199 357
199 377
199 417
199 472
199 589
199 709
199 824
199 861
199 989
200 259
200 315
200 426
200 710
200 932
201 204
201 275
201 361
201 372
201 423
201 496
201 535
201 570
201 630
201 691
201 876
201 987
202 233
202 270
202 360
202 440
202 607
202 639
202 648
202 860
202 876
202 969
203 212
203 262
203 372
203 377
203 558
203 824
203 990
204 233
204 331
204 565
204 684
204 737
204 814
204 989
204 991
205 210
205 278
205 346
205 542
205 684
205 920
206 281
206 327
206 658
206 666
206 667
206 805
207 288
207 298
207 334
207 459
207 479
207 546
207 572
207 609
207 685
207 741
207 777
208 479
208 485
208 536
208 703
208 896
209 329
209 368
209 386
209 422
209 467
209 525
209 666
209 682
209 804
209 959
210 218
210 544
210 578
210 601
210 643
211 223
211 423
211 470
211 493
211 507
211 513
211 826
211 829
211 863
211 942
212 312
212 380
212 399
212 429
212 430
212 555
212 659
212 693
212 790
212 816
213 218
213 423
213 615
213 626
213 694
213 926
213 931
214 284
214 308
214 361
214 412
214 589
214 664
214 706
214 767
214 772
214 868
214 999
215 232
215 254
215 371
215 378
215 640
215 656
215 749
215 789
215 969
216 270
216 479
216 757
216 886
216 959
217 293
217 370
217 491
217 652
217 666
217 714
217 824
218 231
218 271
218 285
218 290
218 365
218 424
218 505
218 633
218 686
218 905
219 338
219 458
219 496
219 564
219 566
219 608
219 732
219 745
219 754
219 775
219 777
219 829
220 358
220 579
220 725
220 732
220 751
220 861
220 929
220 944
221 237
221 317
221 342
221 527
221 821
221 874
221 890
221 932
221 959
222 319
222 498
222 564
222 663
222 768
222 835
222 983
223 230
223 234
223 249
223 329
223 393
223 513
223 571
223 825
223 898
223 971
224 231
224 290
224 432
224 609
224 620
224 670
224 852
224 877
224 909
224 986
225 255
225 563
225 610
225 677
225 723
225 806
225 976
226 273
226 315
226 869
227 310
227 352
227 399
227 414
227 799
227 822
227 908
227 952
227 968
228 253
228 291
228 438
228 452
228 461
228 519
228 618
228 658
228 724
228 791
228 863
228 885
228 957
228 981
229 449
229 470
229 623
229 625
229 944
229 985
230 278
230 595
230 702
230 786
230 984
231 411
231 486
231 565
231 988
232 243
232 287
232 365
232 558
232 663
232 965
232 974
232 991
233 263
233 423
233 472
233 575
234 288
234 295
234 343
234 448
234 595
234 704
234 706
234 745
234 843
234 899
235 277
235 344
235 449
235 481
235 644
235 697
235 719
235 755
235 791
235 827
236 255
236 289
236 389
236 404
236 510
236 644
236 693
236 721
236 837
236 899
236 916
236 919
236 975
237 251
237 353
237 578
237 647
237 658
237 784
238 301
238 435
238 483
238 494
238 547
238 669
238 688
238 881
238 969
239 456
239 581
239 614
239 615
239 754
239 841
239 877
239 887
239 996
240 324
240 405
240 521
240 846
241 291
241 330
241 736
241 882
241 939
242 305
242 307
242 596
242 845
242 925
243 249
243 283
243 328
243 370
243 510
243 726
243 762
243 806
243 875
243 938
244 403
244 405
244 514
244 581
244 640
244 663
244 701
244 774
244 860
244 963
245 574
245 623
246 339
246 372
246 394
246 668
246 692
246 723
246 798
247 335
247 427
247 601
247 626
247 970
248 320
248 360
248 426
248 550
248 755
248 765
248 808
248 953
248 955
249 276
249 301
249 341
249 425
249 488
249 513
249 748
249 965
250 256
250 508
250 515
250 596
250 604
250 617
250 763
251 533
251 552
251 559
251 726
251 987
252 268
252 288
252 404
252 754
252 837
253 271
253 426
253 567
253 606
253 838
253 853
253 873
253 915
253 944
254 398
254 411
254 430
254 472
254 494
254 641
254 669
254 672
254 714
254 805
254 889
254 915
255 442
255 679
255 855
255 882
255 959
255 987
255 990
255 995
256 425
256 552
256 612
256 656
256 709
256 728
256 787
256 797
257 330
257 445
257 472
257 540
257 727
257 745
257 848
257 975
258 266
258 385
258 543
258 860
258 947
258 994
259 592
259 648
259 784
259 851
259 861
260 289
260 447
260 535
260 577
260 633
260 650
260 682
260 741
260 830
260 923
261 392
261 441
261 509
261 647
261 666
261 797
261 978
262 308
262 389
262 457
262 489
262 511
262 516
262 609
262 648
262 720
262 799
262 812
262 941
263 577
263 649
263 744
263 762
263 780
263 812
263 830
263 888
263 936
263 973
264 430
264 577
264 579
264 608
264 678
264 689
265 327
265 498
265 605
265 795
265 924
266 453
266 509
266 611
266 627
266 670
266 675
266 946
266 978
267 369
267 420
267 429
267 445
267 600
267 669
267 713
267 726
267 828
268 278
268 303
268 355
268 620
268 674
269 303
269 377
269 416
270 321
270 382
270 487
270 786
270 989
271 428
271 586
271 665
271 804
271 937
272 495
272 781
272 859
273 316
273 463
273 546
273 573
273 608
273 623
273 641
273 777
274 307
274 384
274 407
274 713
274 714
274 784
274 808
275 555
275 576
275 680
275 698
275 830
275 860
276 307
276 419
276 730
276 906
277 422
277 466
277 492
277 665
277 711
277 745
277 797
277 905
277 983
278 330
278 385
278 470
278 617
278 659
278 702
278 811
278 879
278 886
278 894
278 928
279 464
279 543
279 703
279 759
279 841
280 368
280 493
280 637
280 732
280 945
281 283
281 346
281 358
281 367
281 458
281 513
281 606
281 608
281 632
281 702
281 905
281 968
282 297
282 298
282 336
282 720
282 836
282 847
282 891
282 893
282 932
282 960
282 963
283 353
283 421
283 561
283 660
283 852
283 865
283 866
283 931
283 939
283 955
284 299
284 373
284 380
284 510
284 634
284 745
284 907
284 939
285 355
285 453
285 509
285 557
285 764
285 845
285 854
285 868
285 951
286 546
286 566
286 579
286 607
286 610
286 774
286 780
286 793
286 813
286 844
287 438
287 539
287 543
287 599
287 658
287 679
287 771
287 855
288 395
288 405
288 460
288 521
288 589
288 744
288 804
289 329
289 365
289 454
289 456
289 530
289 539
289 548
289 783
289 811
289 860
289 982
290 294
290 320
290 336
290 354
290 408
290 442
290 609
290 680
290 878
290 905
290 975
291 307
291 420
291 457
291 473
291 496
291 499
291 578
291 583
291 642
291 902
291 920
291 926
292 406
292 501
292 542
292 582
292 626
292 703
292 814
292 942
293 340
293 447
293 542
293 547
293 585
293 689
293 690
293 840
293 952
294 445
294 470
294 592
294 600
294 622
294 640
294 729
295 634
295 839
296 595
296 606
296 715
297 405
297 773
297 882
297 906
298 406
298 435
298 489
298 501
298 622
298 774
298 900
299 300
299 433
299 576
299 606
299 626
299 688
299 775
299 837
299 880
299 924
299 957
299 960
300 366
300 434
300 497
300 512
300 571
300 572
300 628
300 654
300 799
300 877
301 414
301 520
301 594
301 760
302 320
302 485
302 634
302 773
302 839
302 964
302 974
303 677
303 837
304 588
304 590
304 676
304 701
304 853
304 880
304 953
305 340
305 352
305 358
305 378
305 861
306 499
306 565
306 902
307 400
307 473
308 507
308 609
308 702
308 963
309 355
309 369
309 463
309 793
309 795
309 897
310 534
310 639
310 850
310 900
311 337
311 436
311 562
311 643
311 687
311 723
312 321
312 433
312 621
312 852
312 965
313 424
313 427
313 575
313 596
313 638
313 866
313 911
314 327
314 339
314 439
314 604
314 692
315 436
315 453
315 669
315 827
315 877
316 408
316 480
316 522
316 712
316 737
316 776
316 851
316 876
316 940
317 334
317 513
317 573
317 663
317 740
317 762
317 775
317 875
318 392
318 528
318 607
318 714
318 762
318 888
319 347
319 523
319 592
319 657
319 778
319 912
320 531
320 569
320 801
320 840
320 921
320 983
321 323
321 393
321 555
321 584
321 604
321 650
321 865
321 934
321 951
322 325
322 398
322 800
322 829
322 852
322 955
322 984
323 524
323 559
323 687
323 701
323 730
323 800
323 903
324 373
324 380
324 587
324 608
324 624
324 792
324 943
324 964
325 427
325 433
325 470
325 562
325 563
326 359
326 390
326 457
326 723
326 786
326 829
326 926
327 412
327 453
327 530
327 538
327 726
327 740
328 420
328 729
328 757
328 760
328 957
329 337
329 352
329 509
329 528
329 571
329 588
329 696
329 697
329 717
329 802
329 892
330 343
330 690
330 704
331 344
331 418
331 477
331 533
331 581
331 701
331 861
331 885
332 350
332 629
332 684
332 710
332 821
332 833
332 949
332 976
333 493
333 505
333 564
334 450
334 530
334 544
334 552
334 557
334 637
335 633
335 720
335 744
335 755
335 819
335 866
335 950
336 438
336 532
336 585
336 614
336 682
336 986
337 356
337 357
337 419
337 668
337 717
337 776
337 791
337 810
337 851
338 367
338 383
338 622
338 658
338 741
338 838
338 853
339 368
339 460
339 479
339 484
339 486
339 508
339 601
339 638
339 957
340 817
340 823
340 898
340 990
340 991
341 350
341 432
341 586
341 623
341 671
341 675
341 868
341 921
342 575
342 648
342 833
342 936
342 972
343 424
343 430
343 467
343 581
343 614
343 715
343 801
343 872
344 346
344 424
344 475
344 481
344 514
344 606
344 610
344 625
344 659
344 674
345 470
345 544
345 579
345 583
345 677
345 740
345 802
345 837
345 881
345 943
345 947
346 400
346 485
346 518
346 615
346 771
346 798
346 918
347 548
347 737
347 934
347 940
348 527
348 634
348 944
348 978
349 833
349 887
349 945
350 659
350 720
350 839
350 918
351 362
351 793
352 486
352 504
352 622
352 624
352 837
352 864
353 493
353 495
353 544
353 612
353 626
353 633
354 511
354 610
354 618
354 958
355 372
355 483
355 513
355 572
355 675
355 807
355 844
355 873
355 892
355 944
356 466
356 557
356 601
356 728
356 752
356 877
356 967
356 968
357 655
357 706
357 750
357 872
357 902
357 928
358 695
358 831
358 897
358 908
358 971
359 372
359 519
359 554
359 662
359 668
359 678
359 801
359 943
360 537
360 562
360 564
360 622
360 634
360 860
360 905
361 451
361 558
361 635
361 712
361 893
361 969
362 613
362 811
362 851
362 892
362 915
363 368
363 632
364 412
364 418
364 489
364 610
364 659
364 788
364 846
364 876
364 901
364 924
364 958
365 503
365 714
365 800
365 915
365 952
366 448
366 453
366 521
366 682
366 730
366 771
366 815
366 831
366 902
366 991
367 444
367 572
367 809
367 884
367 887
367 954
367 961
368 469
368 522
368 552
368 607
368 703
368 737
368 959
369 554
369 629
369 648
369 656
369 733
369 796
369 837
369 902
369 994
369 998
370 417
370 459
370 509
370 550
370 582
370 735
370 783
370 911
370 930
370 948
371 619
371 767
371 811
371 895
372 473
372 497
372 511
372 578
372 618
372 702
372 885
372 948
373 426
373 563
373 604
373 657
373 747
373 751
374 765
374 781
374 972
374 983
375 389
375 518
375 625
375 675
375 715
375 720
375 768
375 773
375 860
375 950
375 965
376 399
376 411
376 417
376 447
376 766
376 801
376 881
376 953
376 981
377 561
377 756
377 780
377 831
377 845
377 878
378 386
378 406
378 497
378 568
378 667
378 803
378 809
378 892
378 941
379 468
379 635
379 694
379 695
379 708
379 732
379 747
379 862
379 992
380 428
380 456
380 789
380 824
380 878
380 926
381 614
381 627
381 744
381 855
381 938
381 940
382 446
382 447
382 795
383 410
383 559
383 560
383 635
383 951
383 973
384 397
384 415
384 464
384 577
384 944
385 527
385 531
385 535
385 614
385 739
385 936
385 996
385 998
386 395
386 546
386 602
386 635
386 657
386 665
386 731
386 956
386 970
387 405
387 525
387 531
387 731
387 799
388 498
388 516
388 581
388 692
388 703
388 777
388 961
389 418
389 507
389 686
389 766
389 876
389 899
389 926
389 943
390 491
390 545
390 567
390 571
390 664
390 705
390 767
390 993
391 462
391 657
391 784
391 823
392 532
392 694
392 711
392 865
393 413
393 461
393 489
393 492
393 507
393 566
393 576
393 577
394 427
394 494
394 754
394 799
394 815
394 837
394 928
394 930
395 673
396 657
396 868
397 479
397 598
397 604
397 728
397 855
397 920
397 937
397 945
398 520
398 580
398 610
398 682
398 762
398 777
398 806
398 978
399 573
399 628
399 659
399 714
399 778
399 805
399 903
400 411
400 527
400 532
400 637
400 689
400 799
400 845
401 493
401 591
401 629
401 733
401 780
401 873
401 888
401 982
401 995
402 450
402 644
403 599
403 881
403 927
404 520
404 826
405 438
405 602
405 627
405 639
405 778
405 787
405 805
405 919
405 947
406 440
406 494
406 682
406 821
406 888
406 912
406 932
406 986
407 516
407 823
407 867
407 912
407 948
408 423
408 831
408 990
409 562
409 631
409 653
409 744
409 760
409 785
409 796
409 835
409 914
410 483
410 516
410 525
410 644
410 673
410 705
410 776
410 808
411 656
411 983
411 990
412 431
412 434
412 458
412 482
412 558
412 733
412 746
412 799
412 849
412 905
412 950
412 951
412 957
413 551
413 690
413 705
413 843
413 859
413 988
414 769
414 814
414 885
414 930
414 948
414 966
415 441
415 484
415 630
415 665
415 676
415 867
415 951
415 999
416 560
416 687
416 725
416 735
416 886
417 517
417 603
417 625
417 670
417 757
417 787
417 864
417 873
417 915
417 930
417 933
418 489
418 546
418 587
418 593
418 647
418 650
418 865
418 911
419 462
419 948
420 628
420 743
420 797
420 891
420 976
421 506
421 563
421 580
421 656
421 681
421 765
421 866
421 972
422 450
422 529
422 583
422 677
422 785
422 790
422 835
422 879
422 886
423 492
423 614
423 702
423 857
423 923
424 454
424 495
424 502
424 622
424 688
424 728
424 867
425 436
425 557
425 647
425 706
425 994
426 439
426 657
426 880
427 473
427 546
427 577
427 624
427 770
427 778
427 794
428 678
428 679
428 849
428 906
428 930
428 958
428 961
428 964
428 990
429 464
429 467
429 478
429 634
429 945
430 568
430 707
430 736
430 748
431 465
431 489
431 601
431 680
431 779
431 849
431 876
431 885
432 444
432 474
432 637
432 667
432 786
432 793
432 828
433 467
433 611
433 700
433 941
434 462
434 479
434 693
434 725
434 782
434 809
434 831
434 978
435 582
435 607
435 872
435 897
435 938
436 716
436 889
437 573
437 596
438 564
438 830
438 895
439 509
439 778
439 821
439 828
439 918
440 488
440 679
440 684
441 567
441 658
441 666
441 822
441 878
441 952
442 561
442 585
442 645
442 700
442 739
442 768
442 915
443 554
443 786
443 939
443 999
444 458
444 516
444 822
444 833
444 866
445 520
445 526
445 594
445 650
445 652
445 656
445 729
445 804
445 862
446 602
446 705
446 753
446 830
446 831
446 868
447 496
447 724
447 881
447 883
448 745
448 967
448 994
449 707
449 841
449 847
450 700
450 828
450 941
451 476
451 498
451 524
452 514
452 570
452 702
452 713
452 717
452 791
452 808
452 889
453 549
453 584
453 698
453 709
453 847
453 937
454 718
454 798
454 976
455 527
455 613
455 625
455 749
455 831
456 790
456 794
456 831
456 868
457 486
457 574
457 771
457 871
457 917
457 954
457 973
457 975
457 985
458 488
458 544
458 627
458 954
458 997
459 546
459 824
459 875
459 934
460 560
460 607
460 750
461 739
462 804
462 830
462 927
463 590
463 613
463 657
463 690
463 751
463 833
463 844
464 514
464 581
464 596
464 895
465 497
465 512
465 522
465 594
465 688
466 497
466 741
466 867
466 957
466 989
467 527
467 555
467 558
467 919
468 616
468 682
468 759
468 872
468 962
469 612
469 613
469 945
470 632
470 647
470 872
470 960
470 994
471 492
471 633
471 653
471 691
471 764
471 826
472 516
472 587
472 594
472 729
472 737
472 845
473 976
473 984
474 823
474 828
474 848
474 910
474 977
474 999
475 561
475 588
475 643
475 659
475 664
475 917
475 945
475 948
476 604
476 817
476 854
476 998
477 485
477 637
477 701
477 880
477 961
478 535
478 678
478 710
478 818
479 592
479 600
479 710
479 847
479 901
479 957
480 493
480 678
480 708
480 721
480 733
480 768
481 576
481 662
481 719
481 753
481 806
481 825
481 894
481 962
482 491
482 642
482 663
482 689
482 722
482 999
483 560
483 742
483 847
483 947
483 948
484 528
484 544
484 554
484 624
484 632
484 915
484 991
485 626
485 830
485 916
485 978
486 530
486 680
486 816
486 827
487 525
487 650
487 706
487 952
488 627
488 634
488 638
488 677
488 684
488 786
489 517
489 576
489 709
489 861
489 926
490 524
490 643
490 652
490 678
490 689
490 870
490 888
490 931
490 955
491 703
491 796
491 841
491 940
492 629
492 690
493 575
493 793
494 653
494 670
494 706
494 770
494 845
494 892
494 973
495 643
495 803
495 845
496 546
496 591
496 615
496 740
496 795
496 882
496 883
496 886
496 910
496 919
497 627
497 968
498 576
498 619
498 719
498 961
498 997
499 529
499 615
499 643
499 646
499 659
499 687
499 690
499 770
499 810
499 879
500 560
500 689
500 971
501 581
501 731
501 890
502 691
502 725
502 861
502 867
502 916
502 959
503 594
503 647
503 654
503 868
503 915
503 916
504 652
504 772
504 780
504 813
504 867
505 526
505 600
505 602
505 676
505 763
505 916
505 958
506 917
507 573
507 592
507 667
507 682
508 638
508 728
509 519
509 671
509 888
509 908
510 565
510 576
510 719
510 780
510 783
510 919
511 822
511 848
511 943
512 597
512 660
512 670
512 752
512 851
513 635
513 651
513 702
513 837
513 885
513 891
514 569
514 842
515 602
515 647
515 714
515 765
515 875
515 928
515 938
516 604
516 765
516 842
516 918
516 957
517 550
517 700
517 876
517 921
518 557
518 571
518 756
518 940
518 941
518 998
519 693
519 859
519 876
519 925
520 967
521 527
521 606
522 535
522 634
522 722
522 851
522 949
523 560
523 665
523 747
523 914
523 946
524 937
525 629
525 724
525 846
525 900
525 965
525 992
526 586
526 830
526 845
526 875
527 531
527 660
527 661
527 757
527 774
527 865
527 902
528 694
528 722
528 846
528 959
529 594
529 893
530 585
531 542
531 684
531 758
531 876
531 887
532 685
532 697
532 796
532 817
532 846
532 862
533 566
533 599
533 783
533 896
534 547
534 548
534 568
534 585
534 712
534 756
534 810
535 720
535 863
535 941
535 989
536 593
536 644
536 709
536 782
536 922
537 642
537 835
538 556
538 574
538 648
538 751
538 756
538 839
539 610
539 625
539 787
539 990
540 547
540 843
541 545
541 555
541 756
541 782
541 969
542 677
542 869
542 943
543 618
543 715
543 739
543 771
543 775
543 789
543 974
544 586
544 834
544 881
544 950
544 999
545 598
545 646
545 650
545 695
545 704
545 722
545 724
545 734
545 910
545 969
545 971
546 593
546 627
546 901
546 931
546 982
547 616
547 662
547 810
548 653
548 798
548 864
548 871
548 954
548 993
549 606
549 633
549 747
549 814
550 642
550 700
550 798
550 929
551 652
551 807
551 812
551 914
552 656
552 915
552 970
553 578
553 683
553 794
553 800
553 937
554 633
554 677
554 714
554 852
554 915
555 582
555 936
556 801
556 901
557 558
557 700
557 893
558 636
559 591
559 615
559 790
559 996
560 611
560 913
560 947
561 614
561 901
562 569
562 584
562 622
562 653
562 742
562 806
562 875
562 884
562 966
563 634
563 949
564 677
564 705
564 708
564 760
564 775
564 778
564 969
565 807
565 844
566 569
566 583
566 698
566 702
566 762
566 921
566 939
567 607
567 624
567 688
567 720
568 576
568 608
568 748
568 894
568 898
568 961
569 705
569 754
569 841
569 900
569 918
569 942
569 966
570 910
570 980
571 612
571 843
571 988
572 969
572 980
573 598
573 755
573 924
573 952
573 955
573 994
574 576
574 931
575 635
575 701
575 713
575 795
575 844
575 867
575 868
576 749
576 881
576 914
577 681
577 687
577 813
577 981
578 880
578 913
578 937
580 594
580 668
581 955
582 633
582 662
582 821
582 986
583 926
583 950
583 956
584 674
584 758
584 890
584 920
584 938
585 840
585 859
585 901
586 587
586 602
586 772
587 653
587 905
587 929
587 967
588 708
588 726
588 835
588 856
589 623
589 691
589 809
589 898
589 965
589 997
590 700
590 949
590 967
590 984
591 631
591 733
591 785
591 828
591 994
592 764
592 793
592 973
593 646
593 757
593 930
594 943
594 983
595 691
595 701
595 926
595 966
596 680
596 749
596 912
597 610
597 823
598 602
598 735
598 785
598 910
598 922
598 928
598 951
599 682
599 859
599 937
599 989
600 641
600 719
600 727
601 614
601 688
601 755
602 611
602 732
602 812
602 825
602 952
603 622
603 637
603 777
603 925
604 752
604 857
604 927
604 943
604 965
605 620
605 716
605 760
605 821
606 755
606 836
606 846
606 892
606 913
606 984
606 993
607 722
607 852
607 919
608 642
608 671
608 747
608 803
608 899
608 934
609 629
609 700
609 710
609 854
609 873
609 965
610 697
610 802
610 811
610 966
611 826
611 940
612 814
613 626
613 710
613 721
614 646
614 723
614 806
614 926
615 865
615 928
615 970
615 971
616 630
616 698
616 725
616 894
617 688
618 624
618 658
618 873
618 925
619 653
619 784
619 787
619 828
620 762
620 932
620 979
620 980
621 660
621 720
621 863
621 867
622 667
622 854
622 990
623 748
624 627
624 648
624 910
624 981
624 990
625 906
626 842
626 891
627 678
627 757
628 685
628 968
629 653
629 680
629 915
630 647
630 815
630 852
630 873
630 910
631 780
631 876
632 822
632 840
632 958
633 669
633 859
633 976
634 664
634 701
634 712
634 753
634 829
634 835
635 800
636 781
636 825
636 863
637 670
637 745
637 781
637 828
637 847
637 869
637 901
637 912
638 864
638 912
639 713
640 798
640 910
641 786
641 941
641 986
642 710
642 815
642 931
643 693
643 754
643 828
643 916
643 955
643 969
644 800
644 815
644 831
644 863
644 935
645 656
645 717
645 754
645 823
646 690
646 700
646 826
646 828
646 862
646 919
646 995
647 684
647 691
647 864
648 653
648 657
648 670
648 675
648 684
648 778
648 930
648 981
649 721
649 779
649 980
650 700
650 769
650 790
650 841
652 685
652 693
652 800
652 825
652 873
652 885
653 764
653 838
653 849
653 898
653 953
654 693
654 718
654 953
655 697
655 755
655 879
655 938
655 994
656 714
656 917
657 765
657 831
657 839
658 961
659 841
659 875
659 998
660 713
660 828
660 962
661 701
661 811
661 902
661 957
662 703
662 708
662 718
662 720
662 735
662 797
663 672
664 699
664 763
664 804
665 863
666 697
666 779
666 832
667 912
667 970
667 974
668 813
668 856
668 978
668 994
669 737
670 696
670 732
670 768
670 814
670 978
671 879
672 808
673 731
673 768
673 903
674 692
674 713
674 838
675 714
675 780
675 938
675 982
676 768
677 700
677 821
677 856
678 683
678 780
678 806
678 822
678 848
678 886
679 746
679 765
679 905
680 724
680 838
680 859
680 876
681 900
681 922
682 691
682 949
683 791
683 847
683 901
683 968
684 715
684 891
684 947
685 740
685 904
685 912
686 817
686 852
687 798
687 836
687 874
687 877
687 903
688 694
688 768
688 807
688 858
689 952
690 818
691 776
691 834
691 840
691 859
692 718
692 849
692 851
692 963
692 975
692 977
693 784
693 801
693 837
693 838
693 909
693 976
694 737
694 775
694 825
694 850
696 719
696 849
696 966
697 744
697 860
698 777
698 860
698 873
698 923
698 932
698 984
699 729
699 800
699 879
699 915
699 933
700 805
700 854
700 855
700 973
701 703
701 759
701 854
701 897
702 717
702 838
702 841
703 799
703 859
703 899
704 708
704 794
704 853
704 989
705 921
705 941
706 712
706 779
706 783
706 877
706 971
707 730
707 737
707 793
707 961
708 784
709 726
709 796
709 826
709 858
709 913
709 921
710 959
711 855
713 815
714 787
715 798
716 861
716 921
717 730
717 844
718 761
718 791
718 893
718 930
718 977
720 728
720 763
720 771
720 814
720 962
720 975
721 765
721 787
721 839
721 875
721 924
722 883
722 895
722 930
722 954
723 726
723 941
724 777
724 847
724 854
724 944
724 978
725 749
726 744
726 774
726 923
727 806
727 811
727 983
728 872
728 879
728 903
728 964
729 957
729 977
730 789
730 813
730 831
730 868
730 898
731 896
731 951
732 787
732 806
732 818
732 899
732 968
732 994
733 934
733 958
734 957
735 798
735 922
736 747
736 929
737 768
738 814
738 838
740 830
740 873
740 933
740 963
740 999
741 824
741 838
741 851
742 774
742 881
743 915
743 986
744 752
744 827
744 990
746 776
747 840
747 952
748 862
748 933
748 954
749 834
749 933
749 943
750 915
750 925
751 847
751 936
751 960
752 795
753 804
753 877
753 882
753 888
754 758
755 782
755 822
755 858
755 867
755 878
755 914
755 936
755 990
756 772
756 826
756 934
756 969
757 795
757 894
757 945
757 981
758 784
759 892
759 967
760 862
760 876
761 819
761 844
761 987
762 906
763 963
765 776
765 880
765 933
765 937
766 858
766 958
768 776
768 911
768 938
768 967
769 963
770 934
770 983
771 788
771 881
771 939
772 801
772 983
774 880
775 851
777 925
777 977
778 857
778 894
778 980
780 800
780 811
780 910
780 947
782 807
782 911
783 806
783 886
783 892
783 923
784 997
785 846
785 943
785 985
786 860
786 912
786 940
786 943
786 973
786 991
787 907
787 996
788 826
788 909
788 972
789 842
789 878
789 909
789 946
790 895
790 903
790 917
792 839
792 946
793 981
793 985
794 833
794 981
794 986
796 878
797 974
798 825
798 847
801 923
802 900
803 820
805 816
805 895
805 991
806 816
806 924
806 928
807 885
807 922
807 927
807 982
808 943
809 818
809 851
809 962
810 871
810 876
810 983
811 890
811 976
811 993
812 853
812 934
812 944
812 975
813 923
813 961
814 830
814 930
815 826
815 869
815 910
815 958
817 901
817 982
818 963
818 965
821 967
822 892
822 919
823 947
823 952
824 881
824 943
824 982
825 846
825 856
826 849
826 922
827 998
828 961
828 962
829 839
829 849
829 887
829 991
831 857
831 871
831 951
831 971
833 930
833 994
834 840
835 865
835 886
835 975
836 873
837 876
838 955
839 887
839 915
841 964
843 961
844 930
844 935
845 967
847 957
848 932
848 954
848 959
848 989
849 983
850 912
850 957
851 901
851 903
851 945
851 947
852 883
852 890
852 927
853 977
854 877
855 868
855 872
858 863
858 986
859 868
859 891
859 950
861 993
863 978
864 887
864 981
864 992
865 924
869 878
869 886
869 983
870 991
872 964
874 937
875 918
876 904
876 940
877 971
877 982
880 882
880 938
881 914
881 943
881 977
882 960
883 911
883 925
884 885
886 934
888 913
888 940
888 946
889 900
889 901
890 978
892 942
893 918
895 997
896 901
897 905
897 960
898 913
899 905
899 919
900 944
900 989
901 955
902 997
902 998
906 914
908 930
909 945
910 981
911 944
911 964
912 950
913 989
916 941
916 974
918 959
920 969
923 993
924 938
924 953
925 964
927 975
931 977
932 988
933 938
936 946
936 992
938 983
943 947
946 999
947 948
947 964
947 987
950 958
952 956
953 980
954 971
958 962
958 996
960 992
961 986
964 979
967 988
971 982
973 999
975 993
976 986
978 986
