0
1000
5012
0
1
0
0 103
0 135
0 208
0 238
0 288
0 338
0 381
0 449
0 494
0 811
0 957
1 20
1 44
1 151
1 318
1 460
1 541
1 570
1 839
1 983
2 329
2 342
2 538
3 82
3 108
3 231
3 260
3 351
3 509
3 516
3 535
3 710
3 730
3 759
4 66
4 94
4 97
4 98
4 109
4 150
4 187
4 212
4 256
4 320
4 419
4 485
4 612
4 628
4 633
4 749
5 48
5 104
5 519
5 557
5 716
5 984
6 44
6 91
6 216
6 233
6 638
6 728
6 739
6 813
6 846
6 854
6 938
7 62
7 90
7 231
7 238
7 239
7 245
7 326
7 716
7 834
7 930
7 974
7 988
8 107
8 108
8 142
8 197
8 329
8 398
8 604
9 120
9 211
9 215
9 273
9 282
9 597
9 646
9 696
9 732
9 745
9 768
9 862
9 907
10 30
10 63
10 164
10 358
10 405
10 625
10 840
11 104
11 550
11 601
11 647
11 687
11 773
11 894
12 48
12 72
12 201
12 376
12 404
12 432
12 435
12 501
12 578
12 847
12 959
13 262
13 446
13 564
13 573
13 743
13 805
13 882
13 903
13 912
13 915
14 51
14 172
14 238
14 310
14 357
14 471
14 571
14 579
14 696
14 748
14 954
15 107
15 121
15 182
15 285
16 138
16 249
16 515
16 591
16 709
16 941
17 258
17 294
17 449
17 472
17 540
17 756
17 851
17 904
17 964
18 174
18 279
18 339
18 343
18 554
18 674
18 978
19 89
19 168
19 203
19 267
19 429
19 435
19 463
19 466
19 614
19 662
19 903
19 922
20 23
20 194
20 336
20 378
20 741
20 774
20 855
20 920
20 937
20 990
21 229
21 319
21 423
21 455
21 669
21 904
21 937
22 388
22 434
22 466
22 502
22 610
22 737
22 747
22 839
22 878
23 32
23 144
23 191
23 498
23 513
23 577
23 642
23 644
23 677
23 709
23 865
23 889
24 132
24 453
24 457
24 494
24 636
24 672
24 899
24 918
25 44
25 81
25 237
25 408
25 856
25 915
25 984
26 210
26 362
26 420
26 488
26 531
26 707
26 760
26 894
27 158
27 363
27 423
27 663
27 911
27 930
28 104
28 281
28 506
28 604
28 636
28 644
28 654
28 696
29 307
29 349
29 376
29 400
29 427
29 446
29 475
29 662
29 673
29 925
29 955
30 125
30 198
30 223
30 291
30 309
30 404
30 411
30 450
30 581
30 646
30 695
30 735
30 892
30 925
30 935
31 175
31 262
31 391
31 476
31 584
31 792
31 845
32 36
32 154
32 170
32 272
32 516
32 602
32 710
32 803
33 75
33 98
33 124
33 138
33 217
33 345
33 515
33 533
33 599
33 721
33 939
34 255
34 300
34 419
34 471
34 569
34 668
34 676
34 728
34 796
34 808
35 167
35 390
35 599
35 618
35 718
35 724
35 845
36 372
36 401
36 428
36 461
36 476
36 531
36 561
36 618
36 623
37 42
37 349
37 356
37 414
37 607
37 712
37 741
38 82
38 259
38 330
38 351
38 447
38 499
38 582
38 620
38 667
38 740
38 792
38 803
38 968
39 58
39 191
39 378
39 565
39 640
39 651
39 655
39 765
39 969
40 281
40 515
40 564
40 575
40 741
40 848
40 885
41 59
41 200
41 346
41 364
41 394
41 476
41 576
41 597
41 600
41 752
41 783
41 800
41 950
42 319
42 573
42 637
42 663
42 841
42 879
42 885
43 252
43 314
43 349
43 371
43 399
43 402
43 460
43 634
44 500
44 567
44 658
44 678
44 757
44 769
44 812
44 844
45 100
45 170
45 196
45 230
45 394
45 476
45 534
45 583
45 618
45 640
45 789
45 794
46 88
46 110
46 142
46 314
46 341
46 523
46 657
46 819
46 885
46 895
47 86
47 105
47 118
47 143
47 446
47 505
47 941
47 943
47 954
47 986
48 65
48 83
48 129
48 158
48 219
48 293
48 381
48 535
48 760
48 846
48 851
48 981
49 131
49 156
49 186
49 217
49 251
49 296
49 302
49 343
49 364
49 768
49 875
49 954
50 70
50 624
50 683
50 691
50 746
50 829
50 886
50 960
51 107
51 133
51 394
51 627
51 718
51 745
51 811
51 864
51 877
51 977
52 88
52 203
52 245
52 333
52 411
52 485
52 595
52 674
52 716
52 772
52 883
52 984
52 990
53 152
53 414
53 481
53 571
53 584
53 670
53 695
54 112
54 181
54 308
54 399
54 433
54 576
54 812
54 871
54 900
55 164
55 290
55 386
55 404
55 409
55 420
55 476
55 499
55 730
55 763
55 994
56 127
56 311
56 334
56 364
57 232
57 330
57 475
57 527
57 636
57 753
57 807
57 812
58 71
58 436
58 511
58 787
59 112
59 152
59 237
59 255
59 354
59 426
59 476
59 534
59 603
59 646
59 860
59 984
60 366
60 439
60 664
61 142
61 301
61 339
61 346
61 470
61 484
61 715
61 974
62 137
62 215
62 257
62 510
62 527
62 564
62 719
62 742
63 72
63 103
63 186
63 405
63 418
63 489
63 569
63 591
63 610
63 729
63 958
64 68
64 292
64 323
64 327
64 544
64 753
64 864
64 924
65 113
65 306
65 549
65 855
66 207
66 262
66 273
66 275
66 283
66 814
67 129
67 286
67 329
67 399
67 518
67 643
67 858
67 932
67 962
67 989
68 583
68 703
69 88
69 215
69 240
69 284
69 292
69 641
69 757
69 799
70 109
70 115
70 154
70 177
70 228
70 245
70 248
70 250
70 296
70 329
70 559
70 564
70 611
70 757
70 829
70 833
70 943
70 960
70 990
71 86
71 265
71 497
71 534
71 541
71 598
71 645
71 783
71 812
71 976
72 163
72 176
72 449
72 505
72 719
72 907
72 948
72 973
73 265
73 320
73 456
73 469
73 702
73 723
73 759
73 801
73 822
73 872
73 959
74 149
74 211
74 251
74 259
74 425
74 519
74 622
74 922
75 189
75 202
75 204
75 236
75 430
75 472
75 606
75 712
75 791
75 911
76 301
76 339
76 538
76 539
76 564
76 925
77 93
77 166
77 262
77 343
77 389
77 668
77 746
77 748
77 830
77 876
78 106
78 201
78 536
78 562
78 574
78 609
78 955
78 964
79 209
79 264
79 455
79 599
79 856
79 938
80 238
80 376
80 811
80 885
81 86
81 91
81 213
81 223
81 263
81 428
81 801
81 832
82 192
82 235
82 339
82 532
82 764
82 767
82 827
82 859
82 894
82 903
82 917
83 131
83 153
83 200
83 224
83 317
83 424
83 830
83 874
84 183
84 205
84 306
84 373
84 516
84 550
84 569
84 697
84 750
84 784
84 878
84 879
84 998
85 233
85 349
85 405
85 490
85 997
86 169
86 310
86 345
86 348
86 432
86 455
86 598
86 777
86 798
87 114
87 365
87 420
87 481
87 627
87 935
88 425
88 462
88 596
88 809
88 851
89 270
89 277
89 399
89 589
89 647
89 648
89 720
89 746
89 825
89 916
89 962
90 108
90 371
90 426
90 472
90 555
90 631
90 770
90 776
90 959
90 997
91 204
91 520
91 724
91 801
91 858
91 895
91 897
91 911
92 196
92 238
92 316
92 360
92 431
92 498
92 555
92 717
92 754
92 908
92 984
93 106
93 109
93 140
93 195
93 212
93 286
93 323
93 505
93 523
93 605
93 785
93 994
94 198
94 342
94 400
94 530
94 582
94 600
94 819
94 927
95 257
95 342
95 498
95 512
95 524
95 595
95 640
95 776
95 798
95 838
96 199
96 264
96 351
96 431
96 498
96 913
97 106
97 176
97 591
97 704
97 985
98 270
98 390
98 497
98 527
98 692
98 836
99 183
99 236
99 324
99 346
99 482
99 639
99 699
99 703
99 875
100 211
100 243
100 261
100 293
100 376
100 506
100 574
100 635
100 728
100 929
100 953
101 143
101 161
101 398
101 416
101 524
101 542
101 552
101 555
101 708
101 771
101 810
101 956
102 166
102 513
102 569
102 583
102 680
102 706
102 857
102 935
103 167
103 288
103 430
103 473
103 515
103 577
103 621
103 644
103 697
103 817
103 897
104 484
104 688
104 732
104 839
104 981
105 223
105 286
105 410
105 557
105 586
105 611
105 641
105 703
105 710
105 806
105 921
105 933
105 940
106 262
106 366
106 380
106 730
106 990
106 992
107 136
107 211
107 238
107 413
107 698
107 835
107 956
107 975
107 982
107 983
108 115
108 239
108 387
108 441
108 713
108 881
108 887
108 941
109 390
109 469
109 575
109 674
109 818
110 314
110 466
110 506
110 521
110 577
110 589
110 682
110 763
110 931
111 187
111 426
111 504
111 628
111 869
111 943
112 169
112 193
112 312
112 337
112 399
112 442
112 572
112 650
112 786
112 904
113 478
113 495
113 539
113 728
113 791
113 833
113 869
113 897
113 900
113 981
114 191
114 223
114 300
114 309
114 351
114 363
114 591
114 781
115 294
115 421
115 525
115 562
116 141
116 177
116 325
116 336
116 445
116 602
116 638
116 714
116 759
116 814
116 827
116 850
116 990
116 998
116 999
117 132
117 158
117 169
117 193
117 245
117 298
117 640
117 675
117 708
117 871
117 928
118 255
118 310
118 345
118 386
118 433
118 487
118 541
118 724
118 797
118 808
118 836
118 993
119 237
119 256
119 397
119 517
119 669
119 948
119 961
119 973
120 253
120 349
120 399
120 433
120 489
120 564
120 580
120 607
120 692
120 838
121 313
121 515
121 521
121 681
122 312
122 332
122 372
122 479
122 491
122 557
122 605
122 935
123 503
123 600
123 623
123 725
123 790
123 886
123 887
123 962
124 372
124 449
124 483
124 537
124 597
124 718
124 793
124 813
124 832
124 915
125 150
125 171
125 233
125 251
125 340
125 514
125 516
125 613
125 651
125 669
125 686
125 794
125 996
126 388
126 419
126 455
126 550
126 574
126 644
127 484
127 511
127 570
127 586
127 603
127 653
128 320
128 353
128 370
128 659
128 822
128 877
128 920
128 925
129 397
129 538
129 578
129 580
129 621
129 649
129 652
129 786
129 846
130 153
130 268
130 433
130 503
130 579
130 765
130 835
130 848
131 147
131 165
131 289
131 319
131 380
131 569
131 591
131 751
131 817
131 904
132 150
132 211
132 305
132 400
132 423
132 469
132 650
132 879
133 146
133 211
133 302
133 361
133 388
133 688
133 730
133 921
133 996
134 349
134 356
134 730
134 731
134 838
134 853
134 894
135 190
135 256
135 270
135 283
135 287
135 373
135 461
135 590
135 632
135 703
135 751
135 813
135 830
135 986
136 571
136 607
136 633
136 890
137 298
137 322
137 363
137 468
137 552
137 678
137 820
137 857
137 954
138 543
138 621
139 141
139 249
139 285
139 297
139 649
139 721
139 792
139 807
139 864
139 875
139 917
139 923
140 298
140 315
140 560
140 619
140 674
140 725
141 163
141 219
141 227
141 243
141 260
141 601
141 664
141 707
141 765
141 803
141 856
141 878
141 885
141 942
142 146
142 279
142 391
142 431
142 487
142 666
142 714
142 743
142 998
143 172
143 332
143 656
143 770
144 196
144 203
144 571
144 806
144 819
144 872
145 337
145 375
145 445
145 487
145 594
145 602
145 628
145 700
145 738
145 791
145 924
146 305
146 418
146 504
146 681
146 712
146 809
146 926
147 211
147 385
147 393
147 501
147 785
148 236
148 251
148 260
148 289
148 450
148 666
148 719
148 727
148 775
148 843
149 278
149 295
149 369
149 588
149 621
149 744
149 797
149 811
149 875
149 995
150 246
150 465
150 504
150 582
150 664
150 683
150 767
150 893
151 169
151 191
151 281
151 341
151 624
151 661
151 671
151 823
151 836
151 848
151 989
152 157
152 204
152 218
152 237
152 313
152 379
152 603
152 664
152 757
152 787
152 890
152 925
153 167
153 188
153 368
153 426
153 494
153 557
153 739
153 823
154 223
154 326
154 405
154 565
154 750
154 755
154 786
154 811
154 814
154 817
154 886
154 942
155 167
155 233
155 241
155 288
155 426
155 432
155 554
155 634
155 684
155 830
155 958
155 991
155 995
156 204
156 297
156 327
156 361
156 417
156 592
156 772
156 872
157 315
157 386
157 578
157 720
157 746
157 824
158 291
158 356
158 373
158 472
158 651
158 683
158 718
158 781
158 799
158 983
158 998
159 199
159 312
159 376
159 427
159 530
159 593
159 632
159 677
159 721
159 731
159 878
159 910
160 296
160 661
160 699
160 780
160 784
161 169
161 209
161 224
161 238
161 302
161 326
161 465
161 630
161 638
161 667
161 707
161 775
161 821
162 230
162 565
162 649
162 669
162 782
162 951
163 334
163 389
163 540
163 634
163 675
164 357
164 417
164 523
164 549
164 566
164 616
164 732
164 747
164 847
164 997
165 189
165 238
165 305
165 321
165 377
165 452
165 462
165 694
165 717
165 729
165 777
165 876
166 251
166 333
166 413
166 456
166 717
166 878
166 949
166 985
167 240
167 294
167 409
167 487
167 514
167 863
167 893
167 970
168 299
168 366
168 496
168 511
168 651
168 786
168 902
169 224
169 245
169 304
169 442
169 531
169 764
169 786
169 943
169 966
170 317
170 374
170 462
170 661
170 723
170 740
170 845
170 954
170 972
171 241
171 318
171 321
171 452
171 463
171 694
171 873
171 883
172 255
172 338
172 505
172 638
172 835
172 843
172 896
172 962
173 218
173 290
173 325
173 392
173 406
173 492
173 569
173 692
173 695
173 754
173 857
173 929
173 943
174 295
174 359
174 430
174 585
174 594
174 670
174 698
175 235
175 668
175 675
175 685
175 803
175 932
175 939
175 981
176 354
176 448
176 472
176 498
176 553
176 575
177 292
177 358
177 453
177 473
177 558
177 600
177 661
177 676
177 765
177 846
177 922
178 245
178 339
178 506
178 609
178 740
178 902
178 989
179 278
179 422
179 520
179 625
179 645
179 683
179 866
179 872
179 899
180 290
180 318
180 321
180 398
180 430
180 529
180 543
180 544
180 549
180 727
180 800
180 912
180 998
181 325
181 523
181 555
181 573
181 894
181 940
181 950
182 285
182 287
182 325
182 387
182 591
182 653
182 689
182 811
182 859
183 289
183 404
183 432
183 510
183 725
183 758
183 848
183 906
183 974
184 404
184 446
184 481
184 578
184 690
184 697
184 833
185 281
185 308
185 484
185 512
185 515
185 557
185 616
185 759
185 769
185 793
185 803
186 195
186 247
186 260
186 276
186 356
186 378
186 379
186 418
186 479
186 495
186 554
186 642
186 685
186 966
187 327
187 492
187 521
187 579
187 806
187 836
188 407
188 446
188 482
188 598
188 632
188 710
188 828
188 837
188 848
188 939
189 221
189 223
189 481
189 810
189 888
190 265
190 292
190 492
190 702
190 849
190 890
190 902
190 915
190 920
190 963
191 193
191 304
191 311
191 524
191 580
192 420
192 506
192 515
192 543
192 801
192 952
192 985
193 291
193 440
193 455
193 583
193 668
193 840
193 915
194 304
194 333
194 487
194 876
194 878
194 976
195 201
195 276
195 343
195 468
195 536
195 543
195 653
195 726
195 957
195 973
196 214
196 314
196 404
196 594
196 639
196 809
196 828
196 875
196 933
197 268
197 346
197 355
197 397
197 507
197 508
197 531
197 695
197 952
197 967
198 229
198 242
198 341
198 471
198 504
198 577
198 709
198 795
198 928
198 998
199 274
199 291
199 374
199 436
199 573
199 641
199 916
200 281
200 396
200 502
200 516
200 527
200 639
201 243
201 347
201 379
201 387
201 487
201 632
201 730
201 922
201 938
202 291
202 427
202 572
202 644
202 683
202 832
202 979
203 316
203 425
203 610
203 803
203 894
204 216
204 464
204 575
204 633
204 878
205 256
205 335
205 391
205 462
205 591
205 648
205 773
205 871
205 882
205 981
206 277
206 763
206 852
206 867
206 961
207 221
207 247
207 528
207 564
207 801
207 856
207 868
207 981
208 235
208 297
208 342
208 682
208 704
208 770
208 802
208 825
208 945
209 241
209 251
209 292
209 367
209 455
209 513
209 576
209 586
209 625
209 632
209 779
209 822
209 978
210 539
210 608
210 658
210 762
210 842
211 265
211 269
211 490
211 660
211 800
211 810
211 880
211 881
212 228
212 290
212 650
212 673
212 735
212 948
212 972
213 227
213 248
213 425
213 490
213 677
213 695
213 780
213 950
214 572
214 574
214 585
214 740
214 818
214 936
215 311
215 400
215 493
215 500
215 502
215 517
215 537
215 817
216 249
216 300
216 327
216 599
216 600
216 614
216 763
216 784
216 899
216 914
216 982
217 234
217 454
217 469
217 793
217 794
217 804
217 829
217 850
217 855
217 863
217 974
218 299
218 369
218 480
218 628
218 662
218 754
218 862
218 901
218 926
218 976
218 986
219 291
219 578
219 776
219 861
219 915
220 494
220 763
220 823
220 841
220 848
220 865
220 890
220 914
221 426
221 647
221 683
221 720
221 726
221 746
221 756
221 881
221 923
222 381
222 387
222 417
222 429
222 758
222 759
222 888
222 905
222 938
223 262
223 275
223 280
223 307
223 314
223 477
223 521
223 553
223 694
223 708
223 721
223 885
223 893
224 258
224 307
224 323
224 375
224 522
224 717
224 893
225 342
225 392
225 448
225 529
225 607
225 649
225 673
225 717
225 891
225 930
225 955
226 292
226 405
226 481
226 536
226 562
226 669
226 776
226 889
226 931
226 933
227 239
227 240
227 249
227 261
227 288
227 354
227 377
227 429
227 586
227 592
227 656
227 673
227 717
227 845
228 357
228 432
228 624
228 652
228 830
228 897
229 267
229 402
229 589
229 644
230 372
230 455
230 648
231 298
231 364
231 386
231 526
231 551
231 618
231 683
231 869
231 892
232 426
232 435
232 587
232 606
232 649
232 695
232 789
232 814
232 923
232 969
233 240
233 267
233 562
233 656
233 681
233 689
233 776
233 859
233 871
233 884
233 932
233 937
233 959
234 360
234 425
234 486
234 587
234 605
234 831
234 841
234 899
235 360
235 362
235 376
235 526
235 563
235 630
235 797
235 892
235 902
235 959
235 966
236 399
236 425
236 458
236 503
236 613
236 723
236 740
236 828
236 940
237 297
237 371
237 438
237 449
237 509
237 620
237 668
237 749
237 785
238 305
238 345
238 449
238 607
238 654
238 690
238 805
239 265
239 444
239 589
239 598
239 648
239 658
239 746
239 797
239 803
239 891
240 258
240 307
240 387
240 449
240 474
240 617
240 664
240 976
241 257
241 488
241 493
241 699
241 902
241 919
242 418
242 505
242 515
242 847
243 502
243 527
243 667
243 833
244 283
244 352
244 427
244 509
245 246
245 466
245 595
245 804
245 892
245 978
245 980
246 285
246 308
246 662
246 691
246 716
246 961
246 975
246 988
247 280
247 289
247 383
247 444
247 601
247 648
247 699
248 334
248 343
248 401
248 417
248 522
248 698
248 883
249 293
249 312
249 372
249 414
249 496
249 503
249 647
249 779
249 836
249 943
250 256
250 276
250 390
250 408
250 558
250 563
250 574
250 796
250 825
250 887
251 287
251 298
251 475
251 508
251 787
251 871
251 899
252 314
252 530
252 576
252 627
252 688
252 792
252 796
252 821
252 830
252 911
252 966
253 284
253 286
253 311
253 339
253 374
253 483
253 649
253 668
253 696
253 870
253 933
253 973
254 385
254 435
254 437
254 464
254 575
254 806
254 813
255 280
255 299
255 429
255 443
255 523
255 560
255 568
255 587
255 825
255 868
255 908
256 347
256 424
256 785
256 850
256 925
256 965
257 431
257 440
257 492
257 512
257 611
257 703
257 770
257 799
257 885
258 765
258 833
258 922
258 989
259 271
259 293
259 464
259 550
259 706
259 881
259 894
260 271
260 404
260 471
260 526
260 533
260 572
260 596
260 693
260 696
260 841
261 327
261 445
261 486
261 538
261 717
261 754
261 758
261 794
261 880
261 910
262 515
262 683
262 766
262 813
262 841
262 844
262 849
262 852
262 861
263 334
263 577
263 714
263 851
264 275
264 394
264 539
264 585
265 383
265 502
265 505
265 670
265 675
265 719
265 753
265 766
265 844
265 945
266 345
266 475
266 480
266 747
266 766
266 773
266 949
267 358
267 406
267 431
267 664
267 665
267 816
267 930
267 965
268 311
268 362
268 393
268 435
268 553
268 577
268 666
268 768
268 772
269 436
269 457
269 699
269 747
269 860
269 945
269 986
270 448
270 741
270 753
270 838
270 982
271 560
271 761
271 993
272 351
272 518
272 714
272 825
272 862
272 885
272 891
272 969
273 290
273 474
273 689
273 804
273 850
273 936
273 957
274 482
274 656
274 821
274 830
274 934
275 500
275 776
275 842
275 905
275 964
276 285
276 483
276 492
276 522
276 526
276 540
276 599
276 774
276 997
277 472
277 632
277 660
277 740
277 742
277 775
277 795
277 838
277 910
278 318
278 505
278 582
278 636
278 932
279 420
279 651
279 653
279 906
279 908
280 337
280 513
280 604
280 804
280 810
280 849
280 859
280 907
281 361
281 815
281 870
281 894
281 953
282 401
282 406
282 668
282 712
282 756
282 843
282 878
283 321
283 371
283 458
283 459
283 778
283 883
283 948
283 950
284 299
284 328
284 566
284 614
284 627
284 637
284 659
284 760
284 777
284 832
284 858
285 383
285 473
285 637
285 710
285 723
285 808
285 835
285 889
285 947
285 950
286 344
286 380
286 412
286 422
286 442
286 459
286 575
286 602
286 801
287 327
287 447
287 534
287 628
287 645
287 668
287 671
287 782
287 885
287 903
287 958
288 355
288 487
288 517
288 545
288 590
288 627
288 708
288 730
288 999
289 435
289 588
289 605
289 706
290 321
290 384
290 501
290 513
290 543
291 359
291 414
291 793
291 877
292 389
292 410
292 429
292 487
292 489
292 639
292 663
292 821
292 830
292 890
293 362
293 383
293 405
293 418
293 542
293 638
293 720
293 746
293 789
294 301
294 322
294 355
294 421
294 499
294 526
294 527
294 550
294 624
294 781
294 857
294 901
294 960
294 972
295 410
295 441
295 450
295 533
295 615
295 626
295 650
295 985
296 357
296 467
296 473
296 510
296 556
296 647
296 682
296 714
296 960
297 371
297 596
297 693
297 766
297 791
297 844
297 855
297 922
298 370
298 376
298 425
298 437
298 528
298 684
299 310
299 690
300 420
300 591
300 657
300 724
300 775
300 981
301 365
301 652
301 668
301 675
301 693
301 822
301 833
301 894
301 910
301 911
302 341
302 395
302 534
302 627
302 858
302 889
303 310
303 337
303 665
303 689
303 866
304 468
304 516
304 517
304 559
304 587
304 859
305 354
305 396
305 402
305 669
305 815
305 892
305 915
306 575
306 797
306 814
306 825
307 532
307 537
307 555
307 611
307 786
307 851
307 866
307 889
308 371
308 680
308 716
308 795
309 469
309 502
309 537
309 645
309 657
309 682
309 844
309 855
309 871
309 900
310 375
310 484
310 929
310 944
310 999
311 452
311 687
311 709
311 865
311 878
311 938
311 964
312 330
312 469
312 532
312 942
313 346
313 459
313 473
313 560
313 630
313 781
313 958
314 396
314 488
314 611
314 757
314 850
315 418
315 491
315 540
315 587
315 806
315 998
316 342
316 355
316 388
316 493
316 497
316 563
316 565
316 591
316 742
316 753
316 803
316 875
316 912
317 613
317 646
317 713
317 739
317 844
318 365
318 504
318 523
318 594
318 735
318 933
319 412
319 419
319 428
319 507
319 623
319 734
319 836
319 932
319 981
320 522
320 689
320 771
320 836
321 425
321 654
321 875
322 359
322 575
322 590
322 890
322 900
322 959
323 461
323 594
323 682
323 825
323 830
324 618
324 667
325 401
325 698
325 771
325 843
325 946
325 977
326 696
326 725
326 746
326 966
327 698
327 835
328 359
328 384
328 483
328 626
328 791
328 815
328 998
329 387
329 397
329 449
329 542
329 584
329 595
329 608
329 640
329 688
329 702
329 748
329 782
329 966
330 349
330 377
330 380
330 503
330 627
330 957
331 377
331 423
331 562
331 631
331 680
331 722
331 838
332 337
332 345
332 374
332 538
332 647
332 700
332 740
332 775
332 823
332 995
333 501
333 585
333 741
333 827
333 834
334 338
334 429
334 701
334 998
335 612
335 825
336 344
336 447
336 472
336 608
336 774
336 814
336 920
336 942
337 517
337 700
338 468
338 493
338 765
338 904
338 935
338 988
339 459
339 482
339 577
339 951
340 610
340 658
340 672
340 692
340 728
340 787
340 798
340 823
340 991
341 354
341 406
341 447
341 519
341 536
341 653
341 710
341 721
341 791
341 901
341 911
341 943
342 397
342 406
342 452
342 496
342 553
342 745
342 796
342 831
342 903
343 480
343 742
343 749
343 766
343 896
343 943
344 403
344 583
344 647
344 728
344 964
345 584
345 604
345 660
345 718
345 743
345 754
345 934
346 466
346 737
346 761
346 905
347 477
347 751
347 770
347 838
347 849
347 972
347 980
348 469
348 613
348 673
348 856
349 488
349 576
349 598
349 616
349 917
350 364
350 365
350 458
350 510
350 682
350 777
350 804
350 853
350 888
351 434
351 469
351 480
351 521
351 560
351 702
351 703
352 422
352 457
352 600
352 691
352 696
352 763
352 962
353 365
353 381
353 666
353 695
353 804
353 805
353 837
353 881
353 924
354 415
354 510
354 672
354 797
354 909
354 910
354 969
355 378
355 389
355 427
355 457
355 473
355 637
355 651
355 723
355 789
355 808
355 946
355 972
356 547
356 594
356 602
356 706
356 748
356 752
356 754
356 792
357 500
357 538
357 612
357 732
357 902
358 438
358 493
358 548
358 688
358 729
358 735
358 762
358 847
359 452
359 571
359 623
359 760
359 796
359 845
359 867
359 963
359 970
360 443
360 836
361 578
361 740
361 808
361 897
362 438
362 836
362 860
362 904
363 437
363 489
363 548
363 618
363 627
363 659
363 794
363 946
363 984
364 463
364 465
364 543
364 551
364 708
364 875
364 985
364 994
365 439
365 493
365 613
365 645
365 739
365 785
366 539
366 595
366 697
366 708
366 779
366 812
366 852
366 861
366 915
366 928
366 993
367 369
367 509
367 698
367 699
367 888
367 911
368 421
368 507
368 513
368 574
368 681
368 715
368 733
368 793
368 835
368 845
368 923
368 978
368 994
368 998
369 498
369 568
369 585
369 664
369 712
369 863
369 901
370 408
370 449
370 503
370 533
370 582
370 777
371 404
371 433
371 489
371 694
371 713
371 881
372 421
372 566
372 585
372 767
373 451
373 703
373 858
373 998
374 400
374 414
374 430
374 568
374 595
374 624
374 681
374 683
374 710
374 792
374 830
374 954
375 379
375 441
375 451
375 749
376 411
376 632
376 705
376 754
376 839
377 398
377 896
378 390
378 477
378 505
378 508
378 585
378 691
378 774
378 787
378 931
379 431
379 435
379 468
379 478
379 611
379 739
379 748
379 840
379 872
380 443
380 641
380 815
380 816
380 901
381 457
381 574
381 742
381 779
381 836
381 850
382 415
382 418
382 468
382 481
382 500
382 512
382 519
382 727
382 887
382 928
382 964
383 421
383 648
383 667
383 676
383 679
383 847
383 946
383 971
384 468
384 501
384 647
384 870
385 566
385 661
385 668
385 761
385 783
385 867
385 902
385 910
385 916
385 928
385 990
386 557
386 896
386 970
387 526
387 666
387 888
388 596
388 705
388 714
388 750
388 890
388 922
388 978
389 649
389 674
389 787
389 852
389 982
390 470
390 524
390 542
390 672
390 840
390 875
390 898
390 967
391 463
391 499
391 718
391 765
391 853
391 961
392 434
392 459
392 651
392 664
392 736
392 831
392 851
392 899
393 425
393 486
393 872
394 505
394 615
394 633
394 696
394 804
394 823
394 843
394 847
394 892
394 956
395 430
395 452
395 502
395 520
395 558
395 663
395 796
395 798
395 862
395 932
396 417
396 474
396 640
396 646
396 729
396 776
396 804
397 457
397 481
397 687
397 690
397 746
397 768
397 810
397 952
398 450
398 575
398 650
398 671
398 749
398 819
399 542
399 616
399 702
399 739
399 805
399 847
400 530
400 671
400 696
400 716
400 732
400 846
400 951
401 510
401 514
401 561
401 607
401 651
401 695
401 758
401 813
402 423
402 596
402 645
402 814
402 819
402 950
403 508
403 535
403 618
403 804
404 424
404 429
404 510
404 604
404 626
404 656
404 846
404 938
405 406
405 442
405 450
405 529
405 553
405 616
405 673
406 456
406 495
406 516
406 535
406 600
406 635
406 753
406 934
407 535
407 564
408 559
408 570
408 578
408 635
408 651
408 665
408 761
408 843
409 476
409 480
409 576
409 669
409 922
410 691
410 784
410 993
411 483
411 565
411 767
411 774
412 433
412 452
412 603
412 660
412 702
412 856
412 962
413 445
413 502
413 584
413 617
413 673
413 688
413 699
413 902
413 962
414 722
414 753
414 785
414 860
414 867
414 944
414 967
414 981
415 467
415 543
415 760
415 890
415 984
416 511
416 625
416 721
416 802
416 817
416 889
416 929
416 978
417 494
417 539
417 543
417 728
417 734
417 807
417 813
417 880
417 902
417 979
418 461
418 473
418 610
418 660
418 721
418 742
418 800
418 984
419 447
419 706
419 854
420 461
420 509
420 650
420 731
420 962
421 431
421 482
421 566
421 569
421 711
421 745
421 935
421 967
422 481
422 536
422 558
422 674
422 736
422 910
423 501
423 516
423 871
423 955
424 443
424 505
424 636
424 671
424 729
424 751
424 833
424 883
424 990
425 482
425 488
425 554
425 569
425 629
425 722
425 846
425 880
426 468
426 525
426 781
426 940
426 969
426 990
426 993
427 437
427 444
427 542
427 578
427 588
427 596
427 657
427 690
427 989
428 445
428 506
428 649
428 687
428 767
428 783
428 804
428 815
428 881
429 452
429 514
429 587
429 793
429 836
429 996
430 749
430 878
430 963
431 615
431 683
431 746
431 769
432 486
432 504
432 536
432 612
432 694
432 826
432 999
433 460
433 545
433 554
433 623
433 701
433 750
433 923
434 449
434 705
434 878
435 565
435 569
436 472
436 724
437 461
437 515
437 557
437 623
437 668
437 671
437 674
437 768
437 849
437 908
437 916
437 927
437 986
438 706
438 732
438 870
439 555
439 561
439 584
439 672
439 954
440 504
440 574
440 627
440 783
440 818
440 838
440 901
440 945
441 549
441 775
441 869
441 942
442 462
442 595
442 643
442 668
442 685
442 692
442 702
442 736
442 740
442 947
443 472
443 504
443 708
444 530
444 532
444 765
444 857
445 526
445 597
445 617
445 675
445 677
445 746
445 858
445 900
445 929
446 467
446 490
446 537
446 558
446 769
447 562
447 621
447 625
447 701
447 833
448 531
448 621
448 637
448 665
448 765
448 786
449 539
449 594
449 608
449 754
449 806
449 816
449 916
449 982
450 509
450 515
450 553
450 613
450 967
451 453
451 482
451 546
451 793
451 800
451 847
451 951
451 998
452 460
452 503
452 635
452 660
452 755
452 769
452 833
453 644
453 886
453 928
454 502
454 518
454 559
454 864
454 890
454 891
454 969
454 993
455 490
455 673
455 757
455 841
455 886
456 493
456 522
456 623
456 714
456 790
456 877
456 916
456 989
457 557
457 586
457 667
457 796
458 472
458 588
458 664
458 722
458 771
458 803
458 929
458 962
458 970
459 517
459 617
459 736
459 847
459 868
459 888
460 467
460 489
460 500
460 507
460 692
460 832
460 930
461 495
461 508
461 593
461 636
461 665
461 720
461 932
461 965
461 993
461 996
462 587
462 594
462 677
462 796
463 547
463 590
463 796
463 811
463 914
464 483
464 592
464 837
464 922
464 987
465 536
465 583
465 992
466 473
466 604
466 846
466 868
467 602
467 723
468 564
468 685
468 720
468 810
468 849
469 536
469 769
469 800
469 874
469 952
469 964
470 594
470 603
470 722
470 738
470 831
471 624
471 694
471 719
471 721
471 776
471 800
471 908
472 593
472 812
472 895
472 965
472 997
473 713
473 937
474 476
474 478
474 538
474 557
474 840
474 878
474 964
475 503
475 526
475 814
475 894
476 517
476 539
476 578
476 629
476 716
476 762
476 765
476 785
476 974
477 484
477 504
477 531
477 691
477 699
477 718
477 808
477 820
478 500
478 503
478 562
478 619
478 760
478 853
479 606
479 693
479 892
479 905
479 949
480 544
480 566
480 705
480 753
480 821
480 903
481 746
481 906
481 922
481 960
482 707
482 719
482 779
482 839
482 877
483 739
483 780
483 824
483 973
483 986
483 996
484 578
484 767
484 803
484 846
484 940
485 509
485 807
485 868
485 905
486 965
487 546
487 695
487 796
487 834
487 878
487 889
487 975
488 504
488 554
488 633
488 679
489 543
489 610
489 852
489 882
490 549
490 617
490 729
490 770
490 956
490 962
491 619
491 665
491 859
491 955
491 996
492 501
492 903
492 910
493 520
494 596
494 611
494 683
494 892
494 925
495 509
495 553
495 624
495 789
496 537
496 687
496 708
496 755
496 891
496 988
497 711
497 776
497 877
497 939
498 561
498 576
498 622
498 627
498 736
498 846
498 847
498 955
498 967
499 501
499 538
499 588
499 668
499 765
499 937
499 993
500 806
500 857
501 651
501 665
501 677
501 730
501 746
501 859
501 879
501 991
502 528
502 688
502 772
502 788
502 826
502 836
502 875
502 923
502 945
503 587
503 823
503 899
503 979
504 673
504 691
504 706
504 804
504 864
504 928
505 524
505 817
505 991
506 616
506 685
506 693
506 727
506 788
507 632
507 744
507 787
507 886
507 906
507 951
508 601
508 638
508 661
508 813
509 738
509 881
509 943
510 569
510 595
510 624
510 632
510 652
510 878
511 613
511 637
511 706
511 804
511 888
511 898
511 913
512 519
512 561
512 792
512 854
512 919
512 959
513 533
513 657
513 690
513 696
513 712
513 757
513 993
514 602
514 686
514 698
514 721
514 723
514 765
514 897
514 952
514 976
515 537
515 569
515 846
515 904
515 930
516 527
516 563
516 962
517 574
517 752
517 947
517 949
518 581
518 796
518 868
518 995
519 561
519 723
519 853
520 580
520 676
520 776
520 816
520 839
520 887
520 900
520 929
520 963
521 549
521 744
521 952
522 558
522 629
522 646
522 956
522 967
522 975
523 859
524 660
524 749
525 561
525 690
525 716
525 763
525 837
525 900
525 974
525 986
526 581
526 687
526 767
526 845
526 876
526 919
526 993
527 719
527 772
527 982
528 618
528 648
528 769
528 821
528 828
528 830
529 739
529 803
529 976
530 594
530 651
530 832
531 756
531 911
532 549
532 604
532 625
532 668
532 679
532 731
532 785
532 807
533 584
533 639
533 659
533 996
534 734
534 739
534 747
534 861
534 934
535 617
535 816
536 654
536 686
536 723
536 773
536 891
536 967
536 974
536 997
537 651
537 779
538 546
538 667
538 693
538 774
538 832
538 887
538 896
538 953
539 563
539 596
539 864
540 583
540 759
540 800
541 682
541 901
541 911
542 548
542 657
542 709
542 728
542 734
542 769
542 774
542 785
542 984
543 585
543 588
543 732
543 807
543 826
543 843
543 986
544 546
544 569
544 589
544 748
544 854
544 956
545 648
545 704
545 717
545 914
545 926
546 813
546 839
546 871
546 874
547 550
547 617
547 619
547 800
547 826
547 856
547 987
548 565
548 595
548 757
548 913
549 579
549 628
549 637
549 809
549 856
550 569
550 586
550 643
550 744
550 782
550 826
551 577
551 607
551 709
551 731
551 820
552 631
552 642
552 792
552 899
552 946
553 559
553 628
553 700
553 816
553 968
554 681
554 686
554 753
554 905
554 937
555 629
555 689
555 713
555 751
555 753
555 884
555 901
556 815
556 933
557 655
557 679
557 683
557 809
557 917
557 971
557 985
558 593
558 639
558 663
558 699
558 803
558 839
558 934
559 638
559 647
559 680
559 760
560 607
560 772
560 786
560 818
561 685
561 866
561 914
561 967
562 603
562 610
562 691
562 801
562 919
563 722
563 784
563 871
563 987
564 660
564 698
564 711
564 832
564 979
565 865
566 623
566 671
567 755
567 805
567 832
567 999
568 705
568 877
568 951
568 989
569 575
569 673
569 805
569 886
570 734
570 851
570 918
570 931
570 971
570 973
571 673
571 757
571 831
573 626
573 864
573 918
573 929
574 740
574 969
575 722
575 813
575 981
576 621
576 649
576 652
576 659
576 731
576 894
577 651
577 812
577 921
577 975
578 586
578 597
578 831
578 986
578 987
579 704
579 706
579 806
580 651
580 761
580 848
580 867
580 980
581 739
581 754
581 796
582 630
582 784
582 968
583 797
583 801
583 910
583 911
583 977
584 598
584 662
584 772
584 779
584 911
584 971
585 611
585 933
586 966
587 600
587 601
587 804
587 883
587 925
588 684
588 738
588 753
588 762
588 768
588 932
588 969
589 609
589 624
589 702
589 816
589 846
589 852
589 899
590 603
590 612
590 823
590 950
591 617
591 809
591 825
591 849
591 886
591 934
592 643
592 716
592 905
592 996
593 717
593 817
593 863
593 877
593 907
594 622
594 780
594 787
594 799
594 813
594 930
594 973
595 694
595 929
596 710
596 842
597 599
597 806
597 894
598 698
598 711
598 732
598 781
598 949
598 950
599 628
600 641
600 719
600 739
600 761
600 841
600 852
601 647
601 705
601 806
602 604
602 618
602 647
602 886
602 956
603 693
603 884
603 937
603 979
604 662
604 903
604 938
604 947
605 963
606 657
606 750
606 819
606 933
607 608
607 706
607 854
608 641
608 674
608 758
608 784
608 795
608 870
608 871
608 926
608 946
608 998
609 737
609 745
609 969
609 985
610 727
610 750
611 741
611 763
611 786
611 818
611 872
612 634
612 714
612 875
613 655
613 674
613 785
613 979
613 989
614 652
614 693
614 747
614 818
615 655
615 679
615 684
615 888
615 898
615 960
616 750
616 778
616 973
617 693
617 743
617 766
617 784
617 976
618 655
619 653
619 741
619 985
620 663
620 857
620 883
620 989
621 787
621 838
622 946
623 706
623 784
623 819
623 965
623 970
623 978
624 653
624 842
624 861
625 802
625 869
625 938
626 779
626 835
626 861
626 905
626 912
626 945
626 977
627 664
627 743
627 856
627 864
627 928
627 966
628 822
629 684
629 763
629 768
629 843
629 940
630 719
630 887
631 685
631 760
631 787
631 838
631 981
631 992
632 664
632 799
632 805
632 819
632 846
633 763
633 779
633 907
633 982
634 880
635 691
635 754
635 799
635 809
635 867
635 893
635 985
636 678
636 790
636 920
637 640
637 672
637 919
637 926
637 986
638 758
638 865
639 666
639 826
639 987
640 691
640 724
640 752
640 755
640 817
640 820
640 954
641 654
641 767
641 839
641 843
641 872
642 882
643 650
643 999
645 815
645 839
645 982
646 740
646 794
646 845
647 662
647 705
647 713
647 787
647 892
648 685
648 771
648 874
648 879
648 945
648 961
649 658
650 677
650 861
650 923
650 937
650 966
650 973
650 983
651 751
651 821
651 836
651 893
651 980
652 792
653 773
653 906
654 728
654 783
655 731
655 790
655 796
655 825
655 967
656 768
657 885
657 911
657 929
657 970
657 986
658 787
659 761
659 790
659 820
659 904
660 664
660 954
661 777
661 893
661 906
662 678
662 772
662 783
662 846
662 906
663 739
663 873
665 864
665 935
665 951
666 699
666 731
666 778
667 681
667 736
667 749
667 829
668 692
668 738
668 798
668 813
668 844
669 714
669 731
669 758
669 762
669 778
669 837
669 908
669 999
670 877
670 913
671 687
671 708
671 752
671 787
671 833
671 845
671 941
672 777
672 835
672 884
672 998
673 828
673 830
674 851
675 677
675 879
675 917
676 828
676 840
676 852
676 924
677 820
677 945
678 705
678 752
678 805
678 865
679 945
679 946
680 861
680 869
681 720
681 908
681 942
681 943
682 795
682 984
682 999
683 860
684 744
684 747
684 791
684 938
684 956
685 841
685 912
686 812
686 897
686 924
687 699
687 714
687 754
687 788
687 813
687 886
688 700
689 726
689 896
689 939
689 941
690 715
690 767
690 779
690 786
690 836
690 902
690 976
691 711
691 727
691 884
692 782
692 854
692 882
692 885
692 908
692 996
693 781
693 785
693 845
693 857
694 708
694 754
694 786
695 764
695 921
696 820
696 830
696 831
696 891
696 968
697 708
697 751
697 787
697 807
697 868
697 879
697 927
698 713
698 803
698 807
698 819
698 846
699 710
699 713
699 778
699 795
699 893
699 939
699 966
699 990
700 941
701 720
702 741
702 810
703 746
703 904
703 934
704 899
704 918
704 959
705 761
705 944
706 957
707 735
707 765
707 875
707 894
707 901
707 931
707 940
707 984
708 753
708 798
709 833
709 848
709 902
710 794
710 883
711 918
712 838
712 841
712 887
713 806
713 824
713 940
713 943
713 944
715 775
715 784
715 805
715 934
715 937
716 736
716 813
716 832
717 735
717 803
717 876
717 886
717 955
718 779
718 821
718 905
719 833
719 842
719 995
720 774
720 870
720 876
720 879
720 893
721 834
721 855
721 994
722 912
722 957
723 803
723 830
723 905
724 816
724 824
724 868
725 793
725 947
725 963
726 828
726 843
726 942
726 946
726 970
727 775
727 780
727 801
727 968
728 745
728 751
728 926
728 943
729 866
730 748
730 806
730 849
732 791
732 954
733 768
733 840
733 948
733 957
734 739
734 772
734 869
734 988
734 999
735 871
738 786
738 817
738 937
739 777
739 913
739 937
740 845
740 979
741 963
742 783
742 803
742 956
743 774
743 813
743 922
744 881
744 966
745 905
745 934
745 944
745 991
746 774
747 768
747 884
747 939
747 978
748 904
749 981
749 996
750 965
750 984
751 977
751 985
751 999
752 789
752 959
753 782
753 863
753 938
753 939
753 982
754 803
754 819
754 880
754 894
754 905
754 924
754 926
754 933
754 936
755 891
757 816
758 815
759 863
759 872
759 882
759 912
760 803
760 959
761 798
761 831
761 958
762 916
763 804
763 912
763 924
763 993
764 788
765 941
766 778
766 873
767 775
767 827
767 926
768 815
768 871
769 915
769 990
770 966
773 837
773 947
774 901
774 913
775 855
776 820
776 828
776 854
776 874
777 790
777 887
778 953
779 925
779 934
779 959
780 889
780 925
781 823
781 875
781 917
782 933
782 936
783 846
783 856
783 885
783 988
784 841
784 903
784 938
785 956
786 837
786 920
787 964
788 791
788 853
788 879
789 892
789 897
789 944
789 993
790 814
790 860
790 898
790 953
791 991
792 799
793 975
793 990
794 889
794 944
795 985
796 969
796 970
797 862
798 948
799 901
799 916
799 955
799 962
800 917
800 960
801 803
801 914
802 870
803 941
803 978
805 820
805 910
806 813
806 949
807 945
808 865
808 924
808 934
809 810
809 843
809 891
809 897
809 929
810 985
811 815
811 860
812 832
812 878
812 895
812 959
813 945
814 864
815 901
815 925
815 998
816 961
817 825
817 867
817 937
819 836
819 894
819 916
819 990
820 867
820 884
820 980
821 926
821 936
822 877
823 889
823 908
823 973
824 861
824 912
824 942
827 860
827 932
827 970
827 973
828 938
831 902
831 974
832 988
834 873
835 836
835 847
835 867
835 886
836 876
836 897
836 916
836 961
837 939
838 942
838 999
839 909
839 934
840 870
840 930
841 967
844 918
845 869
845 938
845 982
846 855
846 942
847 856
848 872
848 911
851 885
851 929
852 887
852 908
852 938
852 979
853 984
856 911
856 937
857 917
857 944
858 951
858 952
859 997
860 892
860 898
860 961
861 880
862 907
863 926
864 980
866 868
867 913
867 985
868 878
868 914
868 958
871 913
871 958
871 967
874 946
878 939
879 910
879 945
880 974
881 918
882 969
884 973
886 894
887 888
887 900
892 925
893 969
894 899
894 971
897 936
901 942
901 981
902 929
903 932
905 965
906 971
908 914
909 929
911 931
911 992
916 980
916 985
917 946
920 973
921 956
921 957
927 996
929 952
930 949
931 953
931 974
931 985
934 969
936 980
939 945
941 969
943 957
943 960
945 978
946 960
947 972
953 970
955 956
955 971
956 964
957 981
961 982
969 970
969 987
971 999
976 989
977 991
980 994
