0
1000
6067
0
1
0
0 12
0 92
0 263
0 463
0 516
0 705
0 747
0 752
0 874
0 993
1 566
1 701
1 712
1 886
1 949
1 953
2 154
2 186
2 188
2 322
2 429
2 614
2 801
2 849
3 299
3 337
3 345
3 378
3 476
3 624
3 665
3 728
3 744
3 787
3 837
3 848
4 127
4 487
4 544
4 640
4 687
4 798
4 921
4 973
5 144
5 235
5 256
5 441
5 454
5 533
5 637
5 707
5 913
5 989
6 229
6 245
6 319
6 372
6 396
6 633
6 742
6 818
6 844
6 886
6 931
7 178
7 264
7 310
7 499
7 535
7 634
7 670
7 719
7 821
7 851
8 68
8 184
8 272
8 354
8 389
8 573
8 616
8 708
8 808
9 14
9 120
9 239
9 379
9 398
9 432
9 686
9 768
9 797
9 815
9 848
9 860
9 919
10 33
10 51
10 103
10 164
10 247
10 277
10 306
10 387
10 511
10 607
10 692
10 761
10 840
10 894
10 947
10 954
10 971
11 52
11 268
11 278
11 421
11 439
11 449
11 452
11 510
11 548
11 579
11 718
11 759
11 852
11 893
11 903
11 939
12 57
12 60
12 79
12 343
12 353
12 632
12 734
12 837
13 20
13 54
13 72
13 212
13 236
13 245
13 266
13 280
13 383
13 495
13 527
13 542
13 602
13 711
13 783
13 992
14 80
14 177
14 190
14 209
14 313
14 361
14 454
14 582
14 691
14 701
14 711
14 723
14 823
14 828
14 951
14 967
15 145
15 260
15 470
15 639
15 751
15 762
15 859
16 17
16 184
16 421
16 604
16 638
16 901
16 938
17 59
17 119
17 121
17 175
17 252
17 312
17 324
17 649
17 684
17 735
17 817
17 853
17 931
18 88
18 171
18 279
18 358
18 373
18 697
18 806
18 856
18 893
18 987
19 180
19 185
19 205
19 239
19 263
19 299
19 494
19 561
19 607
19 716
19 762
19 826
20 106
20 353
20 441
20 471
20 520
20 571
20 632
20 639
20 685
20 714
20 733
20 796
20 949
20 983
21 81
21 105
21 200
21 205
21 260
21 277
21 562
21 638
21 682
21 727
21 765
22 199
22 330
22 429
22 450
22 558
22 623
22 699
22 704
22 932
23 37
23 69
23 82
23 188
23 459
23 475
23 666
23 788
23 803
23 863
24 93
24 281
24 359
24 391
24 421
24 427
24 478
24 643
24 789
24 824
24 883
24 960
25 51
25 100
25 183
25 251
25 308
25 341
25 377
25 382
25 458
25 529
25 573
25 642
25 683
25 749
25 758
25 763
25 952
25 989
26 81
26 259
26 261
26 348
26 390
26 503
26 573
26 701
26 802
26 976
27 181
27 197
27 309
27 325
27 340
27 398
27 596
27 597
27 632
27 705
27 789
27 859
28 95
28 133
28 264
28 478
28 586
28 793
28 794
28 848
28 938
29 61
29 95
29 118
29 305
29 397
29 438
29 500
29 555
29 583
29 708
29 738
29 747
29 817
29 826
29 831
29 851
30 41
30 218
30 226
30 353
30 365
30 377
30 413
30 451
30 818
30 836
30 965
31 143
31 144
31 203
31 291
31 316
31 399
31 426
31 446
31 596
31 692
31 705
31 789
31 799
31 806
31 839
31 840
32 153
32 269
32 457
32 482
32 596
32 622
32 657
33 147
33 214
33 236
33 303
33 334
33 358
33 504
33 514
33 593
33 764
33 918
33 935
34 110
34 114
34 181
34 430
34 451
34 564
34 724
34 752
34 755
34 760
34 906
35 160
35 176
35 288
35 345
35 362
35 398
35 469
35 560
35 782
35 950
35 980
35 987
36 235
36 423
36 441
36 459
36 599
36 679
36 722
36 832
36 864
37 63
37 83
37 204
37 236
37 308
37 390
37 490
37 523
37 540
37 560
37 661
37 711
37 866
37 898
37 968
37 974
37 987
38 150
38 257
38 262
38 339
38 470
38 520
38 560
38 597
38 657
38 829
39 66
39 95
39 386
39 418
39 799
39 848
39 856
40 235
40 273
40 280
40 366
40 459
40 576
40 686
40 897
40 912
41 62
41 67
41 125
41 639
41 771
41 775
41 776
41 802
41 827
41 830
41 833
41 898
41 964
41 999
42 50
42 52
42 110
42 314
42 420
42 494
42 526
42 573
42 684
42 710
42 754
42 797
42 824
42 970
43 61
43 121
43 159
43 346
43 543
43 610
43 735
43 819
43 845
43 880
44 46
44 73
44 163
44 282
44 332
44 572
44 726
44 767
44 803
44 819
44 873
44 924
44 973
45 69
45 95
45 338
45 369
45 388
45 393
45 399
45 609
45 855
45 953
45 987
46 66
46 165
46 196
46 214
46 242
46 245
46 254
46 316
46 417
46 722
46 723
46 787
46 853
46 898
47 56
47 115
47 257
47 384
47 426
47 610
47 636
47 696
47 728
47 758
47 806
47 881
47 903
47 964
47 976
48 55
48 157
48 236
48 244
48 326
48 368
48 449
48 586
48 720
48 856
48 897
48 933
49 111
49 188
49 284
49 306
49 456
49 470
49 547
49 571
49 585
49 604
49 612
49 637
49 681
49 802
49 815
49 972
49 996
50 51
50 54
50 160
50 205
50 206
50 218
50 362
50 411
50 444
50 528
50 569
50 736
50 744
50 832
50 904
50 943
50 957
50 961
51 113
51 156
51 174
51 209
51 218
51 271
51 428
51 588
51 737
51 757
51 870
51 916
51 920
52 97
52 153
52 221
52 480
52 631
52 664
52 866
53 125
53 211
53 246
53 346
53 570
53 634
53 981
54 65
54 154
54 156
54 230
54 288
54 414
54 505
54 541
54 608
54 629
54 812
54 828
54 829
54 833
54 875
54 953
55 209
55 233
55 335
55 395
55 619
55 746
55 845
55 860
55 901
55 931
55 956
55 979
55 980
56 217
56 232
56 451
56 484
56 620
56 649
56 693
56 730
56 810
56 923
56 989
57 210
57 240
57 282
57 359
57 471
57 500
57 628
57 636
57 671
57 712
57 781
57 937
57 988
58 219
58 337
58 428
58 675
58 824
58 852
58 855
58 943
58 955
59 69
59 93
59 266
59 428
59 482
59 564
59 658
59 674
59 713
59 736
59 803
59 880
60 135
60 162
60 164
60 380
60 381
60 642
60 771
60 846
60 916
61 69
61 76
61 129
61 135
61 153
61 197
61 218
61 276
61 394
61 508
61 589
61 643
61 710
61 736
61 845
61 874
62 104
62 134
62 366
62 367
62 501
62 513
62 573
62 683
62 752
62 831
62 906
63 122
63 231
63 258
63 327
63 400
63 424
63 458
63 594
63 715
63 778
63 795
63 880
63 987
64 79
64 86
64 131
64 225
64 439
64 473
64 485
64 564
64 721
64 790
65 174
65 271
65 295
65 416
65 436
65 498
65 621
65 674
65 874
66 89
66 209
66 295
66 357
66 475
66 497
66 705
66 883
66 895
67 209
67 228
67 453
67 854
67 861
67 893
67 946
68 727
68 792
68 960
68 986
69 103
69 120
69 225
69 342
69 380
69 476
69 517
69 595
69 846
69 851
70 110
70 180
70 447
70 664
70 665
70 696
70 754
70 821
70 882
70 979
71 177
71 204
71 402
71 429
72 159
72 246
72 310
72 313
72 336
72 428
72 431
72 443
72 461
72 496
72 574
72 598
72 644
72 648
72 675
72 683
72 694
72 751
72 826
72 980
73 250
73 392
73 395
73 407
73 561
73 562
73 581
73 693
73 725
73 802
73 803
73 820
73 881
73 980
74 166
74 179
74 651
74 754
74 769
74 950
75 246
75 413
75 533
75 538
75 550
75 597
75 605
75 817
75 936
75 939
75 951
75 952
75 968
76 152
76 175
76 224
76 269
76 293
76 346
76 459
76 533
76 710
76 715
76 774
76 914
77 101
77 598
77 659
77 818
77 846
77 849
77 901
78 159
78 191
78 217
78 253
78 269
78 381
78 472
78 512
78 523
78 678
78 710
78 788
79 221
79 305
79 377
79 466
79 632
79 634
79 681
79 913
80 216
80 232
80 313
80 419
80 451
80 495
80 502
80 548
80 561
80 680
80 767
80 876
80 909
81 118
81 121
81 199
81 270
81 277
81 398
81 469
81 537
81 627
81 702
81 810
81 831
81 846
81 978
81 990
82 200
82 253
82 268
82 278
82 721
82 821
82 980
83 373
83 384
83 420
83 446
83 526
83 567
83 704
83 780
83 919
83 929
84 166
84 184
84 227
84 235
84 275
84 303
84 306
84 364
84 496
84 642
84 646
84 661
84 721
84 781
84 803
84 850
84 865
85 166
85 198
85 296
85 368
85 429
85 608
85 615
85 818
85 912
85 979
86 140
86 229
86 262
86 384
86 425
86 527
86 629
86 793
86 934
87 139
87 204
87 249
87 393
87 453
87 464
87 550
87 719
87 745
87 772
87 836
87 842
87 868
87 930
88 127
88 150
88 174
88 283
88 360
88 381
88 462
88 593
88 615
88 783
89 94
89 166
89 252
89 285
89 363
89 811
89 929
90 242
90 243
90 257
90 303
90 386
90 428
90 438
90 509
90 706
90 743
90 789
90 839
90 889
90 896
90 903
90 925
90 995
91 93
91 165
91 307
91 444
91 466
91 487
91 528
91 534
91 591
91 633
91 651
91 729
91 741
91 860
91 865
91 890
91 968
92 94
92 104
92 211
92 358
92 395
92 845
92 909
92 932
93 144
93 146
93 269
93 401
93 421
93 714
93 741
93 921
93 946
94 148
94 258
94 458
94 495
94 633
94 714
94 775
94 801
94 809
94 843
94 844
94 931
95 190
95 308
95 388
95 508
95 575
95 849
95 906
95 937
95 997
96 109
96 244
96 250
96 350
96 473
96 502
96 659
96 670
96 787
96 866
96 888
96 936
96 980
97 210
97 254
97 259
97 279
97 444
97 457
97 601
97 665
97 927
98 189
98 199
98 293
98 386
98 594
98 653
98 775
98 869
98 904
98 916
98 986
99 125
99 143
99 211
99 223
99 497
99 535
99 573
99 657
99 659
99 744
100 190
100 310
100 356
100 418
100 461
100 484
100 527
100 584
100 678
100 764
100 782
100 825
100 844
100 872
100 875
101 228
101 288
101 599
101 675
101 687
101 918
102 242
102 268
102 351
102 353
102 376
102 615
102 754
102 984
102 990
103 204
103 343
103 358
103 539
103 852
103 853
104 129
104 157
104 160
104 203
104 354
104 573
104 577
104 634
104 767
104 795
104 798
105 183
105 184
105 511
105 613
105 643
105 645
105 656
105 714
105 781
105 821
105 859
106 127
106 156
106 439
106 591
106 627
106 750
106 859
106 877
106 901
106 947
107 227
107 257
107 294
107 654
107 693
107 795
107 810
107 895
108 197
108 212
108 235
108 389
108 400
108 429
108 446
108 458
108 520
108 648
108 764
108 778
109 122
109 143
109 145
109 195
109 518
109 520
109 601
109 680
109 913
110 124
110 297
110 353
110 439
110 516
110 626
110 684
110 709
110 775
110 848
111 134
111 185
111 207
111 332
111 340
111 487
111 700
111 709
111 725
111 903
111 961
111 990
112 306
112 326
112 423
112 524
112 591
112 642
112 690
112 828
112 895
113 226
113 249
113 285
113 356
113 387
113 449
113 504
113 783
113 792
113 934
113 982
113 983
114 379
114 414
114 642
114 766
114 823
114 867
114 994
115 191
115 199
115 316
115 336
115 372
115 376
115 519
115 547
115 550
115 721
115 837
115 858
115 956
115 975
116 122
116 127
116 160
116 227
116 372
116 460
116 481
116 482
116 499
116 583
116 593
116 709
116 735
117 180
117 230
117 583
117 685
117 694
117 703
117 717
117 894
117 901
117 910
118 222
118 294
118 323
118 495
118 632
118 761
118 897
118 938
118 960
119 146
119 309
119 329
119 348
119 404
119 498
119 521
119 667
119 671
119 920
120 176
120 243
120 315
120 402
120 544
120 759
120 809
120 847
120 995
121 147
121 193
121 308
121 362
121 568
121 638
121 666
121 704
121 820
121 846
121 856
121 910
121 946
121 976
122 228
122 250
122 430
122 520
122 533
122 677
122 746
122 887
123 160
123 171
123 252
123 688
123 694
123 755
123 768
123 845
124 188
124 376
124 441
124 537
124 645
124 652
124 661
124 675
124 748
124 776
124 779
124 844
124 868
124 950
124 997
125 136
125 390
125 503
125 575
125 633
125 774
125 989
126 158
126 178
126 203
126 295
126 304
126 322
126 365
126 366
126 467
126 490
126 635
126 834
126 840
126 869
126 882
126 953
127 322
127 466
127 531
127 553
127 629
127 634
127 777
127 797
127 929
127 981
128 328
128 440
128 480
128 517
128 541
128 597
128 706
128 841
128 847
128 981
129 131
129 213
129 247
129 320
129 322
129 453
129 471
129 494
129 546
129 670
129 820
129 957
129 996
130 140
130 150
130 231
130 244
130 259
130 262
130 359
130 421
130 480
130 533
130 620
130 873
130 946
131 185
131 224
131 233
131 320
131 456
131 504
131 591
131 629
131 668
131 697
131 835
131 845
131 853
131 919
132 209
132 226
132 288
132 289
132 391
132 402
132 507
132 525
132 529
132 702
132 876
132 889
132 929
133 365
133 380
133 395
133 420
133 424
133 462
133 466
133 593
133 677
133 915
133 993
134 307
134 400
134 401
134 441
134 465
134 479
134 639
134 726
135 288
135 302
135 367
135 441
135 502
135 504
135 579
135 681
135 693
135 782
135 810
135 872
135 913
136 156
136 189
136 397
136 634
136 688
136 724
136 734
136 788
136 856
136 945
136 953
137 166
137 324
137 501
137 527
137 650
137 776
137 796
138 155
138 156
138 279
138 364
138 424
138 532
138 662
138 674
138 768
138 854
138 923
138 933
138 976
139 197
139 373
139 402
139 425
139 565
139 611
139 872
139 898
139 910
140 277
140 288
140 365
140 400
140 478
140 513
140 528
140 641
140 726
140 786
140 801
140 816
140 862
140 972
141 233
141 282
141 457
141 524
141 532
141 544
141 587
141 611
141 615
141 618
141 619
141 662
141 742
141 854
141 932
141 996
142 379
142 393
142 403
142 458
142 468
142 477
142 512
142 546
142 582
142 683
142 704
142 742
142 852
142 905
142 918
142 920
143 186
143 197
143 235
143 264
143 273
143 283
143 327
143 414
143 643
143 700
143 780
143 844
143 880
144 213
144 328
144 401
144 644
144 873
144 941
145 175
145 278
145 699
145 711
145 929
145 980
146 206
146 208
146 244
146 398
146 573
146 577
146 580
146 708
146 806
146 851
146 996
147 223
147 236
147 262
147 509
147 601
147 631
147 674
147 827
147 861
147 914
147 935
148 211
148 308
148 355
148 444
148 513
148 555
148 613
148 733
148 748
148 775
148 848
148 864
148 912
148 993
149 166
149 180
149 213
149 224
149 331
149 351
149 813
149 842
149 902
149 916
150 247
150 536
150 742
150 840
150 905
150 913
151 249
151 452
151 538
151 656
151 702
151 777
151 788
151 942
151 954
151 997
152 163
152 273
152 300
152 613
152 627
152 705
152 831
152 921
153 161
153 208
153 298
153 426
153 439
153 559
153 631
153 645
153 853
153 865
153 949
154 241
154 276
154 473
154 559
154 585
154 641
154 642
154 818
154 913
155 159
155 163
155 255
155 380
155 396
155 412
155 415
155 648
155 664
155 676
156 197
156 202
156 234
156 342
156 482
156 540
156 608
156 978
157 293
157 355
157 462
157 479
157 579
157 590
157 928
157 978
157 996
158 213
158 247
158 294
158 407
158 443
158 535
158 745
158 829
158 884
158 895
159 341
159 417
159 421
159 772
159 821
159 872
160 218
160 262
160 274
160 297
160 389
160 790
161 226
161 286
161 329
161 380
161 467
161 524
161 541
161 564
161 679
161 754
161 758
161 815
161 865
161 910
161 925
161 944
162 250
162 252
162 280
162 283
162 349
162 432
162 449
162 549
162 607
162 618
162 630
162 697
162 834
162 873
162 902
162 933
162 987
163 209
163 321
163 425
163 673
163 718
163 722
163 816
163 818
163 906
163 965
164 324
164 362
164 398
164 497
164 548
164 595
164 844
165 494
165 504
165 516
165 579
165 875
165 896
166 258
166 391
166 681
166 910
166 986
167 387
167 555
167 706
167 840
167 869
168 172
168 304
168 331
168 471
168 554
168 798
168 963
169 249
169 394
169 445
169 704
169 764
169 790
169 912
169 947
169 981
170 600
170 605
170 720
170 809
170 924
171 290
171 331
171 693
171 739
171 741
171 777
171 843
172 312
172 364
172 431
172 432
172 641
172 650
172 691
172 768
172 813
172 915
172 920
172 935
173 192
173 239
173 263
173 424
173 449
173 488
173 595
173 625
173 704
173 753
173 876
173 983
174 204
174 333
174 493
174 648
174 666
174 678
174 813
174 965
174 981
175 276
175 298
175 416
175 469
175 470
175 655
175 688
175 706
175 918
175 937
176 282
176 328
176 356
176 359
176 628
176 761
176 803
176 857
176 950
177 189
177 448
177 711
177 843
177 921
177 962
178 269
178 347
178 498
178 616
178 624
178 717
178 743
178 786
178 799
178 847
178 853
178 875
179 279
179 427
179 536
179 547
179 739
179 791
180 247
180 320
180 398
180 692
180 750
180 925
180 974
181 182
181 214
181 265
181 317
181 337
181 422
181 464
181 549
181 582
181 636
181 650
181 708
181 852
181 859
181 911
181 935
181 971
181 988
182 416
182 427
182 440
182 530
182 560
182 570
182 700
182 885
182 908
183 255
183 257
183 367
183 446
183 489
183 504
183 772
183 830
183 903
183 957
184 197
184 401
184 434
184 443
184 542
184 594
184 611
184 782
184 819
184 989
185 359
185 538
185 559
185 737
185 845
185 865
185 922
185 989
186 278
186 333
186 601
186 621
186 658
186 849
186 878
186 955
186 963
186 980
187 256
187 274
187 287
187 297
187 338
187 512
187 591
187 683
187 802
187 872
187 914
188 257
188 421
188 477
188 526
188 748
188 759
188 896
188 930
188 948
188 956
189 251
189 473
189 482
189 484
189 520
189 544
189 693
189 705
190 225
190 435
190 460
190 486
190 640
190 657
190 729
190 739
190 834
190 912
190 913
191 271
191 287
191 399
191 403
191 452
191 459
191 470
191 478
191 571
191 614
191 618
191 625
191 845
191 931
192 253
192 354
192 442
192 452
192 555
192 583
192 612
192 613
192 660
192 790
193 197
193 252
193 265
193 299
193 324
193 329
193 380
193 617
193 656
193 687
193 822
193 975
194 305
194 375
194 422
194 530
194 562
194 675
194 747
194 754
194 862
195 226
195 249
195 287
195 333
195 355
195 508
195 509
195 511
195 546
195 589
195 639
195 647
195 679
195 842
195 861
195 866
195 937
196 388
196 474
196 498
196 514
196 558
196 754
196 818
196 920
196 948
196 951
196 977
197 343
197 454
197 510
197 748
197 825
197 857
197 901
197 999
198 279
198 320
198 500
198 532
198 552
198 625
198 726
198 869
198 948
198 963
199 233
199 298
199 313
199 334
199 416
199 453
199 509
199 565
199 652
199 752
199 842
199 913
199 947
199 992
200 211
200 266
200 303
200 316
200 383
200 397
200 444
200 449
200 479
200 530
200 540
200 548
200 587
200 617
200 853
200 907
200 977
201 296
201 449
201 684
202 257
202 263
202 395
202 539
202 742
202 775
202 941
203 273
203 399
203 431
203 648
203 660
203 732
203 746
203 974
204 252
204 266
204 310
204 361
204 445
204 606
204 665
204 741
204 930
205 352
205 483
205 879
205 957
205 960
205 990
206 278
206 293
206 330
206 429
206 447
206 501
206 505
206 527
206 724
206 742
206 791
207 427
207 493
207 519
207 591
207 592
207 600
207 647
207 703
207 766
207 860
207 905
207 919
207 962
207 964
207 991
208 302
208 422
208 526
208 631
208 703
208 765
208 794
208 798
208 907
208 952
208 961
209 309
209 357
209 476
209 589
209 787
209 855
210 263
210 316
210 362
210 366
210 385
210 409
210 436
210 756
210 773
210 879
211 345
211 773
211 783
211 789
211 851
211 935
211 937
211 985
212 408
212 534
212 649
212 719
213 316
213 318
213 346
213 421
213 506
213 605
213 686
213 712
213 808
213 865
213 924
213 948
213 969
214 236
214 282
214 357
214 464
214 665
214 690
214 753
214 788
214 812
214 939
214 947
215 225
215 230
215 334
215 387
215 448
215 499
215 791
215 834
215 855
215 882
216 249
216 455
216 480
216 593
216 597
216 700
216 732
216 749
216 833
216 888
216 917
217 323
217 387
217 404
217 464
217 474
217 533
217 626
217 714
217 724
217 782
217 785
217 892
217 930
217 989
218 242
218 286
218 513
218 582
218 674
218 675
218 680
219 449
219 488
219 533
219 672
219 930
220 281
220 356
220 517
220 523
220 600
220 658
220 692
220 784
220 798
220 817
220 841
220 905
220 933
220 934
220 935
221 239
221 247
221 252
221 335
221 346
221 356
221 400
221 444
221 559
221 563
221 694
221 728
221 792
221 941
221 974
222 265
222 370
222 454
222 529
222 698
222 702
222 721
222 780
222 860
222 970
223 279
223 376
223 409
223 642
223 646
223 772
223 782
223 864
224 231
224 452
224 513
224 581
224 629
224 731
224 760
224 805
225 368
225 417
225 436
225 486
225 493
225 663
225 706
225 754
225 764
225 808
225 837
226 268
226 338
226 433
226 533
226 594
226 744
226 814
226 922
226 992
227 320
227 543
227 593
227 669
227 834
227 906
228 292
228 376
228 391
228 461
228 725
228 960
229 349
229 360
229 374
229 376
229 541
229 650
229 825
229 848
230 241
230 262
230 311
230 419
230 508
230 616
230 888
231 377
231 401
231 582
231 591
231 603
231 689
231 797
231 902
231 971
232 253
232 383
232 404
232 411
232 414
232 513
232 517
232 671
232 699
232 702
232 784
232 803
232 879
232 942
232 958
233 390
233 479
233 498
233 575
233 665
233 854
233 856
233 984
234 317
234 339
234 365
234 419
234 427
234 464
234 482
234 502
234 531
234 539
234 606
234 679
234 704
234 807
234 826
234 849
234 968
235 302
235 336
235 404
235 479
235 778
235 814
235 855
235 857
235 863
235 950
235 965
236 295
236 360
236 398
236 437
236 487
236 654
236 656
236 685
236 711
236 795
236 814
237 318
237 393
237 403
237 431
237 434
237 657
237 819
237 821
237 900
238 252
238 347
238 452
238 470
238 737
238 749
238 866
238 945
238 955
239 247
239 287
239 404
239 409
239 411
239 420
239 494
239 591
239 860
239 938
240 267
240 464
240 481
240 850
240 894
240 922
241 285
241 360
241 479
241 525
241 554
241 580
241 670
241 726
241 878
241 926
242 325
242 348
242 472
242 517
242 544
242 650
242 712
242 741
242 842
242 887
242 900
243 276
243 292
243 377
243 592
243 621
243 700
243 755
243 852
243 879
243 920
244 362
244 471
244 603
244 742
244 813
244 823
244 826
244 849
244 873
245 268
245 459
245 540
245 791
245 885
245 887
245 976
246 386
246 430
246 449
246 455
246 476
246 516
246 526
246 590
246 626
246 631
246 928
247 287
247 321
247 412
247 492
247 535
247 615
247 658
247 695
247 703
247 763
247 881
248 412
248 477
248 536
248 542
248 591
248 698
248 801
248 843
248 859
248 897
248 919
248 998
249 276
249 314
249 343
249 503
249 898
250 375
250 468
250 507
250 634
250 765
250 828
250 837
251 343
251 528
251 577
251 584
251 701
251 724
251 809
252 334
252 379
252 383
252 588
252 695
252 839
252 852
252 963
253 595
253 670
253 768
253 913
254 338
254 375
254 450
254 475
254 690
254 842
255 405
255 479
255 672
255 680
255 686
255 687
255 816
255 874
255 911
256 535
256 650
256 704
256 719
256 772
256 787
256 811
256 891
256 988
257 437
257 745
257 748
257 868
257 870
257 971
257 995
258 303
258 392
258 401
258 466
258 515
258 609
258 748
258 782
258 827
258 889
258 902
258 939
259 355
259 395
259 463
259 550
259 659
259 670
259 731
259 835
259 838
259 926
260 311
260 607
260 677
260 688
260 831
261 324
261 407
261 487
261 577
261 596
261 603
261 825
261 883
261 893
262 336
262 366
262 391
262 465
262 534
262 654
262 835
262 880
262 908
262 979
263 448
263 469
263 484
263 509
263 587
263 615
263 618
263 661
263 715
263 868
263 889
263 939
263 948
264 359
264 364
264 427
264 464
264 475
264 598
264 656
264 709
264 728
264 742
264 813
264 832
264 918
265 296
265 322
265 375
265 388
265 494
265 798
265 938
265 939
265 954
265 978
266 275
266 298
266 312
266 382
266 447
266 504
266 570
266 678
266 734
266 795
266 867
266 870
266 956
266 970
267 773
267 916
268 376
268 409
268 532
268 612
268 643
268 785
268 791
268 860
268 915
268 933
268 984
269 366
269 393
269 776
269 782
269 913
269 992
270 271
270 283
270 299
270 345
270 571
270 585
270 689
270 726
270 773
270 787
270 835
271 319
271 489
271 553
271 648
271 661
271 851
271 855
271 905
271 940
272 305
272 535
272 627
272 672
272 740
272 809
272 828
272 905
272 913
272 940
273 276
273 794
273 816
273 828
273 866
273 891
273 897
273 927
274 742
274 832
274 999
275 309
275 327
275 547
275 680
275 932
275 940
276 318
276 356
276 361
276 486
276 502
276 526
276 574
276 688
276 741
276 754
276 819
276 859
276 867
277 301
277 664
277 813
277 857
277 935
277 994
278 350
278 571
278 608
278 624
278 680
278 857
279 335
279 479
279 535
279 554
279 589
279 628
279 679
279 848
279 902
279 992
280 286
280 366
280 466
280 505
280 512
280 514
280 567
280 626
280 980
281 332
281 345
281 357
281 520
281 541
281 698
281 747
281 810
281 829
281 832
281 920
281 978
282 357
282 385
282 401
282 483
282 671
282 678
282 687
282 725
282 788
282 990
283 332
283 369
283 379
283 689
283 719
283 989
283 993
284 311
284 317
284 343
284 363
284 438
284 495
284 679
284 700
284 764
284 852
284 865
284 881
284 949
285 514
285 548
285 557
285 705
285 722
285 751
286 313
286 442
286 518
286 526
286 608
286 647
286 666
286 744
286 824
286 989
287 501
287 649
287 685
287 689
287 853
287 972
288 309
288 349
288 460
288 568
288 608
288 776
288 895
289 390
289 908
290 355
290 442
290 476
290 540
290 829
290 952
290 972
291 484
291 498
291 671
291 731
291 908
291 929
292 542
292 550
292 696
292 702
292 757
292 931
293 367
293 527
293 632
293 724
293 730
293 868
294 375
294 527
294 679
294 696
294 730
294 738
294 850
294 928
294 980
295 367
295 412
295 536
295 662
295 740
295 741
295 835
295 863
295 866
295 891
295 987
296 346
296 430
296 520
296 555
296 585
296 615
296 768
296 798
296 889
296 988
297 363
297 425
297 491
297 498
297 526
297 529
297 537
297 573
297 863
297 951
298 301
298 720
298 758
298 778
298 818
298 919
299 439
299 454
299 547
299 587
299 621
299 722
299 814
299 891
300 303
300 309
300 338
300 415
300 505
300 516
300 587
300 730
300 973
301 308
301 391
301 483
301 564
301 669
301 728
301 768
301 788
301 855
301 933
301 989
302 352
302 665
302 757
302 772
302 829
302 941
302 956
303 396
303 534
303 601
303 693
303 700
303 762
303 818
304 321
304 377
304 406
304 433
304 461
304 480
304 567
304 590
304 624
304 743
304 896
304 966
305 510
305 551
305 675
305 759
305 789
305 913
305 994
306 345
306 360
306 383
306 390
306 641
306 701
306 791
306 885
307 334
307 463
307 509
307 658
307 797
307 891
307 902
307 923
307 939
308 390
308 579
308 731
309 342
309 382
309 435
309 436
309 483
309 522
309 564
309 647
309 714
309 811
309 819
309 915
309 940
310 311
310 368
310 437
310 536
310 547
310 587
310 649
310 650
310 683
310 907
311 313
311 505
311 599
311 615
311 694
311 721
311 899
311 957
312 365
312 417
312 426
312 452
312 636
312 648
312 865
312 894
312 905
312 933
312 986
313 339
313 572
313 957
314 441
314 558
314 623
314 655
314 692
314 911
314 961
315 336
315 389
315 394
315 420
315 454
315 510
315 548
315 789
315 890
315 899
315 997
316 491
316 511
316 610
316 616
316 694
316 706
316 751
316 806
316 839
316 895
316 929
317 357
317 401
317 462
317 624
317 639
317 813
317 968
318 494
318 514
318 539
318 703
318 734
318 838
318 845
318 950
319 328
319 456
319 478
319 577
319 603
319 637
319 699
319 717
319 808
319 919
319 936
320 590
320 696
320 779
320 812
320 840
320 924
320 969
321 403
321 412
321 447
321 522
321 607
321 648
321 862
321 894
321 968
322 323
322 346
322 410
322 446
322 522
322 528
322 574
322 649
322 650
322 856
322 995
323 334
323 399
323 461
323 515
323 657
323 722
323 747
323 839
323 843
323 929
324 412
324 439
324 466
324 532
324 562
324 568
324 604
324 710
324 832
324 919
324 939
325 338
325 526
325 566
325 568
325 763
325 826
325 832
325 842
325 877
326 395
326 406
326 408
326 474
326 665
326 683
326 722
326 732
327 405
327 423
327 453
327 457
327 483
327 524
327 536
327 540
327 848
327 873
327 874
327 878
327 953
328 347
328 415
328 809
328 996
329 481
329 499
329 677
329 726
329 740
329 774
329 836
329 913
329 998
330 344
330 418
330 526
330 539
330 619
330 715
330 911
330 939
330 942
331 420
331 424
331 464
331 504
331 757
331 952
332 335
332 346
332 364
332 464
332 559
332 748
332 801
332 836
332 948
332 965
332 999
333 409
333 502
333 517
333 614
333 620
333 629
333 661
333 740
333 758
333 761
333 850
333 858
334 463
334 518
334 525
334 616
334 677
334 685
334 724
334 837
334 897
334 922
334 968
335 454
335 480
335 501
335 548
335 553
335 606
335 616
335 726
335 769
335 846
336 646
336 770
336 829
336 848
336 857
336 860
336 903
336 971
337 353
337 545
337 688
337 722
337 791
337 881
338 492
338 666
338 668
338 936
339 350
339 380
339 394
339 409
339 504
339 540
339 579
339 749
339 782
339 814
340 374
340 414
340 565
340 594
340 669
340 705
340 713
340 726
340 793
340 903
340 927
341 362
341 378
341 433
341 502
341 666
341 702
341 740
341 752
341 785
341 872
341 878
342 430
342 456
342 482
342 496
342 693
342 756
342 846
342 849
342 952
343 363
343 574
343 789
343 939
343 943
344 404
344 417
344 423
344 444
344 569
344 600
344 649
344 661
344 695
344 757
344 859
344 948
345 436
345 440
345 441
345 791
346 438
346 628
346 801
346 821
346 828
346 965
347 400
347 417
347 419
347 827
347 952
348 394
348 454
348 634
348 723
348 777
348 848
348 978
349 387
349 462
349 501
349 699
349 805
349 889
350 386
350 451
350 481
350 569
350 570
350 607
350 637
350 683
350 765
351 416
351 429
351 436
351 445
351 542
351 645
351 789
351 823
351 851
351 863
351 867
351 887
351 900
352 387
352 482
352 545
352 600
352 672
352 710
352 760
352 772
352 925
353 378
353 416
353 461
353 508
353 513
353 619
353 635
353 713
353 939
353 996
354 379
354 420
354 604
354 631
354 644
354 854
354 938
355 581
355 592
355 623
355 827
355 862
355 866
355 894
355 897
355 948
356 495
356 575
356 584
356 637
356 700
356 776
356 777
356 888
356 904
357 358
357 427
357 463
357 606
357 645
357 681
357 763
357 818
357 819
357 870
357 947
357 960
358 379
358 392
358 457
358 481
358 594
358 669
358 814
358 933
359 446
359 509
359 545
359 606
359 788
359 826
359 881
360 464
360 661
360 678
360 714
360 715
360 732
360 770
360 784
361 526
361 570
361 640
361 722
361 758
361 761
361 995
362 364
362 406
362 489
362 493
362 552
362 568
362 779
362 794
362 938
363 436
363 473
363 523
363 588
363 625
364 371
364 443
364 609
364 613
364 620
364 751
364 830
364 885
364 912
364 915
365 422
365 618
365 799
365 823
365 877
366 529
366 554
366 558
366 646
366 668
366 721
366 740
366 746
366 794
366 814
366 943
367 752
367 778
367 779
367 792
367 809
367 849
367 859
367 881
367 984
368 407
368 528
368 543
368 611
368 733
368 763
368 846
368 873
368 918
368 954
369 434
369 526
369 539
369 584
369 586
369 605
369 633
369 636
369 784
369 902
369 903
369 919
370 597
370 668
370 691
370 860
371 742
371 805
372 416
372 520
372 589
372 631
372 712
372 821
372 939
373 453
373 591
373 609
373 654
373 727
373 793
373 852
373 879
374 419
374 475
374 521
374 553
374 740
374 850
374 914
374 955
375 378
375 476
375 628
375 655
375 668
375 674
375 702
375 705
375 717
375 752
375 903
376 413
376 511
376 778
377 407
377 463
377 468
377 566
377 602
377 819
377 828
377 930
378 383
378 398
378 414
378 537
378 545
378 617
378 689
378 735
378 773
378 927
379 532
379 546
379 551
379 614
379 668
379 860
380 431
380 455
380 588
380 730
380 737
380 749
380 887
380 903
380 984
381 426
381 430
381 459
381 481
381 522
381 615
381 712
381 781
381 782
381 868
382 388
382 420
382 513
382 715
382 718
382 752
382 822
382 851
383 403
383 413
383 431
383 433
383 434
383 441
383 447
383 509
383 632
383 707
383 849
383 854
384 563
384 567
384 597
384 622
384 693
384 713
384 838
384 994
385 439
385 463
385 518
385 599
385 713
385 773
385 827
385 883
385 927
386 525
386 559
386 576
386 607
386 648
386 696
386 823
386 842
386 962
386 972
387 395
387 601
387 617
387 802
387 810
387 863
387 908
388 485
388 506
388 649
388 711
388 773
388 842
388 904
389 393
389 612
389 655
389 678
389 915
389 940
389 998
390 441
390 509
390 512
390 518
390 843
390 860
391 463
391 534
391 782
391 847
391 882
392 448
392 791
392 829
392 900
392 930
392 987
392 995
393 537
393 539
393 608
393 634
393 751
393 812
393 847
393 903
393 952
393 978
394 417
394 455
394 583
394 636
394 638
394 756
394 956
394 973
395 421
395 450
395 513
395 520
395 576
395 697
395 704
395 841
395 848
395 883
395 945
395 955
395 999
396 511
396 581
396 787
396 866
397 404
397 557
397 594
397 845
397 935
398 405
398 439
398 799
398 892
398 983
399 475
399 573
399 682
399 739
399 830
399 835
399 989
400 476
400 502
400 547
400 567
400 588
400 699
400 770
400 780
400 867
400 968
401 491
401 585
401 622
401 657
401 660
401 701
401 773
401 810
401 946
402 412
402 414
402 433
402 570
402 685
402 803
402 883
402 905
402 908
402 962
402 970
402 994
403 526
403 554
403 871
403 988
403 996
404 464
404 530
404 643
404 720
404 728
404 730
404 908
404 919
405 409
405 501
405 646
405 688
405 793
405 827
405 938
405 977
406 410
406 442
406 584
406 746
406 790
406 791
406 806
406 812
406 889
407 415
407 422
407 429
407 463
407 470
407 569
407 757
407 852
407 854
407 957
407 962
407 974
408 510
408 519
408 575
408 614
408 717
408 737
408 820
408 834
409 500
409 541
409 745
409 858
410 586
410 636
410 709
410 788
410 808
410 817
410 982
410 993
411 535
411 552
411 601
411 679
411 865
411 917
411 921
411 950
412 644
412 672
412 691
412 751
412 928
413 461
413 480
413 559
413 616
413 664
413 725
413 788
413 865
413 901
413 903
413 927
414 446
414 485
414 509
414 661
414 817
414 855
414 940
414 968
414 971
415 491
415 543
415 631
415 769
415 770
415 835
415 973
416 438
416 447
416 690
416 706
416 841
416 910
416 915
416 951
416 963
417 470
417 534
417 591
417 684
417 787
417 885
417 958
417 963
418 432
418 470
418 614
418 620
418 755
418 788
418 893
419 420
419 445
419 535
419 873
419 885
419 921
419 958
419 969
420 536
420 555
420 606
420 614
420 632
420 821
420 911
421 430
421 462
421 548
421 584
421 660
421 730
421 738
421 863
421 982
421 990
422 462
422 466
422 734
422 769
422 821
422 853
422 996
423 507
423 572
423 700
423 773
423 823
423 966
424 447
424 578
424 619
424 824
424 866
424 872
424 881
425 435
425 458
425 532
425 688
425 708
425 768
425 816
425 822
425 869
425 970
426 503
426 641
426 653
426 699
426 723
426 850
426 942
427 447
427 496
427 747
427 892
427 925
427 933
428 441
428 449
428 620
428 633
428 659
428 814
428 951
429 537
429 555
429 583
429 586
429 590
429 659
429 714
429 738
429 831
429 860
429 909
429 919
430 569
430 648
430 688
430 747
430 931
430 961
431 470
431 523
431 609
431 624
431 722
431 757
431 926
431 937
431 979
432 558
432 611
432 759
432 914
432 966
433 444
433 564
433 565
433 601
433 835
433 871
433 939
433 968
433 985
434 498
434 548
434 704
434 772
434 884
434 952
435 477
435 548
435 715
435 917
435 981
436 580
436 742
436 840
437 527
437 537
437 824
437 840
437 890
438 509
438 595
438 743
438 827
438 884
438 945
438 949
439 678
439 679
439 974
440 475
440 534
440 587
440 625
440 794
440 892
440 988
441 510
441 555
441 588
441 590
441 776
441 814
442 584
442 713
442 729
442 743
442 750
442 945
443 537
443 718
443 725
444 455
444 622
445 552
445 590
445 892
445 950
445 984
446 527
446 625
446 689
446 813
446 905
446 910
446 918
447 504
447 541
447 612
447 725
447 819
447 992
448 451
448 564
448 578
448 688
448 724
448 735
448 781
448 788
448 894
448 920
449 506
449 553
449 738
450 512
450 553
450 612
450 958
450 987
451 476
451 765
451 836
451 915
451 997
452 534
452 641
452 668
452 692
452 882
452 898
453 462
453 504
453 668
453 751
453 773
453 920
454 626
454 627
454 745
454 772
454 821
454 880
454 888
454 913
454 951
455 474
455 531
455 599
455 639
455 934
455 983
456 537
456 596
456 630
456 645
456 710
456 795
456 857
456 879
456 900
457 497
457 508
457 711
457 750
457 879
457 902
458 476
458 601
458 778
458 832
458 837
458 846
458 865
459 574
459 632
459 786
459 810
459 928
459 947
460 477
460 488
460 530
460 550
460 621
460 646
460 651
460 709
460 986
460 996
461 463
461 694
461 926
461 966
462 475
462 559
462 727
462 847
462 882
462 947
462 999
463 558
463 757
463 781
463 831
463 847
463 961
464 561
464 652
464 704
464 751
464 789
464 871
464 912
464 994
465 719
465 826
465 828
465 859
465 913
465 944
465 987
466 557
466 596
466 652
466 685
466 762
466 835
466 836
466 969
466 973
466 978
467 718
467 736
467 743
467 762
467 795
467 828
467 966
468 501
468 544
468 594
468 610
468 629
468 845
468 846
468 901
469 572
469 590
469 706
469 806
469 816
470 501
470 564
470 597
470 764
470 800
470 864
470 875
470 951
471 496
471 770
471 845
472 579
472 636
472 653
472 733
472 823
472 946
473 496
473 707
473 746
473 816
473 959
474 548
474 575
474 657
474 684
474 760
475 504
475 652
475 952
476 582
477 562
477 600
477 768
477 779
477 812
477 872
477 909
478 531
478 553
478 558
478 581
478 677
478 787
478 941
479 590
479 593
479 662
479 722
479 789
479 829
480 519
480 979
481 524
481 536
481 556
481 582
481 688
481 749
481 781
481 966
482 604
482 663
482 834
482 864
482 893
483 622
483 646
483 665
483 769
483 911
484 701
484 738
484 898
484 991
485 512
485 575
485 619
485 622
485 634
485 684
485 721
485 768
485 816
485 887
485 896
485 933
485 937
486 582
486 683
486 797
486 816
486 886
487 490
487 493
487 503
487 536
487 576
487 603
487 664
487 756
487 836
487 846
487 886
487 898
487 901
487 902
488 585
488 598
488 950
488 969
489 500
489 550
489 634
489 720
489 757
489 913
489 932
490 495
490 523
490 526
490 596
490 676
490 690
490 752
490 886
490 895
490 914
490 933
490 966
491 633
491 676
491 759
491 775
491 859
491 870
492 512
492 564
492 577
492 624
492 841
492 852
492 967
493 600
493 667
493 723
493 771
493 812
493 840
493 857
493 871
493 904
493 928
493 936
493 986
494 498
494 641
494 735
494 770
494 795
494 896
494 954
495 640
495 647
495 701
495 712
495 737
495 826
495 881
495 907
495 977
496 684
496 760
496 774
496 872
496 919
496 930
497 614
497 652
497 944
498 620
498 622
498 686
498 876
499 504
499 547
499 561
499 794
500 542
500 576
500 649
501 550
501 578
501 581
501 792
501 828
502 638
502 639
502 771
502 839
502 922
502 939
503 510
503 527
503 685
503 757
503 920
504 635
504 664
504 696
504 699
504 700
504 711
504 719
504 734
504 736
504 789
504 883
504 977
505 574
505 637
506 602
506 699
506 749
506 763
506 821
506 825
506 929
506 954
507 543
507 602
507 640
507 935
507 996
508 645
508 687
508 715
508 883
508 930
509 515
509 713
509 810
509 992
510 622
510 682
510 742
510 768
510 867
510 913
510 938
510 949
511 850
512 525
512 791
512 957
513 596
513 674
513 808
513 942
513 994
513 995
514 609
514 761
514 900
514 918
514 964
514 991
515 530
515 592
515 714
515 795
515 959
515 972
516 539
516 650
516 817
517 674
517 686
517 725
517 743
517 837
517 857
517 887
517 959
517 966
518 533
518 549
518 650
518 758
518 944
519 637
519 905
519 964
520 601
520 694
520 895
520 995
521 673
521 718
521 732
521 784
521 904
522 659
522 840
522 906
522 970
523 554
523 663
523 868
523 902
523 968
523 969
523 989
524 682
524 702
524 770
524 899
524 943
525 540
525 607
525 754
525 850
525 860
525 909
525 964
526 692
526 996
527 569
527 629
527 651
527 714
527 756
527 849
527 886
527 948
528 627
528 643
528 649
528 730
528 770
529 581
529 604
529 743
529 750
529 777
529 817
529 839
529 992
530 855
530 894
530 934
530 953
531 543
531 544
531 826
531 901
532 545
532 749
532 764
532 831
532 884
533 575
533 598
533 729
533 738
533 884
533 976
534 577
534 720
534 733
534 785
534 974
535 558
535 586
535 608
535 666
535 814
535 815
535 826
535 874
535 895
535 965
535 968
536 593
536 597
536 635
536 708
536 727
536 816
536 878
536 912
537 567
537 579
537 658
537 764
537 780
537 794
537 823
537 897
538 568
538 591
538 593
538 703
538 852
538 909
538 999
539 677
539 709
539 968
540 663
540 930
540 932
540 943
541 656
541 804
541 828
541 941
541 980
542 659
542 742
542 763
542 956
543 584
543 585
543 595
543 779
543 904
543 925
544 556
544 618
544 668
544 710
544 801
544 829
544 853
544 936
544 966
545 692
545 706
545 891
545 911
546 556
546 811
546 827
546 875
547 877
547 881
547 885
548 579
548 709
548 765
548 818
548 906
548 983
549 668
549 741
549 814
549 835
549 870
549 943
550 667
550 675
550 727
550 784
550 915
551 583
551 587
551 704
551 740
551 774
551 797
551 804
551 878
551 953
552 616
552 628
552 700
552 860
552 992
553 622
553 672
553 686
553 696
553 700
553 703
553 759
553 931
554 628
554 632
554 641
554 731
554 912
554 914
554 915
555 594
555 600
555 756
555 781
555 806
555 949
556 705
556 738
556 994
557 615
557 644
557 729
557 734
557 746
557 862
557 892
557 922
558 562
558 569
558 614
558 679
558 682
558 815
558 976
559 562
559 572
559 653
559 678
559 735
559 747
559 974
561 589
561 649
561 714
561 725
561 741
561 982
562 612
562 654
562 760
562 882
562 959
562 971
563 683
563 722
563 747
563 892
564 638
564 693
564 799
564 862
565 753
565 793
565 811
565 838
565 841
565 848
565 886
565 902
565 948
566 811
566 906
567 669
567 698
567 729
567 753
568 678
568 744
568 971
569 635
569 674
569 893
570 589
570 704
570 798
570 803
570 942
570 970
571 630
571 654
571 695
571 981
572 611
572 633
572 660
572 674
572 684
572 975
572 995
573 606
573 691
573 715
573 768
573 828
573 877
573 910
573 990
574 632
574 636
574 637
574 769
574 829
575 640
575 846
575 865
576 580
576 673
576 897
576 902
576 967
576 988
577 581
577 721
577 727
577 738
577 741
577 756
577 832
578 734
578 836
578 861
578 886
578 900
578 915
579 637
579 754
579 765
579 808
580 626
580 836
580 848
580 894
580 895
581 620
581 716
581 774
581 844
581 928
582 638
582 965
582 983
583 854
583 906
583 914
583 952
584 845
584 910
584 922
585 689
585 702
585 714
585 722
585 837
585 942
586 618
586 787
586 792
586 803
587 622
587 647
587 707
587 906
587 987
588 598
588 719
588 807
588 832
588 906
588 916
588 948
589 597
589 738
589 740
589 955
589 998
590 603
590 607
590 637
590 814
590 909
590 977
591 650
591 745
591 767
591 792
591 853
591 866
591 909
591 913
591 960
592 628
592 854
592 863
592 937
592 952
592 963
592 970
592 981
593 681
593 718
593 721
593 730
593 860
593 923
593 967
594 641
594 661
594 706
594 723
594 744
594 812
594 858
595 628
595 747
595 919
595 959
595 976
596 798
596 859
596 945
596 964
597 621
597 838
597 870
597 933
597 948
597 972
598 696
598 781
598 815
599 674
599 718
600 613
600 884
601 646
601 663
601 696
601 838
601 921
601 941
601 990
602 719
602 831
602 936
602 944
603 638
603 730
603 808
603 873
603 891
603 952
603 975
604 758
604 770
604 940
604 966
605 702
605 858
606 611
606 654
606 804
606 930
607 676
607 756
607 788
607 995
608 648
608 698
608 777
608 811
608 823
608 852
608 951
608 970
609 799
609 838
609 891
609 961
610 909
610 969
611 631
611 634
611 642
611 657
611 658
611 673
611 796
612 630
612 640
612 675
612 688
612 793
612 859
613 676
613 718
613 993
614 799
614 917
614 924
615 623
615 631
615 692
615 708
615 757
615 846
615 848
615 921
616 621
616 681
616 683
616 817
616 921
616 937
617 673
617 867
617 901
617 918
618 651
618 689
618 722
618 767
618 928
618 935
618 971
619 631
619 743
619 754
619 778
619 798
620 766
620 932
620 967
620 983
621 675
621 969
622 733
622 897
622 949
622 955
623 639
623 774
623 821
623 898
623 914
623 924
623 973
623 989
623 999
624 691
624 718
624 741
625 704
625 840
625 905
626 922
626 942
627 738
627 748
627 771
627 858
627 934
627 983
628 715
628 770
628 804
628 817
628 834
628 856
628 866
628 936
628 972
628 978
629 676
629 890
629 954
629 986
630 631
630 642
630 704
630 743
630 889
630 979
631 703
631 728
631 929
631 947
632 634
632 638
632 735
632 739
632 789
632 949
633 702
633 846
633 947
634 769
634 896
634 945
634 966
635 640
635 646
635 689
635 698
635 719
635 754
635 886
636 657
636 662
636 786
636 854
636 866
637 698
637 772
637 838
637 887
638 765
638 880
638 925
638 998
638 999
639 653
639 679
639 681
639 715
639 722
640 740
640 885
640 900
641 725
641 746
641 889
641 983
642 763
642 774
642 908
642 970
643 662
643 668
643 859
644 820
644 908
645 774
645 795
645 898
646 826
646 843
646 854
646 857
646 869
646 988
647 704
647 843
647 914
648 738
648 927
649 813
649 824
649 825
649 839
649 901
650 775
650 801
650 838
650 847
650 914
650 928
651 836
651 952
652 654
652 781
652 783
652 807
652 834
652 879
652 904
652 943
653 689
653 701
653 738
653 771
653 806
653 885
653 958
653 966
653 967
654 817
654 831
654 868
654 898
654 966
655 858
655 880
655 909
656 698
656 850
656 936
656 982
657 680
657 785
657 820
657 941
658 753
658 835
658 856
659 671
659 675
659 716
659 720
659 802
659 841
659 906
659 987
660 686
660 732
660 767
660 772
660 848
660 924
661 700
661 705
661 743
661 763
661 778
661 818
661 889
661 998
662 668
662 674
662 721
662 863
662 908
662 979
663 709
663 711
663 786
663 893
664 680
664 783
664 833
664 987
665 904
665 950
666 680
666 682
666 706
666 988
667 752
667 838
667 876
667 921
668 686
669 792
669 970
669 984
670 715
670 738
670 957
670 972
670 992
671 797
671 814
671 884
671 907
671 912
671 915
671 968
672 678
672 757
672 821
672 855
673 778
673 912
673 976
673 984
674 719
674 800
674 891
674 897
674 960
675 811
675 972
675 990
676 774
676 787
676 789
676 844
676 878
677 736
677 813
677 953
678 861
678 956
679 704
679 842
679 935
679 952
679 976
680 823
680 969
681 708
681 779
681 931
682 808
682 945
683 938
683 975
683 976
684 696
684 707
684 708
684 758
684 983
686 750
686 827
686 874
686 878
686 936
687 777
687 878
687 906
687 920
688 879
688 916
689 727
689 736
689 802
689 824
689 912
689 931
690 756
690 833
690 852
690 898
691 979
692 703
692 739
692 849
692 898
692 958
693 805
693 815
693 817
693 828
693 895
694 792
694 802
694 882
695 787
695 968
696 702
696 709
696 742
696 785
696 927
696 935
697 862
697 917
698 823
698 845
698 987
698 988
699 827
699 993
700 722
700 788
701 847
702 727
702 767
703 717
703 800
703 830
703 907
703 940
704 872
704 916
704 989
705 809
705 967
705 982
705 994
706 723
706 866
706 923
707 784
707 855
707 880
708 777
708 901
708 942
709 735
709 787
709 789
709 999
710 718
710 766
710 781
711 853
711 895
712 961
713 820
713 854
713 876
713 891
713 910
713 951
713 985
714 826
714 850
715 937
715 963
715 976
715 999
716 842
716 889
716 899
716 996
717 750
717 768
717 951
718 767
718 945
718 987
719 934
719 981
720 729
720 745
720 879
721 774
721 944
721 985
722 840
722 841
722 862
722 921
723 765
723 811
723 908
723 930
723 981
723 996
724 801
724 883
724 913
724 932
725 833
725 855
725 940
726 764
726 834
726 914
726 918
726 956
726 972
727 805
727 880
728 780
728 853
729 738
729 761
729 836
729 876
729 881
729 896
729 912
729 947
729 979
730 763
730 829
730 901
730 954
731 766
731 781
731 798
731 839
731 974
732 831
732 978
733 734
733 884
733 963
734 799
735 777
735 832
735 845
735 865
735 886
736 873
736 927
736 998
737 934
738 841
738 998
739 766
739 769
739 808
739 947
739 991
740 823
740 848
740 907
740 984
741 840
741 991
742 779
742 923
742 952
742 998
743 785
743 869
743 926
743 967
743 979
744 790
744 791
744 916
745 804
745 812
745 881
745 941
746 757
746 839
746 842
746 880
746 907
746 952
747 751
747 828
747 831
747 866
748 775
748 876
748 923
748 990
749 763
749 922
750 876
750 951
750 970
751 761
751 793
751 869
751 915
752 814
752 853
752 897
753 854
753 998
754 781
754 882
754 908
755 823
755 864
755 877
755 918
755 978
755 995
756 853
756 914
756 938
757 780
757 858
757 870
757 985
758 784
758 971
759 784
759 824
759 840
760 852
760 853
760 953
761 834
761 857
761 861
761 899
761 959
762 843
762 849
763 806
763 843
764 952
764 964
764 970
765 919
765 926
765 955
766 894
766 990
767 768
767 769
767 948
768 941
769 779
769 803
769 911
770 949
771 775
771 854
771 983
773 929
773 946
774 776
774 811
774 843
774 922
774 971
776 849
776 882
777 824
777 829
777 846
777 889
777 998
778 792
778 903
779 787
779 857
779 864
779 969
781 814
781 871
781 942
782 917
782 920
783 789
783 790
783 823
783 892
783 907
784 893
784 902
784 903
784 928
784 950
785 959
785 985
786 882
786 973
787 834
787 894
787 944
787 966
787 984
789 967
790 851
790 860
790 866
791 839
791 915
791 916
792 867
792 879
792 955
792 977
793 811
793 894
793 984
794 883
795 864
795 916
795 924
795 984
797 800
797 980
798 816
800 814
800 849
800 943
801 884
801 902
802 914
802 979
803 838
803 916
804 855
804 936
804 937
804 972
805 975
806 807
806 840
806 896
806 941
806 955
807 814
807 851
808 836
808 910
808 930
808 996
809 831
809 859
809 861
809 926
809 937
809 938
810 916
810 923
810 945
810 976
811 861
811 881
811 945
811 955
812 863
812 936
812 963
813 955
814 836
814 877
814 941
814 995
816 828
816 882
816 980
817 842
817 862
818 888
818 900
818 901
818 912
818 960
819 914
819 980
820 974
821 964
823 830
824 834
824 996
825 879
825 920
825 942
826 840
826 979
827 953
827 993
829 834
831 916
831 968
832 884
832 968
834 844
835 881
835 977
836 947
836 972
836 980
838 849
838 937
839 852
839 975
840 857
841 990
842 972
842 980
843 856
843 861
843 916
843 942
843 993
844 867
844 997
845 944
847 871
847 937
848 902
849 859
849 969
849 990
850 994
851 935
852 871
852 963
853 868
854 919
854 992
855 966
856 923
858 859
858 999
859 880
859 894
859 944
860 871
860 897
860 923
863 875
863 899
863 904
864 898
864 942
864 999
866 875
866 906
867 879
867 980
868 905
868 943
869 961
870 925
870 971
870 997
871 902
871 991
872 960
873 971
873 992
874 938
874 945
875 897
875 932
876 898
877 991
878 917
879 887
881 953
881 981
881 984
883 893
883 903
883 910
883 929
885 894
885 923
885 935
885 983
886 930
887 897
887 920
887 928
888 957
889 934
889 963
890 930
892 913
893 947
893 951
893 964
893 971
894 899
894 999
895 981
896 897
898 934
898 942
898 975
899 929
899 950
899 982
900 946
901 983
902 974
903 916
903 935
906 924
906 944
906 970
907 985
909 978
910 989
911 933
915 930
916 946
917 920
919 958
920 969
923 969
924 945
927 963
927 970
928 966
932 935
933 951
937 948
941 957
941 958
943 982
943 984
944 963
944 984
945 971
948 985
949 989
951 961
951 978
952 957
953 974
953 987
957 970
959 985
963 970
963 988
967 975
970 973
971 976
971 993
974 990
975 987
978 996
983 986
991 996
