0
1000
6176
0
1
0
0 44
0 117
0 131
0 218
0 285
0 346
0 480
0 588
0 674
0 682
0 688
0 771
0 787
0 863
0 983
0 998
1 238
1 242
1 246
1 301
1 312
1 456
1 560
1 887
1 904
1 999
2 78
2 86
2 265
2 482
2 657
2 667
2 707
3 74
3 137
3 195
3 279
3 463
3 482
3 490
3 599
3 601
3 690
4 58
4 209
4 275
4 291
4 325
4 399
4 597
4 966
4 982
5 140
5 255
5 275
5 308
5 323
5 353
5 379
5 595
5 684
5 946
6 12
6 57
6 81
6 244
6 276
6 321
6 351
6 390
6 462
6 520
6 651
6 676
6 869
7 64
7 87
7 160
7 227
7 401
7 424
7 484
7 563
7 597
7 614
7 656
7 678
7 695
7 728
7 804
7 855
7 878
8 47
8 172
8 188
8 228
8 459
8 893
8 916
8 944
8 947
9 124
9 274
9 423
9 476
9 662
9 699
9 707
10 18
10 35
10 51
10 97
10 195
10 296
10 298
10 302
10 403
10 421
10 478
10 482
10 497
10 539
10 574
10 602
10 605
10 818
10 826
10 890
11 170
11 179
11 205
11 267
11 391
11 436
11 498
11 700
11 820
11 921
12 75
12 180
12 186
12 386
12 412
12 586
12 594
12 830
12 844
13 107
13 268
13 425
13 559
13 765
14 251
14 295
14 655
14 786
14 905
14 975
15 139
15 140
15 179
15 248
15 252
15 445
15 510
15 592
15 799
15 811
15 858
15 884
16 106
16 157
16 245
16 247
16 262
16 326
16 362
16 382
16 401
16 434
16 501
16 540
16 619
16 628
16 643
16 666
16 705
16 711
16 797
16 886
17 30
17 31
17 52
17 207
17 227
17 346
17 372
17 953
17 958
17 974
18 27
18 68
18 143
18 162
18 223
18 310
18 319
18 397
18 581
18 617
18 652
18 670
18 683
18 741
18 817
18 948
19 118
19 195
19 357
19 370
19 589
19 690
19 953
20 89
20 135
20 252
20 338
20 581
20 683
20 737
20 755
20 769
20 853
20 883
20 916
21 38
21 99
21 110
21 175
21 288
21 322
21 494
21 595
21 644
21 686
21 724
21 779
21 952
22 133
22 138
22 302
22 380
22 494
22 587
22 605
22 612
22 677
22 739
22 805
22 893
22 904
22 963
23 136
23 291
23 350
23 438
23 451
23 495
23 544
23 555
23 650
23 689
23 800
23 810
23 941
23 956
23 988
24 50
24 151
24 191
24 439
24 458
24 488
24 538
24 570
24 770
24 819
24 823
24 889
25 120
25 142
25 162
25 209
25 267
25 271
25 381
25 595
25 631
25 661
25 709
25 788
25 806
25 877
25 932
25 996
26 107
26 169
26 297
26 334
26 349
26 358
26 366
26 516
26 709
26 922
26 944
26 959
27 60
27 103
27 285
27 306
27 341
27 587
27 735
27 756
27 831
28 93
28 205
28 208
28 279
28 349
28 480
28 543
28 814
28 906
29 49
29 81
29 135
29 168
29 304
29 448
29 486
29 515
29 836
29 842
30 197
30 322
30 328
30 341
30 506
30 623
30 655
30 722
30 737
30 855
30 862
30 881
30 939
30 948
31 172
31 234
31 356
31 632
31 726
31 835
31 863
31 866
31 887
31 892
31 980
32 95
32 322
32 454
32 625
32 697
32 876
32 928
32 940
33 53
33 91
33 105
33 190
33 216
33 265
33 280
33 408
33 512
33 845
33 887
33 902
34 62
34 80
34 323
34 385
34 396
34 433
34 565
34 586
34 630
34 690
34 693
34 699
34 771
34 838
34 851
34 869
34 948
34 995
35 169
35 369
35 424
35 730
35 775
35 827
35 845
35 879
36 40
36 108
36 150
36 151
36 176
36 264
36 309
36 314
36 356
36 372
36 416
36 439
36 509
36 539
36 546
36 645
36 683
36 882
37 40
37 149
37 178
37 292
37 529
37 646
37 668
37 691
37 756
37 857
37 936
37 986
37 998
38 77
38 100
38 259
38 309
38 376
38 386
38 453
38 457
38 624
38 659
38 890
38 984
39 197
39 244
39 277
39 311
39 532
39 796
39 807
39 906
39 959
39 980
40 85
40 157
40 238
40 249
40 498
40 739
40 917
40 941
40 979
41 50
41 409
41 422
41 557
41 617
41 789
41 794
41 846
41 888
41 951
41 956
42 116
42 175
42 365
42 533
42 592
42 722
42 776
42 843
42 876
42 877
42 924
42 931
42 970
43 98
43 142
43 252
43 297
43 511
43 625
43 754
43 826
43 837
43 925
44 96
44 156
44 160
44 177
44 328
44 355
44 364
44 389
44 444
44 504
44 516
44 597
44 651
44 684
44 739
44 789
45 54
45 70
45 151
45 305
45 388
45 407
45 464
45 498
45 530
45 677
45 768
45 888
45 922
45 928
45 961
45 973
46 78
46 119
46 144
46 192
46 223
46 459
46 464
46 483
46 534
46 749
46 937
47 107
47 119
47 162
47 187
47 219
47 245
47 374
47 402
47 405
47 458
47 559
47 579
47 823
47 859
47 977
48 88
48 151
48 168
48 174
48 282
48 330
48 360
48 372
48 406
48 407
48 571
48 604
48 843
49 66
49 146
49 150
49 328
49 347
49 447
49 449
49 650
49 762
49 908
49 910
49 934
49 939
50 138
50 148
50 207
50 226
50 336
50 532
50 584
50 606
50 824
50 878
50 957
51 87
51 357
51 574
51 778
51 897
51 956
52 200
52 413
52 416
52 432
52 527
52 597
52 644
52 768
52 789
52 823
52 919
52 986
52 990
53 65
53 108
53 254
53 274
53 470
53 527
53 630
53 830
53 919
53 951
53 973
53 982
54 67
54 85
54 235
54 237
54 254
54 476
54 511
54 586
54 691
54 854
54 967
55 128
55 320
55 445
55 457
55 618
55 626
55 662
55 709
55 715
55 827
55 836
56 156
56 234
56 249
56 372
56 377
56 565
56 595
56 618
56 688
56 876
56 990
57 102
57 106
57 151
57 205
57 224
57 230
57 239
57 317
57 367
57 432
57 477
57 524
57 556
57 588
57 800
58 146
58 207
58 234
58 278
58 289
58 517
58 525
58 613
58 706
58 721
58 774
58 800
58 867
58 902
58 941
59 271
59 298
59 315
59 454
59 512
59 578
59 750
59 786
60 87
60 122
60 150
60 153
60 249
60 369
60 720
60 767
60 795
60 798
60 854
61 259
61 270
61 364
61 484
61 583
61 642
61 730
61 752
61 928
61 962
61 994
62 89
62 118
62 142
62 248
62 261
62 280
62 365
62 392
62 580
62 683
62 699
62 735
62 799
62 853
62 915
62 953
63 72
63 177
63 382
63 426
63 453
63 511
63 559
63 936
63 950
63 991
64 86
64 96
64 115
64 283
64 302
64 435
64 493
64 598
64 623
64 631
64 671
64 737
64 827
64 835
65 107
65 132
65 150
65 226
65 383
65 387
65 523
65 539
65 540
65 600
65 664
65 955
65 977
66 100
66 125
66 240
66 251
66 318
66 448
66 538
66 655
66 701
66 786
66 843
66 902
66 903
66 930
66 933
66 938
66 942
66 975
67 97
67 290
67 439
67 445
67 472
67 556
67 591
67 747
67 792
67 802
67 868
67 874
68 80
68 118
68 198
68 245
68 446
68 450
68 507
68 565
68 571
68 657
68 726
68 824
68 854
68 860
68 877
68 911
68 938
69 70
69 82
69 117
69 244
69 302
69 348
69 363
69 411
69 526
69 582
69 745
69 805
69 816
69 852
69 988
70 71
70 104
70 220
70 368
70 476
70 534
70 644
70 788
70 956
70 995
71 94
71 233
71 249
71 310
71 349
71 403
71 428
71 467
71 593
71 705
71 820
71 943
71 967
72 95
72 214
72 248
72 273
72 904
72 937
73 76
73 102
73 226
73 297
73 316
73 399
73 625
73 800
73 825
73 834
73 863
74 179
74 221
74 242
74 381
74 415
74 511
74 534
74 571
74 597
74 697
74 790
74 828
74 838
74 901
74 993
75 104
75 112
75 137
75 153
75 286
75 292
75 366
75 598
75 619
75 844
75 853
75 905
75 909
75 916
75 917
75 930
75 941
76 245
76 259
76 347
76 504
76 556
76 574
76 796
76 904
77 138
77 252
77 253
77 274
77 368
77 447
77 527
77 630
77 717
77 722
77 837
77 846
77 864
78 263
78 324
78 347
78 361
78 393
78 431
78 541
78 570
78 633
78 804
78 849
78 925
79 130
79 199
79 460
79 528
79 589
79 661
79 723
79 734
79 893
79 936
79 970
80 113
80 189
80 282
80 420
80 537
80 573
80 682
81 249
81 309
81 338
81 361
81 445
81 451
81 532
81 562
81 585
81 605
81 816
81 886
81 899
81 908
81 914
82 92
82 139
82 148
82 159
82 187
82 190
82 221
82 355
82 489
82 533
82 584
82 636
82 674
82 683
82 829
82 974
83 91
83 160
83 282
83 641
83 709
83 889
83 911
84 132
84 152
84 731
84 811
84 946
84 953
85 311
85 396
85 548
85 588
85 643
85 715
85 825
85 827
85 843
85 946
86 174
86 445
86 560
86 879
86 887
86 963
87 91
87 119
87 122
87 286
87 343
87 366
87 424
87 674
87 680
87 861
87 955
87 986
87 995
88 159
88 217
88 510
88 566
88 595
88 606
88 680
88 681
88 780
88 831
88 914
88 939
89 291
89 301
89 308
89 558
89 663
89 756
89 779
89 924
90 308
90 345
90 352
90 453
90 685
90 687
90 704
91 459
91 498
91 570
91 641
91 722
91 751
91 942
92 281
92 361
92 439
92 639
92 663
92 812
92 834
92 982
92 985
93 203
93 298
93 353
93 437
93 450
93 508
93 524
93 532
94 171
94 224
94 295
94 345
94 370
94 396
94 471
94 502
94 510
94 596
94 657
94 716
94 797
94 969
94 980
94 995
95 116
95 171
95 193
95 256
95 428
95 492
95 605
95 650
95 793
95 918
95 983
95 987
96 130
96 269
96 303
96 394
96 465
96 549
96 556
96 649
96 718
96 865
96 913
96 926
96 977
97 218
97 239
97 295
97 314
97 328
97 435
97 507
97 720
97 854
97 896
97 905
97 977
98 270
98 328
98 370
98 430
98 455
98 531
98 574
98 650
98 659
98 676
98 695
98 713
98 808
98 884
98 890
98 998
99 297
99 385
99 455
99 557
99 570
99 605
99 839
99 863
100 232
100 266
100 268
100 294
100 297
100 315
100 407
100 440
100 664
100 767
100 803
100 869
100 874
100 979
101 125
101 174
101 487
101 568
101 616
101 667
101 695
101 698
101 756
101 759
101 870
101 897
102 232
102 337
102 357
102 429
102 452
102 591
102 713
102 716
102 805
103 110
103 263
103 429
103 498
103 506
103 571
103 589
103 643
103 666
103 840
103 997
104 121
104 268
104 281
104 293
104 413
104 443
104 490
104 509
104 617
104 632
104 634
104 736
104 951
104 952
104 974
105 178
105 286
105 476
105 522
105 548
105 624
105 748
105 905
105 998
106 281
106 457
106 528
106 534
106 538
106 692
106 780
106 883
106 913
106 938
107 200
107 228
107 231
107 252
107 285
107 293
107 325
107 368
107 453
107 493
107 584
107 608
107 640
107 897
107 965
108 243
108 362
108 412
108 490
108 513
108 654
108 983
109 171
109 197
109 245
109 278
109 330
109 346
109 506
109 829
109 917
109 958
109 972
110 274
110 303
110 750
110 803
111 156
111 186
111 263
111 294
111 323
111 439
111 481
111 485
111 604
111 670
111 693
111 779
111 799
111 801
111 878
111 882
111 911
112 161
112 189
112 192
112 245
112 294
112 519
112 585
112 617
112 752
112 772
112 824
112 903
112 915
113 116
113 134
113 182
113 331
113 676
114 195
114 323
114 399
114 551
114 625
114 735
114 736
114 849
114 881
114 995
115 187
115 337
115 360
115 514
115 566
115 641
115 750
115 769
115 821
116 207
116 234
116 305
116 471
116 507
116 635
116 640
116 760
116 899
116 919
116 958
117 147
117 219
117 254
117 305
117 392
117 448
117 456
117 625
117 650
117 688
117 691
117 713
117 750
117 882
118 180
118 484
118 515
118 642
118 708
118 730
118 796
118 964
119 168
119 604
119 735
119 990
120 161
120 210
120 224
120 242
120 285
120 349
120 377
120 522
120 532
120 552
120 685
120 686
120 997
121 140
121 177
121 196
121 275
121 433
121 481
121 482
121 512
121 569
121 838
121 914
121 971
121 997
122 147
122 212
122 423
122 654
123 143
123 355
123 386
123 444
123 580
123 593
123 654
123 833
124 170
124 210
124 468
124 622
124 693
124 713
124 736
124 782
124 810
124 920
124 998
125 275
125 295
125 389
125 571
125 620
125 681
125 721
125 727
125 805
125 912
125 960
126 190
126 410
126 438
126 604
126 720
126 930
126 981
127 134
127 352
127 472
127 495
127 539
127 596
127 627
127 767
127 915
128 177
128 206
128 250
128 300
128 380
128 504
128 574
128 631
128 739
128 744
128 836
128 905
128 941
129 174
129 180
129 318
129 481
129 491
129 493
129 620
129 774
129 819
129 857
129 884
129 965
130 164
130 273
130 321
130 339
130 361
130 491
130 712
130 754
130 821
130 917
131 185
131 269
131 303
131 368
131 432
131 594
131 648
131 732
131 760
131 793
131 817
131 854
131 882
131 885
131 886
131 909
131 983
132 136
132 292
132 332
132 355
132 405
132 544
132 593
132 723
132 822
132 973
132 978
133 210
133 225
133 432
133 470
133 543
133 659
133 765
133 776
133 844
133 880
133 907
133 970
134 153
134 294
134 452
134 470
134 490
134 529
134 539
134 568
134 586
134 632
134 637
134 661
134 667
134 827
134 870
134 979
134 985
135 197
135 410
135 423
135 448
135 560
135 620
135 711
135 741
135 793
135 816
135 821
135 824
135 840
135 862
135 959
136 160
136 193
136 261
136 320
136 359
136 708
136 767
137 251
137 306
137 607
137 645
137 739
137 779
137 886
138 158
138 252
138 293
138 300
138 305
138 330
138 447
138 504
138 978
138 980
139 212
139 228
139 326
139 445
139 451
139 524
139 648
139 715
139 842
139 882
140 162
140 225
140 264
140 390
140 417
140 528
140 574
140 585
140 766
140 775
140 837
140 900
140 934
141 188
141 687
141 713
141 762
141 824
141 915
141 925
142 203
142 227
142 347
142 561
142 748
142 864
142 883
142 921
143 354
143 369
143 427
143 456
143 564
143 589
143 918
144 200
144 300
144 349
144 400
144 512
144 586
144 594
144 597
144 659
144 962
145 163
145 548
145 664
145 696
146 186
146 390
146 405
146 470
146 701
146 702
146 890
146 931
147 155
147 230
147 355
147 382
147 400
147 432
147 464
147 528
147 556
147 559
147 750
147 771
147 832
147 956
147 958
148 260
148 292
148 429
148 443
148 483
148 721
148 755
148 873
148 886
149 207
149 210
149 356
149 362
149 457
149 458
149 469
149 608
149 630
149 884
149 895
149 896
149 904
149 967
150 165
150 240
150 257
150 295
150 316
150 403
150 427
150 603
150 706
150 723
150 832
150 859
150 887
150 890
151 170
151 185
151 192
151 194
151 250
151 314
151 324
151 373
151 427
151 521
151 587
151 723
151 735
151 763
151 827
152 197
152 357
152 435
152 542
152 715
152 841
153 156
153 213
153 264
153 278
153 354
153 443
153 467
153 565
153 607
153 664
153 920
153 929
153 976
154 291
154 335
154 395
154 506
154 507
154 741
154 813
154 836
154 940
155 171
155 188
155 222
155 223
155 249
155 356
155 358
155 454
155 507
155 628
155 644
155 783
155 821
155 837
155 948
155 959
155 986
156 284
156 447
156 497
157 218
157 243
157 269
157 285
157 404
157 559
157 572
157 686
157 707
157 859
158 244
158 295
158 454
158 494
158 556
158 746
158 757
158 804
158 877
158 891
158 893
158 913
158 941
158 944
158 974
159 249
159 454
159 480
159 494
159 527
159 554
159 632
159 796
159 841
159 932
160 170
160 197
160 228
160 445
160 481
160 511
160 565
160 566
160 645
160 678
160 980
161 173
161 305
161 377
161 584
161 620
161 635
161 647
161 886
162 225
162 236
162 238
162 246
162 333
162 463
162 473
162 477
162 732
163 177
163 185
163 221
163 309
163 562
163 669
163 887
163 934
163 954
164 450
164 551
164 663
164 685
164 727
164 750
164 779
164 831
164 850
164 877
164 913
164 962
164 978
165 226
165 230
165 267
165 319
165 341
165 360
165 462
165 474
165 789
166 237
166 259
166 376
166 436
166 576
166 770
166 934
167 239
167 293
167 300
167 354
167 414
167 498
167 612
167 792
167 874
168 262
168 307
168 312
168 515
168 594
168 802
168 869
168 872
168 904
168 986
168 994
169 214
169 432
169 505
169 512
169 555
169 598
169 647
169 653
169 708
169 770
169 818
169 917
170 248
170 360
170 451
170 464
170 507
170 692
170 779
170 784
170 812
170 815
170 939
171 262
171 267
171 358
171 385
171 439
171 443
171 487
171 509
171 592
171 595
171 719
172 175
172 266
172 310
172 454
172 531
172 546
172 577
172 579
172 752
172 774
172 965
173 299
173 329
173 875
174 175
174 287
174 341
174 364
174 398
174 610
174 681
174 690
174 937
175 191
175 325
175 366
175 521
175 575
175 665
175 867
175 868
175 882
175 897
175 916
175 954
175 964
176 245
176 286
176 296
176 419
176 430
176 501
176 527
176 539
176 620
176 739
176 833
176 871
176 873
176 882
177 232
177 239
177 327
177 344
177 420
177 447
177 663
177 844
177 851
178 257
178 454
178 531
178 547
178 561
178 690
178 692
178 762
178 779
178 924
178 951
179 293
179 313
179 386
179 428
179 441
179 452
179 467
179 574
179 761
179 815
179 877
179 878
179 977
180 219
180 231
180 304
180 318
180 341
180 401
180 472
180 477
180 600
180 704
180 821
180 993
181 208
181 270
181 328
181 362
181 366
181 683
181 719
181 869
181 898
181 916
181 951
182 299
182 313
182 490
182 529
182 572
182 737
182 743
182 748
182 772
182 774
182 950
182 969
182 991
183 276
183 406
183 408
183 531
183 576
183 615
183 655
183 730
183 949
184 498
184 510
184 536
184 558
184 669
184 779
184 828
184 900
185 379
185 518
185 936
186 320
186 397
186 442
186 608
186 639
186 809
186 875
187 192
187 270
187 456
187 472
187 523
187 535
187 634
187 673
187 854
187 862
188 199
188 263
188 422
188 469
188 733
188 806
188 891
188 925
189 248
189 317
189 391
189 430
189 451
189 467
189 505
189 588
189 747
190 201
190 266
190 321
190 437
190 488
190 511
190 567
190 659
190 675
190 750
190 779
190 826
190 840
190 862
191 223
191 350
191 474
191 491
191 533
191 539
191 604
191 712
191 740
191 743
191 975
192 414
192 534
192 576
192 635
192 689
192 704
192 733
192 908
192 917
192 923
192 938
193 270
193 462
193 469
193 483
193 614
193 660
193 690
193 797
193 867
193 908
194 204
194 206
194 222
194 290
194 369
194 410
194 433
194 485
194 889
195 315
195 344
195 764
195 834
196 263
196 367
196 430
196 453
196 714
196 821
196 830
196 886
196 901
196 967
197 210
197 241
197 304
197 387
197 437
197 458
197 460
197 580
197 641
197 923
197 993
198 434
198 476
198 566
198 738
198 827
198 847
198 895
198 963
199 313
199 423
199 520
199 671
199 674
199 792
199 958
199 997
200 227
200 255
200 441
200 504
200 540
200 553
200 560
200 760
200 812
200 908
200 923
201 299
201 416
201 471
201 551
201 630
201 807
201 905
201 942
201 968
202 280
202 312
202 354
202 367
202 471
202 518
202 743
202 783
202 851
202 956
202 979
203 211
203 214
203 277
203 326
203 451
203 471
203 557
203 625
204 287
204 408
204 474
204 498
204 664
204 748
204 876
204 912
204 999
205 211
205 222
205 278
205 286
205 289
205 326
205 352
205 387
205 404
205 463
205 532
205 657
205 660
205 727
205 878
205 908
206 288
206 684
206 838
206 878
207 255
207 339
207 551
207 555
207 587
207 668
207 683
207 822
207 935
207 982
208 245
208 326
208 412
208 592
208 610
208 924
208 944
208 958
208 966
208 967
209 232
209 276
209 331
209 405
209 595
209 700
209 818
209 927
209 959
209 987
209 990
210 212
210 244
210 256
210 422
210 495
210 693
210 695
210 890
210 932
211 307
211 554
211 624
211 690
211 713
211 774
211 781
211 800
211 822
211 903
211 949
212 529
212 699
212 704
212 806
212 872
212 895
213 277
213 307
213 309
213 310
213 332
213 381
213 484
213 563
213 649
213 657
213 745
213 747
213 773
213 776
213 798
213 821
213 965
213 994
214 265
214 319
214 433
214 494
214 832
214 854
214 898
214 910
214 961
215 285
215 387
215 392
215 433
215 473
215 513
215 658
215 741
215 872
215 894
216 294
216 375
216 398
216 531
216 567
216 585
216 639
216 690
216 712
216 796
216 802
217 398
217 434
217 481
217 534
217 618
217 639
217 689
217 698
217 742
217 799
217 907
217 971
217 999
218 221
218 387
218 402
218 553
218 587
218 606
218 658
218 804
218 806
218 886
218 899
218 911
218 935
219 295
219 536
219 706
220 263
220 431
220 456
220 511
220 613
220 665
220 747
220 850
220 891
220 930
221 245
221 265
221 353
221 539
221 594
221 659
221 683
221 801
221 835
221 892
221 904
221 961
222 341
222 392
222 396
222 516
222 794
222 822
222 825
222 893
222 904
223 334
223 365
223 500
223 572
223 836
223 911
223 950
223 995
224 347
224 552
224 621
224 639
225 234
225 252
225 373
225 377
225 448
225 450
225 466
225 544
225 658
225 707
225 791
225 837
225 887
226 252
226 276
226 280
226 319
226 466
226 618
226 644
226 693
226 770
226 883
226 923
227 343
227 361
227 469
227 495
227 546
227 663
227 884
227 954
228 394
228 428
228 483
228 495
228 636
228 656
228 660
228 684
228 685
228 843
228 921
228 934
228 996
229 236
229 362
229 369
229 686
229 703
229 745
229 841
229 922
229 992
230 309
230 341
230 352
230 599
230 628
230 654
230 736
230 830
230 855
230 902
230 907
230 911
230 932
230 956
231 271
231 353
231 473
231 788
231 850
231 852
231 901
231 907
231 945
231 954
232 319
232 397
232 431
232 489
232 608
232 659
232 670
232 916
232 974
232 999
233 401
233 542
233 548
233 575
233 627
233 838
233 851
233 946
233 967
233 975
234 277
234 288
234 351
234 432
234 778
234 863
235 266
235 268
235 304
235 319
235 363
235 465
235 481
235 490
235 526
235 706
235 877
236 347
236 376
236 404
236 407
236 423
236 459
236 637
236 763
236 812
236 814
236 926
236 927
236 958
236 997
237 272
237 330
237 393
237 483
237 551
237 626
237 647
237 746
237 759
237 950
237 977
238 268
238 280
238 496
238 543
238 629
238 666
238 700
238 830
238 854
238 994
239 314
239 454
239 500
239 578
239 616
239 671
239 695
239 807
239 835
240 299
240 355
240 391
240 471
240 597
240 643
240 942
241 242
241 422
241 475
241 508
241 513
241 557
241 561
241 813
241 824
241 846
241 885
242 398
242 450
242 542
242 587
242 655
242 859
242 977
242 986
243 273
243 341
243 348
243 588
243 676
243 685
243 752
243 803
244 269
244 353
244 447
244 487
244 794
244 857
244 862
244 879
244 908
244 997
245 281
245 287
245 338
245 423
245 454
245 528
245 625
245 733
245 787
245 823
245 877
245 936
245 986
246 346
246 369
246 387
246 393
246 398
246 437
246 610
246 614
246 789
246 915
246 944
246 948
246 981
247 431
247 443
247 477
247 578
247 711
247 841
247 860
248 333
248 418
248 435
248 672
248 768
248 836
248 837
248 852
248 876
248 985
249 334
249 418
249 470
249 477
249 483
249 565
249 597
249 626
249 688
249 754
249 796
249 849
250 287
250 296
250 423
250 587
250 775
250 823
250 876
250 918
251 303
251 335
251 447
251 633
251 678
251 685
251 689
251 892
252 430
252 539
252 556
252 681
252 741
252 821
252 841
252 883
252 978
253 277
253 497
253 594
253 808
254 311
254 418
254 425
254 519
254 528
254 616
254 709
254 713
254 762
254 912
254 968
255 306
255 307
255 412
255 440
255 444
255 720
255 722
255 849
256 305
256 516
256 520
256 532
256 564
256 616
256 713
256 800
256 849
256 864
256 872
257 288
257 339
257 376
257 442
257 505
257 528
257 540
257 562
257 591
257 646
257 729
257 747
257 810
257 822
257 828
257 934
258 286
258 409
258 434
258 754
258 835
258 931
258 953
258 983
258 996
259 343
259 427
259 463
259 482
259 509
259 591
259 625
259 673
259 691
259 721
259 783
259 894
260 302
260 376
260 420
260 430
260 527
260 660
260 743
260 808
261 266
261 288
261 363
261 465
261 473
261 546
261 578
261 675
261 704
261 762
261 786
261 807
261 810
261 916
261 964
262 490
262 523
262 594
262 643
262 675
262 807
262 809
262 816
262 899
262 939
262 971
262 978
262 982
263 482
263 508
263 520
263 539
263 608
263 647
263 683
263 738
263 889
264 352
264 495
264 627
264 719
264 895
265 331
265 360
265 445
265 492
265 517
265 569
265 608
265 672
265 717
265 778
265 822
265 837
265 856
265 883
266 293
266 342
266 360
266 737
266 790
266 848
266 880
266 956
266 963
266 977
267 313
267 350
267 687
267 764
267 799
267 852
267 890
267 900
267 952
268 328
268 454
268 582
268 589
268 615
268 648
268 797
268 867
268 993
269 278
269 378
269 469
269 615
269 679
269 756
269 858
269 871
269 892
269 905
269 950
269 965
270 382
270 424
270 496
270 509
270 522
270 599
270 626
270 634
270 672
270 772
270 987
271 392
271 415
271 433
271 536
271 553
271 576
271 596
271 626
271 632
271 656
271 705
271 715
271 795
271 796
271 863
271 898
271 966
272 294
272 379
272 380
272 387
272 437
272 594
272 843
272 887
273 368
273 461
273 488
273 532
273 551
273 630
273 855
274 485
274 535
274 565
274 582
274 607
274 663
274 671
274 846
274 928
274 936
274 997
275 295
275 307
275 569
275 653
275 756
275 850
275 983
276 390
276 451
276 559
276 575
276 578
276 651
276 731
276 931
277 402
277 450
277 493
277 545
277 679
277 922
277 945
277 981
278 311
278 403
278 414
278 608
278 671
278 703
278 869
278 870
278 887
278 898
278 901
278 928
279 461
279 491
279 600
279 642
279 711
279 727
280 301
280 542
280 583
280 736
281 325
281 432
281 444
281 529
281 553
281 580
281 659
281 721
281 790
281 899
281 907
281 912
282 375
282 444
282 553
282 611
282 691
282 747
282 790
282 904
283 324
283 345
283 497
283 625
283 632
283 634
283 663
283 750
283 875
283 896
283 989
284 299
284 342
284 389
284 431
284 549
284 669
284 674
284 790
285 573
285 608
285 635
285 682
285 979
286 371
286 403
286 482
286 595
286 646
286 697
286 968
287 401
287 459
287 565
287 725
287 752
287 781
287 815
287 834
287 844
287 866
287 913
287 953
288 345
288 468
288 489
288 501
288 535
288 598
288 670
288 683
288 701
288 738
288 845
288 973
289 347
289 559
289 659
289 711
289 728
289 742
289 762
289 780
289 843
289 939
289 989
290 532
290 535
290 548
290 610
290 746
290 756
290 796
290 814
290 872
291 303
291 357
291 375
291 420
291 614
291 790
291 822
291 823
292 317
292 325
292 359
292 382
292 432
292 662
292 683
292 691
292 717
292 835
292 839
292 938
293 395
293 483
293 575
293 680
293 720
293 911
293 995
294 373
294 518
294 617
294 621
294 756
294 818
294 989
295 337
295 391
295 768
295 769
295 839
295 926
295 961
295 971
296 585
296 608
296 620
296 699
296 709
296 718
296 748
296 964
296 989
297 317
297 346
297 510
297 799
297 837
297 962
298 364
298 480
298 485
298 603
298 604
298 628
298 660
298 716
298 914
298 930
299 406
299 523
299 615
299 654
299 710
299 807
300 371
300 387
300 444
300 552
300 614
300 668
300 676
300 677
300 778
300 965
301 345
301 461
301 560
301 627
301 684
301 737
301 825
301 871
302 307
302 331
302 435
302 474
302 515
302 517
302 558
302 666
302 676
302 718
302 773
302 989
303 367
303 383
303 445
303 496
303 524
303 527
303 750
303 765
303 858
303 868
303 897
303 912
303 922
304 307
304 524
304 543
304 580
304 589
304 726
304 757
304 888
304 926
305 402
305 638
305 645
305 734
305 739
306 378
306 502
306 640
306 753
306 865
306 952
306 976
306 981
307 361
307 437
307 452
307 734
307 757
307 970
308 489
308 521
308 656
308 858
308 977
308 981
309 332
309 349
309 501
309 522
309 601
309 657
309 681
309 685
309 811
309 836
309 854
309 860
309 956
310 364
310 413
310 484
310 529
310 552
310 580
310 602
310 669
310 712
310 784
310 855
310 890
311 607
311 656
312 364
312 389
312 566
312 762
312 764
312 903
313 430
313 487
313 517
313 529
313 658
313 672
313 743
314 375
314 496
314 505
314 574
314 852
314 878
314 925
314 975
315 358
315 463
315 502
315 663
315 714
315 796
315 981
316 411
316 515
316 563
316 611
317 368
317 474
317 626
317 967
318 362
318 385
318 465
318 491
318 504
318 520
318 536
318 554
318 588
318 644
318 691
318 887
319 437
319 443
319 450
319 522
319 574
319 602
319 605
319 659
319 680
319 749
319 756
319 770
319 776
319 973
319 992
320 506
320 793
320 941
321 469
321 597
321 610
321 861
321 938
321 966
321 969
322 464
322 572
322 676
322 696
322 770
322 821
322 911
322 925
323 371
323 465
323 566
323 627
323 664
323 799
323 896
323 937
323 955
324 438
324 496
324 556
324 620
324 688
324 854
324 856
324 920
324 967
325 341
325 355
325 430
325 520
325 693
325 793
326 486
326 488
326 531
326 791
326 858
326 871
326 935
327 347
327 589
327 715
327 720
327 763
327 823
327 951
328 363
328 681
328 827
328 888
328 912
328 955
329 442
329 467
329 501
329 598
329 713
329 817
329 966
329 991
330 538
330 572
330 583
330 605
330 639
330 659
330 756
330 862
331 411
331 423
331 509
331 541
331 710
331 749
331 985
332 351
332 409
332 494
332 526
332 608
332 617
332 765
332 811
333 403
333 463
333 535
333 685
333 742
333 744
333 801
333 934
333 958
333 971
334 353
334 393
334 414
334 523
334 566
334 595
334 854
334 866
335 337
335 453
335 683
335 732
335 733
335 805
335 857
335 886
335 913
336 357
336 480
336 515
336 742
336 750
336 754
336 773
336 794
336 852
336 943
336 946
337 531
337 558
337 769
337 878
337 999
338 419
338 596
338 702
338 779
338 803
338 805
338 869
338 916
338 924
338 932
339 451
339 589
339 859
340 385
340 459
340 475
340 525
340 663
340 730
340 785
340 858
340 897
340 906
340 918
340 924
341 458
341 468
341 510
341 529
341 535
341 628
341 659
341 709
341 731
341 910
341 915
341 999
342 643
342 785
342 882
342 971
343 482
343 509
343 522
343 553
343 726
343 753
343 806
343 935
343 943
344 449
344 565
344 625
344 630
344 757
344 816
344 961
345 479
345 559
345 607
345 839
345 853
345 891
345 936
345 959
345 979
346 375
346 408
346 508
346 522
346 764
346 793
347 388
347 436
347 438
347 444
347 457
347 545
347 647
347 651
347 889
348 353
348 565
348 642
348 644
348 721
348 862
348 902
349 486
349 552
349 635
349 755
349 770
349 820
349 860
349 877
349 966
349 975
350 425
350 511
350 526
350 620
350 744
350 842
350 938
350 973
351 382
351 468
351 610
351 612
351 695
351 742
352 478
352 499
352 508
352 533
352 681
352 734
352 735
352 799
352 818
352 906
352 936
353 554
353 700
353 712
353 729
353 775
353 844
354 391
354 431
354 446
354 631
354 720
354 724
354 766
354 783
354 823
354 900
354 976
355 472
355 488
355 569
355 647
355 705
355 864
355 958
355 968
356 409
356 410
356 494
356 570
356 606
356 626
356 655
356 656
356 671
356 754
356 763
356 905
357 364
357 421
357 543
357 758
357 822
357 865
357 876
357 969
357 980
358 387
358 427
358 472
358 577
358 689
358 851
359 575
359 624
359 786
359 938
360 405
360 455
360 483
360 513
360 573
360 661
360 681
360 811
360 841
360 846
360 897
360 985
360 993
361 440
361 525
361 611
361 651
361 801
361 952
362 614
362 623
362 669
362 808
362 814
363 406
363 457
363 485
363 495
363 640
363 712
363 714
363 721
363 784
363 840
363 875
364 405
364 579
364 800
364 940
365 459
365 613
365 626
365 827
365 856
365 868
365 968
366 377
366 426
366 755
366 894
367 456
367 513
367 570
367 660
367 742
367 888
367 904
368 414
368 453
368 515
368 596
368 640
368 646
368 709
368 739
368 922
368 990
369 382
369 428
369 438
369 466
369 519
369 689
369 838
370 425
370 432
370 556
370 632
370 748
370 763
370 876
370 906
371 398
371 402
371 470
371 626
371 693
371 807
371 930
371 962
371 996
372 474
372 492
372 577
372 606
372 627
372 653
372 666
372 674
373 378
373 478
373 503
373 579
373 629
373 699
373 742
373 825
373 937
374 375
374 558
374 597
374 740
374 751
374 904
374 984
375 662
375 768
375 787
375 907
376 389
376 488
376 493
376 494
376 504
376 608
376 706
376 730
376 734
376 737
376 973
377 387
377 394
377 517
377 518
377 653
377 750
377 971
378 444
378 456
378 526
378 581
378 613
378 631
378 641
378 644
378 749
378 980
379 556
379 594
379 652
379 727
379 787
379 802
379 860
379 863
380 442
380 452
380 467
380 469
380 517
380 613
380 628
380 666
380 681
380 742
380 891
381 424
381 515
381 784
381 904
382 387
382 391
382 587
382 653
382 667
382 734
382 788
382 802
382 807
382 877
382 929
382 946
383 502
383 747
383 858
383 956
384 422
384 469
384 491
384 673
384 696
385 439
385 474
385 608
385 621
385 736
385 933
386 430
386 431
386 554
386 607
386 672
386 730
386 782
386 788
386 922
386 926
387 408
387 413
387 525
387 576
387 667
387 904
387 917
388 548
388 559
388 567
388 577
388 666
388 696
388 698
388 769
388 778
388 837
388 854
389 406
389 423
389 434
389 435
389 437
389 467
389 481
389 590
389 708
389 741
389 775
389 873
390 545
390 597
390 738
390 979
391 407
391 503
391 526
391 565
391 692
391 885
392 469
392 488
392 527
392 542
392 616
392 638
392 650
392 895
393 476
393 672
394 480
394 565
394 723
394 755
394 768
394 911
395 479
395 554
395 650
395 865
395 892
395 901
396 483
396 699
396 899
396 956
396 988
397 405
397 448
397 516
397 630
398 489
398 494
398 615
398 884
398 909
398 913
398 938
398 975
399 509
399 538
399 737
399 922
399 975
400 421
400 456
400 469
400 680
400 833
400 992
401 465
401 664
401 749
401 854
401 872
401 903
401 943
402 566
402 759
402 857
402 870
402 928
403 460
403 467
403 527
403 542
403 646
403 787
403 858
403 967
404 422
404 579
404 654
404 703
404 816
404 878
404 880
404 916
405 415
405 675
405 701
405 742
405 927
405 967
405 977
406 428
406 511
406 518
406 641
406 764
406 791
406 803
406 895
406 937
407 446
407 659
407 839
407 906
407 989
407 997
408 435
408 625
408 701
408 927
408 957
408 978
408 979
409 449
409 569
409 653
409 790
409 951
409 997
410 422
410 447
410 541
410 575
410 928
410 944
411 572
411 655
411 806
412 432
412 453
412 494
412 539
412 722
412 820
412 825
412 948
413 447
413 464
413 538
413 603
413 695
413 872
413 881
413 958
414 455
414 610
414 818
414 830
414 875
414 887
414 951
415 457
415 467
415 497
415 563
415 585
415 626
415 661
415 737
415 757
415 769
415 770
415 819
416 418
416 441
416 596
416 690
416 710
416 720
416 725
416 802
416 817
417 482
417 502
417 649
417 732
417 872
417 903
417 923
418 615
418 766
419 462
419 470
419 497
419 604
419 615
419 753
419 774
419 865
419 870
419 874
419 947
419 968
420 444
420 449
420 551
420 664
420 695
420 741
420 853
420 901
420 947
420 957
420 994
421 505
421 531
421 689
421 707
421 721
421 768
421 802
421 949
421 966
421 973
422 472
422 503
422 508
422 580
422 592
422 621
422 946
423 465
423 473
423 528
423 710
423 822
424 619
424 922
424 940
424 959
425 443
425 475
425 537
425 554
425 647
425 781
425 791
425 832
425 930
425 954
426 501
426 571
426 666
426 732
426 759
426 854
426 868
426 935
426 939
426 968
427 508
427 587
427 614
427 661
427 699
427 726
427 982
428 629
428 770
428 862
428 864
428 891
428 958
429 440
429 564
429 653
429 655
429 778
429 869
429 884
429 915
429 961
430 447
430 716
430 749
430 795
430 830
430 860
431 496
431 550
431 600
431 637
431 703
431 753
431 764
431 766
431 916
431 924
432 451
432 466
432 555
432 594
432 618
432 641
432 769
432 845
432 859
432 878
432 900
432 951
432 977
432 996
433 537
433 659
433 700
433 712
433 778
433 813
433 982
433 993
434 555
434 701
434 746
434 810
434 823
434 848
434 948
435 500
435 827
435 833
435 867
435 941
435 946
435 984
436 462
436 531
436 539
436 608
436 610
436 656
436 709
436 727
436 788
436 932
437 653
437 674
437 807
438 494
438 667
438 825
438 857
438 861
438 957
439 547
439 581
439 619
439 640
439 647
439 650
439 698
439 703
439 820
439 828
439 955
440 479
440 691
440 759
441 535
441 572
441 600
441 603
441 730
441 760
441 855
441 882
441 907
441 912
441 930
441 971
441 996
442 804
442 834
442 879
442 965
443 511
443 595
443 604
443 650
443 658
443 755
443 914
444 784
444 868
445 575
445 736
445 792
445 821
445 871
446 457
446 513
446 632
446 690
446 862
446 868
446 930
446 974
447 492
447 531
447 612
447 644
447 710
447 892
447 933
448 464
448 479
448 527
448 528
448 718
448 848
448 850
448 907
448 924
449 485
449 512
449 535
449 578
449 689
449 708
449 770
449 914
449 918
450 611
450 620
450 706
450 727
450 771
450 858
450 864
450 929
450 983
451 456
451 530
451 674
451 736
451 778
451 822
452 564
452 699
452 796
452 917
452 973
452 993
453 471
453 527
453 780
453 881
453 882
453 895
454 499
454 538
454 583
454 805
454 872
454 916
454 938
455 492
455 647
455 820
456 594
456 641
456 646
456 712
456 753
456 776
456 916
456 945
456 988
457 497
457 614
457 636
457 646
457 674
457 677
457 723
457 847
457 926
458 523
458 585
458 687
458 833
458 950
459 618
459 659
459 754
459 802
459 835
459 896
459 975
460 504
460 536
460 552
460 585
460 615
460 693
460 762
460 775
460 818
460 918
460 919
461 813
461 823
462 561
462 643
462 669
462 837
462 886
463 576
463 710
463 746
463 780
464 489
464 536
464 545
464 547
464 612
464 703
464 712
464 732
464 759
464 791
464 844
464 922
465 572
465 842
465 953
465 992
466 473
466 772
466 862
467 625
467 758
467 764
467 781
467 964
468 490
468 638
468 725
468 761
468 827
468 841
468 843
468 931
468 937
469 478
469 505
469 596
469 640
469 653
469 664
469 670
469 694
469 744
469 821
469 919
470 489
470 522
470 611
470 649
470 900
470 974
471 859
471 874
471 926
471 955
471 963
472 493
472 632
472 669
472 733
472 746
472 773
472 776
472 791
472 814
472 825
472 863
472 910
472 932
472 961
473 508
473 538
473 547
473 598
473 608
473 639
473 644
473 769
474 500
474 561
474 656
474 838
474 845
474 852
474 985
475 491
475 675
475 763
475 819
475 888
476 479
476 515
476 621
476 767
476 853
476 876
476 965
476 981
477 542
477 650
477 955
477 965
478 526
478 548
478 658
478 661
478 771
478 834
478 908
478 931
479 524
479 566
479 588
479 655
479 666
479 728
479 820
479 925
480 519
480 523
480 604
480 710
480 969
481 515
481 528
481 623
481 671
481 937
482 521
482 637
482 723
482 772
482 945
482 992
483 496
483 678
483 765
483 964
484 543
484 567
484 600
484 632
484 693
484 831
484 848
484 937
485 634
485 708
485 723
485 773
485 811
485 914
485 972
486 553
486 567
486 705
486 730
486 796
486 820
486 829
486 857
486 860
486 912
486 915
486 951
487 556
487 572
487 638
487 652
487 678
487 771
487 782
487 903
487 980
488 505
488 690
488 744
488 755
488 762
488 843
488 889
488 911
488 928
489 520
489 609
489 709
489 819
490 618
490 660
490 762
490 856
490 866
490 876
490 877
491 599
491 766
491 767
491 788
491 791
491 857
491 896
492 590
492 601
492 695
492 772
492 909
492 915
493 506
493 609
493 652
493 671
493 715
493 753
493 814
493 904
493 933
494 565
494 651
494 735
494 919
494 947
494 950
494 955
495 605
495 628
495 650
495 679
495 871
495 911
495 978
496 521
496 535
496 553
496 558
496 567
496 619
496 718
496 720
496 744
496 781
497 576
497 591
497 760
497 907
498 698
498 831
498 915
498 960
499 616
499 651
499 729
499 784
500 504
500 586
500 668
500 696
500 699
500 754
500 839
501 508
501 709
501 734
501 770
501 840
501 993
502 694
502 789
502 793
502 819
502 923
502 953
502 979
503 608
503 650
503 707
503 719
503 857
503 906
503 974
503 998
504 563
504 597
504 604
504 619
504 643
504 921
505 510
505 782
505 794
505 819
505 826
505 881
505 956
505 979
506 576
506 658
506 815
506 868
506 884
506 894
506 913
507 628
507 675
507 772
507 851
507 878
507 927
508 573
508 590
508 628
508 666
508 716
508 919
508 930
509 709
509 753
510 664
510 685
510 704
510 715
510 818
510 866
511 599
511 637
511 669
511 683
511 741
511 790
511 821
511 832
511 911
511 925
511 969
512 550
512 644
512 653
512 679
512 714
512 749
512 806
512 822
512 876
512 906
512 920
513 540
513 814
513 871
514 571
514 641
514 668
514 785
514 810
514 909
515 674
515 675
515 885
515 954
515 971
515 977
516 691
516 725
516 812
516 877
516 885
516 977
517 598
517 742
518 600
518 679
518 733
518 749
518 870
519 654
519 673
519 711
519 791
519 956
520 662
520 669
520 792
520 920
521 592
521 670
521 721
521 879
521 913
521 955
522 590
522 629
522 774
522 869
522 904
523 575
523 711
523 837
523 848
524 550
524 675
524 752
524 765
524 801
524 803
524 815
524 911
524 977
525 531
525 534
525 683
526 547
526 670
526 720
526 737
526 835
526 836
527 537
527 558
527 618
527 791
527 884
527 985
528 594
528 657
528 826
528 875
528 904
528 944
528 960
529 789
529 850
529 898
529 900
530 650
530 743
530 777
530 786
530 934
530 940
531 533
531 573
531 576
531 630
531 766
532 541
532 625
532 638
532 756
532 786
532 829
532 843
532 859
532 969
533 543
533 568
533 687
533 703
533 877
533 893
533 922
533 956
534 589
534 815
534 831
535 553
535 706
535 733
535 811
535 837
535 874
535 959
535 996
536 538
536 548
536 596
536 957
536 971
537 551
537 602
537 620
537 706
537 757
537 880
537 921
537 934
538 540
538 780
538 838
538 843
538 997
539 642
539 643
539 754
539 820
539 845
539 928
540 640
540 689
540 881
541 548
541 555
541 681
541 704
541 860
542 691
542 760
542 784
542 801
542 937
543 671
543 722
543 845
543 900
543 922
543 975
544 613
544 706
544 785
544 961
545 663
545 685
545 825
545 918
545 941
545 951
546 565
546 645
546 781
546 824
546 836
546 947
547 562
547 607
547 718
547 799
547 828
547 863
547 958
547 959
548 613
548 628
548 672
548 816
548 857
548 863
548 864
548 875
549 621
549 713
549 872
549 925
549 944
550 629
550 807
550 813
550 852
550 941
550 971
551 571
551 612
551 677
551 890
551 923
552 567
552 706
552 772
552 808
552 818
552 840
552 841
552 874
552 914
553 586
553 591
553 832
553 872
553 928
553 982
554 646
554 674
554 677
554 766
555 726
555 782
555 918
555 940
556 587
556 615
556 618
556 846
557 684
557 734
557 755
557 788
557 895
557 992
558 570
558 664
558 702
558 795
558 833
559 582
559 587
559 635
559 763
560 564
560 774
560 791
560 804
560 909
561 766
561 883
561 977
562 904
562 960
562 969
563 717
563 732
563 789
563 826
563 939
563 988
564 582
564 617
564 770
564 797
564 832
564 897
565 579
565 642
565 670
565 673
565 756
565 805
565 815
565 874
565 985
565 995
566 762
566 809
566 913
567 573
567 637
567 647
567 682
567 704
567 886
567 970
568 601
568 724
568 731
568 876
569 635
569 690
569 771
569 836
569 859
569 926
569 963
570 606
570 814
570 865
570 897
571 665
571 862
572 690
572 725
572 785
572 790
572 801
572 952
573 590
573 683
573 766
573 808
573 827
573 961
573 999
574 716
574 751
574 793
574 864
574 866
574 925
574 926
575 615
575 623
575 625
575 627
575 740
575 752
575 810
575 817
575 872
575 946
576 602
576 797
577 581
577 589
577 649
577 674
577 714
577 787
577 836
577 882
577 926
577 981
578 597
578 636
578 642
578 718
578 854
579 925
579 983
580 665
580 688
580 783
581 608
581 609
581 626
581 636
581 639
581 831
581 857
582 598
582 646
582 719
582 840
582 919
582 942
582 988
583 731
583 808
583 965
584 704
584 733
584 814
584 909
584 917
584 924
584 931
584 999
585 670
585 732
585 769
585 794
585 953
585 987
586 695
586 714
586 719
586 720
587 591
587 631
587 636
587 658
587 740
587 786
587 830
587 940
588 617
588 722
588 753
588 882
588 887
588 891
589 677
589 691
589 702
589 733
589 804
589 831
589 917
589 973
590 594
590 708
590 713
590 783
590 784
591 607
591 716
591 880
592 664
592 742
593 673
593 688
593 806
593 949
593 969
593 995
593 996
594 648
594 827
594 900
594 927
594 929
594 937
594 972
594 981
595 685
595 742
595 781
595 821
596 708
596 731
596 791
596 859
597 659
597 835
597 837
597 860
597 880
597 961
598 647
598 689
598 777
598 888
598 902
598 966
599 604
599 659
599 728
599 756
599 849
599 941
600 691
600 991
601 646
601 648
601 653
601 685
601 704
601 794
601 877
601 920
601 948
601 951
602 645
602 788
602 798
602 811
602 819
602 839
603 766
603 908
603 964
603 965
604 642
604 887
604 892
605 633
605 683
605 773
605 872
605 972
606 641
606 772
606 793
606 990
607 745
607 752
607 835
607 909
607 934
608 710
608 787
608 848
608 862
608 939
609 617
609 721
609 729
609 792
609 891
609 956
610 619
610 707
610 757
610 763
610 859
610 927
610 987
611 613
611 809
611 837
611 840
611 998
612 712
612 858
612 874
613 678
613 742
613 782
613 792
613 836
613 859
613 913
613 967
614 961
615 675
615 694
615 721
615 867
615 967
616 639
616 662
616 763
616 849
616 880
616 937
616 979
617 843
617 860
617 894
617 990
618 729
618 823
618 880
618 890
618 982
619 647
619 658
619 675
619 678
619 702
619 703
619 706
619 967
620 698
620 749
620 856
621 666
621 686
621 702
621 784
621 850
621 886
621 929
621 935
621 951
621 987
622 625
622 626
622 745
622 747
622 764
622 831
622 952
623 656
623 698
623 857
623 963
623 979
624 817
624 901
624 950
625 666
625 669
625 670
625 673
625 675
625 792
625 812
625 817
625 844
625 846
625 918
625 927
625 974
626 820
626 830
626 938
626 967
626 992
627 710
627 888
627 929
627 994
628 636
628 681
628 735
628 756
628 762
629 670
629 685
630 813
630 871
631 648
631 857
631 873
631 890
631 921
631 998
632 680
632 934
632 968
633 642
633 774
634 666
635 668
635 739
635 909
635 982
636 746
636 820
636 997
637 688
637 742
637 758
637 809
637 827
637 902
637 997
638 680
638 739
638 750
638 836
639 671
639 713
639 714
639 729
640 805
640 866
640 867
640 903
640 927
641 708
641 723
641 810
641 925
642 674
642 737
642 944
642 996
643 751
643 778
643 779
643 782
643 829
643 898
645 685
645 718
645 737
646 664
646 676
646 781
646 823
646 838
646 872
646 892
646 947
647 663
647 676
647 684
647 759
647 938
647 946
648 703
648 817
648 881
648 916
648 926
648 931
648 981
648 988
649 939
650 719
650 808
650 883
651 909
651 915
652 743
652 768
652 856
652 865
652 877
652 933
653 702
653 801
654 816
654 885
654 913
654 916
655 824
655 891
656 657
656 682
656 688
656 745
656 839
656 861
657 829
657 871
657 950
657 992
658 807
658 847
658 862
658 907
658 915
658 931
658 983
659 673
659 676
659 774
659 943
660 731
660 773
660 974
660 982
661 687
662 792
662 822
663 666
663 742
663 757
663 798
663 866
663 932
663 987
664 667
664 691
664 897
664 902
664 986
665 829
666 836
666 894
666 915
667 689
667 760
667 855
667 933
668 737
668 765
668 768
668 929
669 687
669 698
669 976
670 723
670 787
670 927
670 973
671 831
671 866
671 890
671 970
672 922
672 972
673 707
673 708
673 757
673 772
673 808
674 812
674 827
674 916
674 955
674 996
675 955
676 784
676 786
676 858
676 866
676 867
676 926
677 804
677 949
677 981
678 739
679 736
679 812
679 999
680 751
680 786
680 794
680 940
681 708
681 772
681 782
681 952
682 715
682 812
682 959
682 998
683 926
683 978
684 794
684 807
684 856
684 930
684 972
685 739
685 955
685 993
686 702
686 726
687 897
688 752
688 863
688 971
689 780
689 907
689 910
689 943
690 712
690 713
690 752
690 781
690 782
690 788
690 898
691 766
691 886
691 915
692 723
692 779
693 694
693 745
693 771
693 974
694 722
694 759
694 785
694 915
694 939
694 967
694 969
694 996
695 716
695 738
695 831
695 844
695 886
695 917
696 998
697 774
697 970
698 823
698 856
698 861
698 897
698 907
698 951
699 714
699 783
699 863
699 952
700 915
701 774
701 778
701 840
701 922
701 930
701 938
701 993
701 999
702 711
702 789
702 841
702 883
702 957
702 973
703 722
703 725
703 824
703 864
703 898
704 790
704 800
704 919
705 723
705 989
706 846
706 862
706 868
706 887
707 716
707 805
707 875
707 897
707 898
707 954
707 978
708 727
708 748
708 900
709 784
709 822
709 879
710 720
710 823
710 828
710 857
710 868
711 760
711 818
712 766
712 777
712 886
712 901
713 758
713 761
713 883
713 913
713 922
713 975
714 740
714 856
714 907
714 924
714 945
715 801
716 732
716 787
716 799
716 912
717 798
717 801
717 855
717 875
718 737
718 765
718 899
718 924
719 855
719 918
719 977
720 777
720 799
720 802
720 867
720 883
720 984
721 783
721 798
721 819
721 991
722 744
722 761
722 966
723 827
723 929
723 939
724 887
724 891
724 896
724 950
724 956
724 996
725 852
725 953
726 751
726 830
726 831
726 986
727 754
727 761
727 924
727 925
728 830
728 841
728 967
729 775
729 826
729 843
729 862
729 874
729 934
730 802
731 871
731 981
732 879
732 991
733 775
733 854
733 903
733 928
733 940
733 982
734 764
734 853
734 855
734 861
734 933
735 794
735 922
736 793
736 946
736 991
737 852
737 906
737 993
738 848
738 858
738 914
739 760
739 877
740 797
741 846
741 879
741 895
741 942
741 992
742 771
742 849
742 923
742 966
743 795
743 877
743 944
743 970
745 757
745 842
745 942
745 953
746 793
747 812
747 813
747 892
747 929
747 959
748 932
749 772
749 958
749 999
750 755
750 787
750 840
750 841
750 932
750 980
750 994
751 908
751 966
751 970
752 896
752 981
752 982
753 767
753 799
753 881
754 783
754 799
754 821
754 848
754 883
754 903
754 931
754 932
754 934
754 996
755 804
756 903
756 919
756 947
757 882
757 991
758 776
758 819
758 896
759 869
759 890
759 922
759 989
760 795
760 808
760 823
760 860
760 952
761 846
761 866
761 961
761 978
761 997
762 835
762 860
763 863
763 916
763 934
764 976
765 800
765 841
765 893
766 811
766 840
766 987
767 836
767 854
767 976
768 779
768 789
769 814
769 909
769 945
770 781
770 810
770 960
771 853
771 910
771 981
772 824
772 865
773 900
773 905
773 918
773 936
774 868
775 829
775 860
775 905
776 830
776 869
776 888
776 988
777 899
778 853
778 910
778 927
778 989
779 844
779 878
779 960
780 815
781 786
781 840
781 910
781 955
781 957
784 831
784 837
785 794
785 887
785 895
785 929
785 979
786 798
787 838
787 861
787 886
788 923
789 829
789 882
789 906
790 838
790 881
790 890
792 797
792 847
792 848
792 923
793 803
794 835
795 957
795 962
796 914
796 975
796 977
797 822
797 973
797 979
799 805
800 910
800 917
802 918
802 954
802 963
803 852
803 883
804 920
805 914
805 964
806 870
806 872
806 875
806 893
807 819
807 960
807 962
808 871
808 873
808 886
808 970
809 880
809 883
809 918
809 921
809 932
809 977
810 903
811 923
811 978
811 993
812 829
812 830
812 845
813 850
813 896
813 980
815 866
815 929
816 868
817 870
818 820
819 834
819 887
819 921
819 997
820 868
820 891
820 951
822 841
822 886
822 898
823 844
823 979
824 952
825 847
825 881
825 961
826 827
826 851
827 935
827 980
829 949
831 870
831 902
831 930
831 937
832 925
835 975
835 985
836 861
836 891
836 931
837 916
837 973
839 862
839 867
839 886
839 966
839 993
840 951
841 869
841 959
842 858
842 873
842 887
842 959
844 876
844 978
844 997
845 988
845 992
845 997
846 876
846 896
848 900
848 953
850 965
851 928
852 952
852 997
853 960
854 861
854 863
854 977
854 979
855 889
855 917
855 920
855 977
856 977
857 866
857 873
857 893
857 952
858 904
860 908
860 928
861 893
862 945
867 902
867 903
867 990
867 991
869 882
869 911
869 929
870 885
870 904
870 906
870 921
871 880
871 897
872 915
872 940
872 975
872 998
872 999
873 891
873 927
874 985
875 962
876 904
876 931
877 885
877 927
877 961
877 976
878 904
878 913
878 984
879 930
879 978
881 885
881 993
882 988
883 901
883 918
883 922
883 927
883 982
883 984
884 905
886 997
887 952
889 957
890 947
890 970
892 942
893 978
894 954
897 924
897 931
898 924
898 937
898 951
900 907
900 999
902 915
907 930
908 935
908 977
910 917
912 975
912 994
913 918
917 946
919 940
919 960
921 943
923 967
925 944
925 965
926 952
930 982
930 996
933 967
933 974
934 936
934 993
938 960
938 985
940 965
944 968
944 981
947 976
950 972
950 998
956 986
956 997
959 978
964 965
964 982
965 972
968 991
969 979
970 984
975 981
975 985
980 990
983 990
990 991
