0
1000
6218
0
1
0
0 98
0 208
0 215
0 327
0 422
0 513
0 745
0 764
0 803
0 883
0 907
0 913
0 929
0 999
1 36
1 57
1 189
1 201
1 290
1 328
1 507
1 513
1 587
1 760
1 803
1 900
2 84
2 89
2 179
2 326
2 417
2 474
2 498
2 514
2 578
2 734
2 761
2 773
2 789
2 792
3 135
3 197
3 251
3 371
3 377
3 435
3 519
3 610
3 710
3 750
3 862
4 115
4 199
4 209
4 306
4 602
4 608
4 640
4 766
4 964
5 216
5 259
5 292
5 395
5 466
5 571
5 683
5 988
6 109
6 176
6 409
6 414
6 422
6 444
6 575
6 736
6 744
6 765
6 903
7 70
7 101
7 115
7 139
7 143
7 146
7 162
7 237
7 304
7 380
7 410
7 448
7 566
7 613
7 622
7 786
7 982
7 994
8 243
8 248
8 292
8 386
8 506
8 694
8 767
8 866
8 965
9 65
9 110
9 128
9 280
9 392
9 405
9 457
9 470
9 588
9 771
9 882
9 920
9 955
9 965
10 110
10 161
10 212
10 239
10 267
10 272
10 285
10 302
10 313
10 321
10 330
10 333
10 513
10 531
10 584
10 609
10 631
10 672
10 695
10 842
10 863
10 911
11 18
11 31
11 50
11 51
11 120
11 214
11 286
11 349
11 511
11 599
11 609
11 957
12 31
12 135
12 201
12 294
12 343
12 347
12 353
12 424
12 466
12 478
12 604
12 613
12 713
12 816
12 822
12 963
12 985
13 36
13 160
13 257
13 410
13 509
13 579
13 590
13 658
13 660
13 806
13 833
13 853
13 898
13 925
14 52
14 118
14 137
14 261
14 426
14 430
14 436
14 465
14 619
14 621
14 693
14 830
14 911
14 952
14 969
15 153
15 217
15 328
15 334
15 481
15 491
15 588
15 592
15 628
15 995
16 28
16 175
16 442
16 527
16 563
16 620
16 669
16 713
16 856
17 24
17 26
17 152
17 164
17 249
17 605
17 611
17 705
17 711
17 735
17 779
18 82
18 100
18 172
18 221
18 237
18 248
18 350
18 383
18 466
18 644
18 710
18 824
19 41
19 398
19 487
19 517
19 542
19 744
19 850
19 874
19 948
20 169
20 428
20 468
20 585
20 696
20 740
20 854
20 898
21 62
21 99
21 119
21 127
21 192
21 205
21 323
21 327
21 397
21 433
21 455
21 563
21 601
21 610
21 726
21 817
22 291
22 327
22 390
22 553
22 563
22 651
22 674
22 879
22 917
23 63
23 158
23 173
23 340
23 438
23 581
23 742
23 854
23 920
24 91
24 180
24 234
24 343
24 374
24 501
24 580
24 611
24 786
24 822
24 842
24 917
24 939
25 26
25 161
25 202
25 220
25 249
25 370
25 565
25 571
25 768
25 794
25 816
25 858
25 948
25 953
26 54
26 114
26 252
26 308
26 383
26 602
26 697
26 726
26 815
26 926
27 47
27 119
27 167
27 191
27 491
27 522
27 613
27 693
27 713
27 721
27 772
27 827
27 865
28 101
28 153
28 309
28 325
28 351
28 352
28 679
28 807
28 821
28 920
29 30
29 329
29 441
29 704
29 829
29 834
29 983
30 133
30 172
30 286
30 508
30 551
30 896
30 949
31 65
31 91
31 179
31 541
31 560
31 608
31 664
31 704
31 768
31 961
32 41
32 42
32 48
32 94
32 118
32 262
32 280
32 333
32 410
32 434
32 547
32 560
32 597
32 602
32 695
32 853
32 988
33 251
33 273
33 330
33 360
33 365
33 430
33 644
33 745
33 770
33 908
33 960
33 989
34 164
34 416
34 478
34 495
34 584
34 636
34 808
34 834
34 961
35 352
35 463
35 502
35 536
35 544
35 584
35 629
35 650
35 684
35 793
35 947
35 949
35 953
36 61
36 206
36 257
36 264
36 272
36 321
36 358
36 373
36 445
36 530
36 570
36 716
36 755
36 787
36 810
36 829
36 944
36 970
36 997
37 42
37 99
37 249
37 380
37 553
37 658
37 739
37 957
38 105
38 331
38 373
38 424
38 501
38 506
38 587
38 720
38 799
39 137
39 241
39 358
39 374
39 398
39 551
39 779
39 837
40 68
40 220
40 260
40 334
40 413
40 458
40 689
40 754
40 762
40 800
40 885
40 906
41 216
41 242
41 316
41 348
41 413
41 422
41 521
41 527
41 733
41 841
42 52
42 236
42 444
42 580
42 595
42 617
42 625
42 637
42 681
42 796
42 892
42 982
43 172
43 187
43 244
43 344
43 381
43 518
43 555
43 587
43 606
43 752
43 851
43 882
43 955
44 57
44 94
44 157
44 174
44 195
44 263
44 292
44 298
44 387
44 409
44 430
44 465
44 473
44 670
44 680
44 741
44 848
44 941
44 985
45 115
45 160
45 210
45 237
45 285
45 396
45 463
45 545
45 648
45 804
45 854
45 878
45 981
46 94
46 106
46 150
46 223
46 262
46 284
46 338
46 397
46 416
46 609
46 657
46 777
46 796
46 825
46 878
46 897
46 975
46 980
47 55
47 97
47 113
47 131
47 133
47 576
47 602
47 751
47 800
47 837
47 865
47 993
48 75
48 135
48 189
48 214
48 274
48 341
48 439
48 713
48 729
48 752
48 874
48 903
48 928
49 77
49 81
49 168
49 196
49 200
49 235
49 258
49 315
49 358
49 382
49 386
49 389
49 482
49 505
49 735
49 778
49 812
49 867
50 265
50 361
50 409
50 525
50 662
50 776
50 792
50 805
50 809
50 846
50 980
51 60
51 130
51 263
51 289
51 494
51 653
51 661
51 691
51 710
51 735
51 749
51 885
51 977
52 175
52 213
52 237
52 301
52 526
52 541
52 661
52 785
52 814
52 847
53 132
53 144
53 190
53 229
53 641
53 791
53 904
54 221
54 298
54 330
54 703
54 740
54 853
55 164
55 184
55 263
55 678
55 780
55 968
56 403
56 493
56 541
56 550
56 704
56 708
56 866
56 881
57 185
57 382
57 450
57 595
57 668
57 707
57 777
57 820
57 896
57 908
57 924
58 60
58 79
58 123
58 135
58 199
58 313
58 314
58 328
58 348
58 371
58 503
58 541
58 650
58 694
58 704
58 938
59 275
59 326
59 337
59 389
59 406
59 413
59 424
59 465
59 469
59 553
59 605
59 721
59 723
59 837
59 891
59 938
60 274
60 447
60 453
60 756
60 798
60 905
60 911
60 991
61 122
61 123
61 155
61 216
61 308
61 313
61 317
61 334
61 352
61 400
61 443
61 465
61 650
61 806
61 867
61 891
61 902
61 965
61 981
62 148
62 241
62 272
62 356
62 472
62 610
62 662
62 712
62 736
62 764
62 776
62 824
62 902
62 957
63 144
63 169
63 212
63 274
63 310
63 351
63 414
63 435
63 579
63 614
63 688
63 790
63 818
63 821
63 846
63 849
63 852
63 857
63 932
63 950
63 956
63 979
64 130
64 150
64 251
64 255
64 296
64 309
64 343
64 401
64 405
64 748
65 102
65 165
65 180
65 237
65 387
65 391
65 448
65 512
65 545
65 595
65 633
65 649
65 666
65 775
65 788
65 857
66 123
66 156
66 164
66 257
66 300
66 594
66 610
66 640
66 681
66 762
66 838
66 865
66 875
66 963
67 208
67 258
67 274
67 296
67 303
67 380
67 650
67 751
67 761
67 772
67 841
67 853
67 895
67 916
68 83
68 91
68 108
68 342
68 430
68 519
68 556
68 806
68 863
68 876
68 886
69 70
69 134
69 157
69 210
69 342
69 402
69 476
69 502
69 791
69 798
69 893
69 904
70 107
70 251
70 291
70 540
70 584
70 639
70 678
70 743
70 902
71 221
71 230
71 231
71 381
71 458
71 601
71 655
71 766
71 813
71 886
72 85
72 198
72 248
72 297
72 317
72 355
72 417
72 427
72 700
72 704
72 753
72 879
72 911
72 913
72 959
73 107
73 157
73 291
73 358
73 382
73 477
73 506
73 577
73 580
73 700
73 720
73 818
74 124
74 176
74 203
74 406
74 419
74 442
74 684
74 810
74 933
75 147
75 204
75 369
75 554
75 615
75 620
75 668
75 755
75 893
75 959
76 112
76 157
76 233
76 285
76 731
76 924
76 946
77 101
77 117
77 193
77 538
77 567
77 623
77 627
77 717
77 787
77 797
77 834
77 919
77 957
78 113
78 145
78 293
78 300
78 440
78 479
78 488
78 508
78 653
78 914
78 984
79 139
79 304
79 497
79 499
79 523
79 556
79 682
79 713
79 836
79 913
79 961
79 965
80 254
80 262
80 312
80 350
80 488
80 508
80 526
80 624
80 759
80 808
80 886
80 922
81 158
81 211
81 324
81 331
81 419
81 502
81 528
81 626
81 633
82 187
82 192
82 248
82 283
82 306
82 426
82 500
82 625
82 636
82 661
82 678
82 688
82 707
82 710
82 737
82 773
82 793
82 921
82 931
82 944
82 946
82 966
83 231
83 360
83 441
83 522
83 612
83 626
83 774
83 883
83 984
84 88
84 102
84 125
84 136
84 201
84 414
84 529
84 544
84 576
84 585
84 701
84 725
84 726
84 728
84 773
84 853
85 89
85 129
85 204
85 229
85 299
85 315
85 328
85 409
85 436
85 458
85 505
85 696
85 825
85 913
85 960
85 983
86 122
86 254
86 405
86 441
86 450
86 543
86 678
86 941
87 96
87 184
87 221
87 254
87 279
87 313
87 318
87 427
87 445
87 516
87 557
87 645
87 683
87 760
87 794
87 798
88 368
88 428
88 530
88 540
88 563
88 722
88 902
88 903
89 90
89 164
89 329
89 348
89 370
89 385
89 446
89 553
89 702
89 731
89 752
90 116
90 122
90 133
90 264
90 313
90 367
90 624
90 629
90 687
90 709
90 760
90 762
91 156
91 162
91 167
91 208
91 247
91 271
91 293
91 303
91 501
91 583
91 616
91 672
91 772
91 781
91 799
91 930
91 940
92 265
92 289
92 301
92 618
92 671
92 758
92 782
92 868
92 875
92 883
92 947
92 952
93 97
93 106
93 139
93 179
93 280
93 283
93 327
93 642
93 661
93 688
93 850
93 983
94 115
94 141
94 165
94 278
94 304
94 432
94 501
94 530
94 548
94 604
94 622
94 636
94 727
94 748
94 792
94 816
94 818
94 931
94 938
94 949
95 103
95 164
95 234
95 294
95 308
95 328
95 357
95 379
95 484
95 545
95 558
95 708
95 777
95 794
95 985
95 994
96 123
96 129
96 234
96 279
96 364
96 400
96 424
96 499
96 532
96 559
96 802
96 817
96 984
97 314
97 365
97 410
97 416
97 514
97 748
97 878
98 130
98 189
98 264
98 413
98 492
98 522
98 556
98 649
98 750
98 759
98 864
98 865
98 936
98 949
99 238
99 406
99 456
99 545
99 575
99 583
99 588
99 607
99 647
99 834
99 865
99 887
99 973
99 999
100 580
100 858
100 882
100 888
100 904
100 922
101 127
101 512
101 572
101 706
101 744
101 757
101 829
101 886
102 198
102 268
102 385
102 408
102 420
102 430
102 469
102 477
102 489
102 544
102 547
102 590
102 777
102 798
102 952
102 953
102 993
103 232
103 237
103 258
103 336
103 420
103 443
103 551
103 585
103 599
103 716
103 773
103 789
103 880
104 278
104 420
104 585
104 593
104 690
104 837
104 858
104 870
104 939
105 209
105 351
105 433
105 537
105 623
105 850
105 864
105 866
105 890
105 981
106 130
106 375
106 560
106 598
106 699
106 752
106 805
106 846
106 913
106 923
107 140
107 270
107 578
107 620
107 646
107 735
107 832
107 840
107 844
108 371
108 437
108 438
108 541
108 546
108 594
108 628
108 635
108 654
108 911
108 941
109 304
109 340
109 376
109 442
109 558
109 561
109 580
109 591
109 688
109 698
109 746
109 851
109 910
109 921
110 229
110 301
110 440
110 450
110 459
110 465
110 495
110 517
110 578
110 600
110 767
110 921
110 956
111 240
111 456
111 480
111 530
111 545
111 628
111 654
111 733
111 745
112 471
112 603
112 680
113 130
113 142
113 156
113 223
113 243
113 275
113 302
113 373
113 488
113 494
113 552
113 646
113 683
113 715
113 767
113 964
114 131
114 192
114 372
114 472
114 628
114 674
114 689
114 948
114 994
115 206
115 210
115 226
115 502
115 655
115 679
115 731
115 873
115 887
115 942
115 991
116 402
116 404
116 600
116 694
116 782
116 897
116 921
116 931
116 960
117 234
117 305
117 355
117 404
117 559
117 618
117 632
117 736
117 756
117 907
117 953
118 195
118 204
118 210
118 236
118 327
118 343
118 417
118 439
118 491
118 566
118 572
118 822
118 914
119 190
119 233
119 298
119 342
119 384
119 443
119 474
119 569
119 712
119 793
119 826
119 856
119 938
120 137
120 213
120 300
120 390
120 403
120 479
120 645
120 698
120 720
120 753
120 760
121 333
121 349
121 637
121 662
121 837
121 863
121 942
121 985
122 138
122 148
122 211
122 276
122 524
122 532
122 635
122 669
122 712
122 851
122 900
123 146
123 175
123 359
123 451
123 527
123 571
123 670
123 749
123 756
123 832
123 874
123 919
123 988
124 167
124 192
124 204
124 234
124 265
124 267
124 412
124 509
124 519
124 530
124 560
124 614
124 647
124 700
124 753
124 762
124 819
124 876
124 888
124 925
125 129
125 186
125 424
125 476
125 549
125 716
125 774
125 939
125 989
126 211
126 503
126 513
126 521
126 781
126 862
126 905
126 962
127 185
127 314
127 325
127 453
127 658
127 740
127 789
127 845
127 886
127 943
127 952
128 191
128 195
128 209
128 244
128 432
128 500
128 626
128 679
128 865
128 906
128 957
128 993
129 138
129 205
129 265
129 320
129 334
129 387
129 412
129 413
129 471
129 533
129 549
129 563
129 572
129 708
129 832
129 975
129 986
130 260
130 273
130 275
130 345
130 351
130 593
130 606
130 635
130 655
130 747
130 791
130 826
130 888
130 974
131 149
131 254
131 346
131 449
131 459
131 490
131 691
131 747
131 787
131 863
132 226
132 323
132 356
132 381
132 507
132 527
132 689
132 800
132 805
132 833
132 953
133 216
133 357
133 369
133 433
133 594
133 618
133 625
133 875
134 190
134 192
134 254
134 271
134 356
134 564
134 657
134 830
134 885
134 946
135 194
135 210
135 247
135 276
135 330
135 477
135 626
135 671
135 694
135 733
135 800
136 184
136 273
136 293
136 333
136 383
136 394
136 445
136 560
136 630
136 685
136 733
136 959
136 988
137 211
137 241
137 250
137 372
137 383
137 396
137 432
137 575
137 599
137 613
137 664
137 844
137 935
138 165
138 330
138 430
138 479
138 511
138 557
138 572
138 610
138 753
138 782
138 813
138 856
138 885
139 311
139 488
139 691
139 724
139 787
139 812
139 815
139 818
139 825
139 927
139 939
140 172
140 568
140 576
140 602
140 686
140 840
140 958
140 969
141 288
141 337
141 412
141 526
141 691
141 736
141 765
141 845
141 869
142 173
142 269
142 292
142 485
142 624
142 677
142 922
143 152
143 199
143 258
143 270
143 292
143 340
143 384
143 420
143 482
143 613
143 647
143 812
143 821
143 829
143 916
144 341
144 357
144 404
144 408
144 430
144 627
144 865
144 958
144 964
145 216
145 224
145 240
145 281
145 414
145 426
145 518
145 593
145 683
145 768
145 786
145 873
146 320
146 334
146 343
146 377
146 390
146 727
146 806
146 852
147 268
147 382
147 425
147 441
147 502
147 621
147 773
147 870
147 924
148 173
148 291
148 391
148 422
148 503
148 537
148 646
148 968
149 247
149 421
149 444
149 445
149 558
149 601
149 737
149 896
149 919
149 947
149 993
150 175
150 215
150 227
150 471
150 487
150 582
150 584
150 715
150 758
150 777
150 861
150 908
150 935
151 161
151 391
151 395
151 412
151 425
151 495
151 525
151 740
151 831
151 861
151 970
152 286
152 350
152 405
152 412
152 425
152 469
152 560
152 569
152 580
152 590
152 649
152 759
152 777
152 794
152 834
152 889
152 942
152 954
153 228
153 338
153 405
153 462
154 163
154 293
154 297
154 336
154 353
154 366
154 371
154 434
154 563
154 580
154 878
154 918
154 985
155 274
155 296
155 342
155 393
155 451
155 604
155 674
155 752
155 821
156 265
156 297
156 463
156 508
156 543
156 575
156 634
156 715
156 795
156 935
156 940
156 996
157 166
157 202
157 389
157 523
157 544
157 549
157 690
157 691
157 830
157 876
157 896
158 165
158 304
158 320
158 481
158 510
158 637
158 650
158 721
158 879
158 898
158 923
158 971
159 241
159 247
159 532
159 622
159 717
159 777
159 970
160 171
160 346
160 452
160 513
160 517
160 547
160 554
160 631
160 673
160 771
160 963
161 265
161 457
161 580
161 632
161 664
161 697
161 760
161 831
161 854
161 982
162 163
162 170
162 320
162 336
162 428
162 486
162 516
162 548
162 566
162 663
162 747
162 814
162 870
162 903
162 996
163 249
163 305
163 362
163 453
163 491
163 527
163 538
163 588
163 745
163 797
163 867
164 179
164 186
164 301
164 320
164 413
164 417
164 439
164 551
164 566
164 652
164 707
164 748
164 757
164 867
165 187
165 194
165 265
165 422
165 452
165 478
165 487
165 628
165 705
165 753
165 796
165 933
165 983
166 592
166 771
166 774
166 806
166 826
166 846
167 185
167 242
167 302
167 305
167 323
167 431
167 448
167 455
167 644
167 658
167 659
167 838
167 955
168 231
168 244
168 585
168 630
168 719
168 807
168 841
169 374
169 384
169 538
169 692
169 850
169 979
170 400
170 456
170 470
170 484
170 487
170 595
170 670
170 840
170 854
170 942
170 948
170 968
171 320
171 376
171 404
171 625
171 637
171 671
171 719
171 737
171 776
171 834
171 970
171 992
172 220
172 270
172 275
172 316
172 616
172 839
172 884
172 956
173 263
173 307
173 336
173 339
173 452
173 674
173 985
174 333
174 345
174 419
174 473
174 483
174 542
174 553
174 633
174 643
174 666
174 677
174 769
174 936
175 231
175 250
175 291
175 303
175 326
175 334
175 417
175 576
175 613
175 630
175 685
175 724
175 739
175 762
175 828
175 874
175 924
175 958
176 196
176 360
176 453
176 683
176 749
176 787
176 825
177 191
177 377
177 391
177 392
177 427
177 444
177 715
177 916
177 956
178 356
178 441
178 460
178 554
178 733
178 838
178 841
178 852
178 920
178 955
178 980
179 421
179 483
179 680
179 921
179 960
180 565
180 586
180 590
180 651
180 818
180 844
181 271
181 760
182 202
182 252
182 317
182 342
182 407
182 485
182 547
182 568
182 601
182 635
182 738
182 893
182 923
183 265
183 417
183 455
183 586
183 690
183 702
183 841
183 918
184 188
184 272
184 421
184 435
184 511
184 518
184 567
184 604
184 814
184 908
184 918
185 186
185 192
185 249
185 368
185 386
185 407
185 617
185 654
185 781
185 826
185 865
185 879
185 905
185 980
186 218
186 369
186 416
186 508
186 579
186 879
186 984
187 192
187 312
187 330
187 404
187 698
187 770
187 783
188 207
188 218
188 274
188 281
188 348
188 389
188 428
188 472
188 602
188 610
188 710
188 789
188 813
188 840
188 916
188 920
188 966
189 264
189 265
189 376
189 539
189 659
189 817
189 894
189 972
190 310
190 323
190 643
190 656
190 824
191 201
191 219
191 283
191 382
191 384
191 474
191 640
191 971
192 227
192 266
192 376
192 544
192 703
192 722
192 832
192 845
192 907
192 992
193 387
193 445
193 520
193 572
193 674
193 724
193 725
193 772
193 939
193 959
194 334
194 499
194 599
194 634
194 710
194 716
194 762
195 200
195 266
195 274
195 281
195 477
195 590
195 679
195 846
195 857
196 423
196 526
196 655
196 724
196 744
196 784
196 790
196 902
196 959
197 277
197 360
197 400
197 404
197 488
197 858
198 215
198 239
198 248
198 318
198 334
198 370
198 389
198 637
198 642
198 650
198 779
198 802
198 821
198 890
198 926
198 956
199 227
199 259
199 359
199 387
199 442
199 574
199 587
199 624
199 724
199 777
199 825
199 894
199 980
200 301
200 305
200 436
200 441
200 496
200 515
200 603
200 637
200 668
200 742
200 752
200 771
200 990
201 296
201 445
201 461
201 571
201 588
201 792
201 850
201 867
201 928
201 967
202 212
202 223
202 252
202 276
202 390
202 530
202 556
202 724
202 746
202 897
202 988
203 278
203 386
203 462
203 507
203 558
203 590
203 701
203 947
204 303
204 307
204 483
204 533
204 588
204 706
204 707
204 784
204 810
204 864
204 886
204 910
205 334
205 378
205 464
205 550
205 573
205 659
205 711
205 793
205 810
205 908
206 285
206 377
206 417
206 482
206 503
206 540
206 592
206 602
206 746
206 852
206 868
206 895
206 988
207 261
207 511
207 525
207 587
207 647
207 679
207 722
207 853
207 873
207 965
207 969
207 980
208 330
208 534
208 541
208 702
208 788
208 839
208 880
208 933
209 361
209 374
209 426
210 313
210 661
211 243
211 291
211 343
211 450
211 523
211 534
211 719
211 742
211 778
211 782
211 870
211 926
212 383
212 506
212 535
212 683
212 706
212 730
212 825
212 901
212 965
212 968
213 242
213 249
213 268
213 345
213 485
213 542
213 684
213 709
213 717
213 812
213 823
214 272
214 353
214 474
214 478
214 561
214 898
214 937
215 231
215 244
215 395
215 494
215 581
215 935
215 943
215 995
216 297
216 386
216 523
216 622
216 749
216 784
216 833
216 868
217 279
217 301
217 374
217 420
217 605
217 630
217 722
217 928
217 953
217 977
218 229
218 304
218 328
218 353
218 421
218 839
218 899
218 941
219 313
219 341
219 447
219 662
219 683
219 807
219 892
220 273
220 425
220 429
220 535
220 541
220 662
221 259
221 262
221 278
221 356
221 492
221 562
221 738
221 873
221 881
221 892
222 251
222 391
222 427
222 459
222 470
222 655
222 756
222 823
222 852
222 869
222 876
222 910
222 933
223 265
223 283
223 607
223 743
223 798
223 928
223 948
224 322
224 338
224 365
224 469
224 513
224 537
224 569
224 581
224 625
224 641
224 987
225 298
225 340
225 361
225 376
225 512
225 527
225 540
225 560
225 648
225 972
225 974
226 243
226 449
226 494
226 665
226 697
226 806
226 963
227 259
227 329
227 405
227 527
227 697
227 823
227 829
227 847
227 875
227 904
227 969
227 978
228 245
228 373
228 426
228 450
228 478
228 481
228 483
228 560
228 600
228 607
228 639
228 730
228 813
228 969
229 457
229 520
229 585
229 637
229 687
229 692
230 318
230 375
230 426
230 449
230 456
230 504
230 569
230 594
230 675
230 793
231 301
231 579
231 619
231 764
231 891
232 359
232 424
232 430
232 473
232 504
232 594
232 704
232 759
232 970
233 239
233 311
233 406
233 443
233 587
233 663
233 671
233 712
233 795
233 820
233 926
234 646
234 849
234 924
235 288
235 301
235 398
235 688
235 849
235 931
235 939
235 977
236 317
236 385
236 599
236 619
236 629
236 733
236 916
237 515
237 749
238 385
238 456
238 514
238 659
238 742
238 815
238 932
238 960
238 963
238 982
239 296
239 302
239 347
239 383
239 454
239 467
239 495
239 613
239 640
239 647
239 686
239 791
239 818
239 948
240 338
240 408
240 420
240 481
240 483
240 522
240 526
240 766
240 768
240 814
240 909
240 937
240 993
241 319
241 505
241 534
241 550
241 569
241 608
241 800
241 824
241 952
242 390
242 392
242 657
242 664
242 787
242 899
242 931
242 989
243 345
243 452
243 496
243 845
243 846
243 881
243 951
244 284
244 379
244 490
244 855
245 507
245 633
245 646
245 986
246 275
246 397
246 491
246 604
246 651
246 847
246 854
247 313
247 342
247 511
247 544
247 595
247 653
247 655
247 740
247 756
247 766
247 866
247 906
247 908
247 925
247 935
247 939
247 975
248 484
248 538
248 603
248 638
248 651
248 761
248 806
248 845
248 961
249 308
249 449
249 452
249 797
249 868
250 274
250 285
250 292
250 332
250 376
250 392
250 399
250 410
250 480
250 507
250 512
250 520
250 556
250 616
250 668
250 717
250 953
251 273
251 289
251 306
251 328
251 355
251 358
251 377
251 531
251 623
251 701
251 740
251 827
251 900
252 260
252 294
252 320
252 502
252 507
252 539
252 711
252 999
253 280
253 316
253 413
253 533
253 547
253 570
253 593
253 628
253 799
253 978
254 299
254 334
254 390
254 627
254 655
254 658
254 709
254 737
254 791
254 911
255 289
255 322
255 330
255 373
255 503
255 594
255 627
255 652
255 729
255 744
255 756
255 834
255 863
255 873
255 874
255 979
256 266
256 328
256 329
256 352
256 407
256 433
256 555
256 631
256 711
256 786
256 842
256 883
257 338
257 392
257 550
257 696
257 760
257 779
257 901
257 956
257 957
257 974
258 306
258 478
258 564
258 768
258 778
259 293
259 442
259 510
259 546
259 599
259 649
259 683
259 689
259 821
259 832
260 298
260 379
260 420
260 466
260 493
260 509
260 569
260 573
260 584
260 648
260 792
260 856
260 992
261 300
261 325
261 384
261 589
261 855
262 280
262 345
262 359
262 578
262 700
262 837
262 846
262 870
262 982
263 338
263 372
263 512
263 554
263 586
263 608
263 809
263 968
264 288
264 355
264 525
264 528
264 590
264 712
264 716
264 785
264 787
264 907
265 374
265 424
265 525
265 605
265 728
266 470
266 476
266 630
266 768
266 792
266 813
267 411
267 458
267 591
267 641
267 813
267 845
267 914
268 524
268 572
268 582
268 607
268 867
268 939
268 982
269 328
269 345
269 380
269 554
269 687
269 758
269 784
269 896
270 408
270 564
270 627
270 657
270 856
270 869
270 918
271 289
271 327
271 360
271 492
271 522
271 691
271 729
271 838
271 929
272 530
272 712
272 776
273 290
273 307
273 396
273 440
273 539
273 579
273 596
273 606
273 638
273 739
273 937
273 950
274 290
274 292
274 377
274 386
274 532
274 559
274 688
274 965
274 996
275 386
275 482
275 519
275 674
275 716
275 721
275 731
275 864
275 908
276 431
276 500
276 512
276 530
276 608
276 672
276 768
276 775
277 394
277 416
277 437
277 496
277 518
277 521
277 619
277 751
277 762
277 793
277 927
278 317
278 392
278 402
278 722
278 765
278 776
278 991
279 305
279 411
279 565
279 842
280 346
280 417
280 467
280 556
280 567
280 644
281 290
281 367
281 607
281 639
281 714
281 851
281 879
281 882
281 911
281 918
281 969
282 568
282 572
282 713
282 813
282 919
283 297
283 370
283 453
283 490
283 515
283 588
283 684
283 762
284 286
284 291
284 377
284 378
284 694
284 699
284 723
284 767
284 875
284 934
284 955
284 983
285 442
285 472
285 498
285 530
285 565
285 747
285 787
285 859
285 946
286 361
286 425
286 502
286 876
286 939
286 957
287 299
287 301
287 439
287 443
287 481
287 502
287 545
287 585
287 590
287 645
287 683
287 695
287 729
287 806
287 819
287 853
288 408
288 542
288 835
288 886
289 299
289 465
289 612
289 719
289 727
289 745
289 756
289 837
290 474
290 748
290 777
290 811
290 871
290 903
291 463
291 563
291 646
291 691
291 749
291 800
291 801
291 830
291 928
291 941
292 384
292 585
292 590
292 686
292 768
292 842
292 843
292 890
292 896
292 998
293 318
293 339
293 418
293 490
293 540
293 568
293 571
293 787
293 796
293 910
293 997
294 585
294 597
294 664
294 695
294 941
295 459
295 532
295 723
295 795
295 841
295 898
295 958
296 298
296 425
296 430
296 507
296 617
296 654
296 672
296 813
296 973
297 343
297 381
297 387
297 448
297 500
297 613
297 629
297 668
298 341
298 378
298 465
298 469
298 485
298 603
298 720
298 731
298 737
298 756
298 932
298 975
299 564
299 580
299 674
299 681
299 891
299 974
300 507
300 614
300 871
300 915
300 968
301 341
301 357
301 605
301 700
301 750
301 796
301 931
301 943
301 983
302 373
302 529
302 691
302 851
302 860
302 922
303 357
303 378
303 384
303 682
303 859
303 927
303 961
303 998
304 373
304 403
304 529
304 572
304 815
304 986
305 431
305 496
305 585
305 631
305 832
305 883
305 913
305 926
306 369
306 533
306 535
306 644
306 674
306 680
306 755
306 805
306 942
306 977
307 457
307 463
307 470
307 517
307 577
307 598
307 702
307 750
307 792
307 833
307 870
307 958
307 972
308 479
308 522
308 546
308 566
308 756
308 951
308 957
308 961
309 497
309 502
309 543
309 569
309 599
309 662
309 666
309 707
309 827
309 968
310 348
310 366
310 389
310 445
310 455
310 489
310 547
310 559
310 644
310 747
310 769
310 805
310 858
310 990
311 366
311 370
311 379
311 485
311 553
311 565
311 664
311 678
311 696
311 711
311 780
311 793
311 845
311 872
312 324
312 342
312 595
312 652
312 667
312 987
313 323
313 512
313 516
313 622
313 710
313 787
313 789
313 851
314 403
314 404
314 469
314 532
314 584
314 934
314 945
314 984
315 398
315 415
315 531
315 536
315 658
315 734
315 768
315 882
315 975
316 322
316 344
316 441
316 476
316 493
316 690
316 830
316 996
317 341
317 835
318 572
318 695
318 703
318 711
318 745
318 883
318 917
319 538
319 742
319 772
319 955
319 982
320 436
320 443
320 618
320 674
320 691
320 845
320 914
321 384
321 423
321 467
321 468
321 507
321 599
321 606
321 709
321 720
321 726
321 792
321 844
321 932
322 372
322 486
322 646
322 786
322 855
322 896
322 982
322 994
323 380
323 449
323 471
323 721
323 878
323 917
324 371
324 507
324 613
324 738
324 895
324 956
325 335
325 347
325 578
325 733
325 739
325 783
325 828
325 922
326 637
326 707
326 762
327 385
327 402
327 421
327 653
327 697
327 714
328 362
328 391
328 509
328 575
328 586
328 624
328 876
328 906
328 939
328 973
328 977
328 987
329 517
329 584
329 605
329 617
329 764
329 832
329 865
329 866
329 907
329 949
330 448
330 477
330 507
330 516
330 569
330 650
330 682
330 701
330 723
331 336
331 387
331 572
331 700
331 722
331 820
331 856
332 349
332 368
332 417
332 595
332 774
332 844
332 868
332 895
333 340
333 356
333 377
333 416
333 506
333 508
333 624
333 638
333 765
333 854
333 860
333 893
333 936
334 550
334 591
334 676
334 723
334 829
335 375
335 433
335 513
335 592
335 692
335 698
335 773
335 782
335 841
335 916
335 939
335 984
335 991
336 374
336 431
336 488
336 601
336 648
336 663
336 744
336 766
336 772
336 775
336 901
337 573
337 673
337 744
337 923
337 937
338 383
338 386
338 610
338 634
338 660
338 762
338 990
338 995
339 382
339 699
339 781
339 822
340 427
340 456
340 530
340 653
340 699
340 818
340 831
340 908
340 931
340 959
341 384
341 468
341 480
341 607
341 753
341 861
341 903
341 937
342 443
342 581
342 615
342 622
342 693
342 695
342 715
342 890
342 981
342 990
343 592
343 739
343 830
344 410
344 432
344 537
344 575
344 605
344 662
344 676
344 713
344 741
344 882
344 912
345 353
345 372
345 738
345 801
345 825
345 966
346 370
346 544
346 777
346 921
346 949
346 989
346 996
347 516
347 574
347 671
347 673
347 775
347 876
348 595
348 739
348 782
348 897
348 970
349 357
349 372
349 448
349 524
349 598
349 725
349 727
349 785
349 838
349 875
349 916
349 919
349 945
350 426
350 535
350 609
350 623
350 646
350 671
350 714
350 922
350 926
351 411
351 584
351 715
351 722
351 763
351 795
351 855
351 870
351 946
351 976
352 376
352 380
352 431
352 517
352 638
352 668
352 993
353 381
353 436
353 480
353 486
353 520
353 601
353 606
353 690
353 965
353 977
354 511
354 530
354 538
354 631
354 706
354 739
354 898
354 948
354 982
355 391
355 423
355 466
355 581
355 600
355 687
355 756
355 784
355 787
355 851
355 922
355 940
356 454
356 557
356 560
356 647
356 658
356 681
356 879
357 451
357 497
357 548
357 651
357 675
357 841
357 899
357 917
357 921
357 950
358 513
358 577
358 601
358 634
358 742
358 821
358 861
358 928
359 406
359 424
359 442
359 565
359 628
359 661
359 668
359 800
359 813
359 830
360 492
360 497
360 552
360 580
360 583
360 718
360 747
360 764
360 793
360 843
360 858
360 971
360 992
361 416
361 420
361 796
361 971
361 992
362 420
362 472
362 476
362 555
362 577
362 612
362 653
362 733
362 759
362 801
362 872
362 899
362 953
363 410
363 469
363 489
363 511
363 519
363 656
363 798
363 826
363 830
363 837
363 915
363 927
363 945
363 966
364 422
364 431
364 483
364 636
364 651
364 687
364 738
365 392
365 545
365 568
365 598
365 620
365 649
365 855
365 901
366 417
366 421
366 467
366 491
366 516
366 569
366 651
366 726
366 811
366 825
366 967
366 988
367 419
367 459
367 474
367 637
367 642
367 987
368 416
368 558
368 588
368 718
368 855
369 416
369 497
369 680
369 731
369 965
369 982
370 375
370 385
370 391
370 546
370 600
370 695
370 808
370 810
370 833
371 425
371 540
371 590
371 709
371 860
371 918
371 962
371 970
372 396
372 520
372 657
372 685
372 688
372 792
372 816
372 830
372 955
372 997
373 426
373 477
373 667
373 691
373 721
373 738
373 794
373 887
373 896
373 942
373 960
374 418
374 478
374 562
374 573
374 717
374 737
374 778
374 833
374 850
374 855
374 943
375 637
375 663
375 736
375 756
375 808
375 816
376 500
376 544
376 604
376 675
376 817
376 898
376 955
377 414
377 481
377 723
377 742
377 748
377 754
377 793
377 825
378 385
378 739
378 803
379 408
379 468
379 469
379 584
379 643
379 710
379 781
379 902
380 427
380 438
380 440
380 563
380 658
380 763
380 809
380 824
380 842
380 844
380 846
380 997
381 516
381 560
381 616
381 678
381 803
381 811
381 887
381 905
381 909
382 405
382 545
382 638
382 700
382 708
382 727
382 729
382 817
382 834
383 559
383 597
383 709
383 783
383 897
383 924
384 485
384 582
384 603
384 724
384 747
384 811
384 816
384 951
385 420
385 469
385 530
385 573
385 606
385 710
385 948
386 526
386 558
386 617
386 626
386 717
386 809
386 829
386 988
387 510
387 572
387 841
388 513
388 694
388 696
388 784
388 795
388 868
389 539
389 559
389 614
389 738
389 812
389 826
389 873
389 914
390 420
390 672
390 809
391 393
391 709
391 731
391 790
391 896
392 466
392 528
392 566
392 646
392 713
392 737
392 757
392 863
393 425
393 437
393 507
393 513
393 537
393 945
393 950
393 966
394 406
394 453
394 500
394 624
394 632
394 658
394 666
394 701
394 719
394 752
394 778
394 782
394 810
394 916
394 980
394 982
394 995
395 410
395 463
395 505
395 560
395 599
395 668
395 678
395 715
395 766
395 783
395 843
395 859
396 481
396 630
396 643
396 684
396 811
396 876
396 923
396 960
396 969
396 980
397 536
397 596
397 757
397 815
397 841
397 908
397 923
398 616
398 623
398 642
398 658
398 739
398 766
398 863
398 886
399 546
399 610
399 772
399 868
399 901
399 949
400 427
400 475
400 481
400 586
400 597
400 608
400 648
400 649
400 652
400 667
400 723
400 863
400 996
401 405
401 592
401 641
401 715
401 841
402 533
402 538
402 584
402 644
402 656
402 657
402 770
402 932
402 949
402 963
402 971
403 456
403 470
403 518
403 645
403 755
403 786
403 797
403 813
403 826
403 987
404 464
404 655
404 734
404 744
404 776
404 789
404 858
404 883
404 910
404 986
405 469
405 499
405 618
405 658
405 724
405 861
405 879
405 938
405 995
406 533
406 745
406 817
406 965
407 418
407 535
407 661
407 838
407 962
408 448
408 668
408 767
409 464
409 618
409 781
409 853
409 895
409 918
409 933
410 534
410 627
410 756
410 860
410 888
410 891
410 976
411 475
411 491
411 907
411 931
411 995
412 450
412 477
412 487
412 511
412 559
412 657
412 718
412 954
412 994
413 531
413 574
413 615
413 728
413 773
413 795
413 930
413 971
414 457
414 463
414 478
414 522
414 539
414 674
414 690
414 811
414 848
414 940
415 760
415 766
415 823
415 969
416 483
416 745
416 818
416 843
416 942
416 989
417 450
417 571
417 682
417 751
417 796
417 842
417 954
418 502
418 549
418 695
418 760
418 805
418 859
418 955
418 992
419 440
419 471
419 488
419 527
419 555
419 558
419 571
419 690
419 728
419 730
419 829
419 891
419 921
419 927
419 929
420 450
420 603
420 665
420 843
420 905
420 920
420 999
421 531
421 597
421 678
421 741
421 758
421 798
421 821
421 867
421 873
422 473
422 595
422 681
422 930
422 957
422 994
423 496
423 504
423 587
423 589
423 690
423 736
423 908
423 928
423 935
424 432
424 531
424 585
424 595
424 629
424 733
425 432
425 484
425 505
425 534
425 610
425 647
425 773
425 786
426 524
426 569
426 786
426 890
426 898
426 917
426 996
427 681
427 700
427 769
427 880
428 466
428 564
428 626
428 660
428 707
428 924
428 971
429 537
429 815
429 903
429 952
430 505
430 892
430 937
431 466
431 467
431 512
431 533
431 539
431 555
431 559
431 584
431 660
431 731
431 806
431 987
432 446
432 486
432 576
432 608
432 612
432 734
432 758
432 821
432 887
433 459
433 823
433 844
434 651
434 681
434 874
434 910
434 936
435 438
435 471
435 501
435 668
435 774
435 891
435 990
436 477
436 506
436 571
436 690
436 691
436 754
436 758
436 759
437 482
437 502
437 540
437 602
437 653
437 657
437 856
437 863
437 867
437 935
437 990
438 451
438 473
438 522
438 545
438 586
438 615
438 686
438 713
438 768
438 891
438 921
438 926
438 999
439 676
439 835
439 873
439 882
439 988
440 505
440 516
440 537
440 684
440 791
440 795
440 851
440 857
440 898
440 899
441 495
441 516
441 521
441 544
441 593
441 785
441 815
441 819
441 869
441 918
442 462
442 490
442 493
442 521
442 720
442 722
442 760
442 786
442 859
442 933
442 989
443 469
443 478
443 532
444 532
444 547
444 696
444 809
445 527
445 552
445 564
445 665
445 759
445 775
445 820
445 919
446 548
446 846
446 926
446 945
446 951
447 490
447 496
447 500
447 635
447 674
447 744
447 782
447 886
447 899
447 902
447 968
448 454
448 470
448 538
448 578
448 682
448 756
448 763
448 804
448 945
448 957
449 505
449 584
449 627
449 633
449 685
449 957
449 967
450 551
450 584
450 608
450 724
450 941
451 612
451 622
451 695
451 700
451 702
451 707
451 732
451 746
452 465
452 481
452 510
452 589
452 807
452 809
452 817
452 897
453 483
453 529
453 537
453 556
453 607
453 750
453 833
453 879
453 919
454 476
454 640
454 671
454 683
454 684
454 705
454 856
455 471
455 497
455 705
455 848
455 891
455 914
455 938
456 503
456 523
456 626
456 698
456 745
456 779
456 812
456 855
456 858
456 886
456 936
456 958
457 532
457 610
457 660
457 709
457 773
457 781
457 871
457 939
458 569
458 584
458 638
458 656
458 817
458 862
458 866
459 565
459 626
459 800
459 829
459 877
460 596
460 725
460 831
460 929
460 999
461 483
461 512
461 540
461 594
461 602
461 621
461 717
461 723
461 805
461 806
461 813
461 845
462 506
462 606
462 608
462 727
462 741
462 762
462 788
462 798
462 997
463 497
463 510
463 535
463 583
463 615
463 685
464 543
464 582
464 602
464 704
464 744
464 807
464 953
464 996
465 639
465 736
465 855
465 985
466 527
466 641
466 800
467 578
467 657
467 691
467 801
467 837
468 480
468 585
468 630
468 802
468 832
468 868
468 874
468 946
468 992
469 532
469 572
469 707
469 756
469 792
469 905
469 921
469 922
470 636
470 819
470 877
470 995
471 561
471 741
471 846
471 860
471 862
471 865
471 885
472 551
472 783
472 813
472 876
472 884
472 941
472 997
473 569
473 601
473 636
473 647
473 648
473 891
474 513
474 566
474 612
474 623
474 664
474 776
475 531
475 564
475 749
475 777
475 780
475 891
475 899
475 970
475 983
475 987
476 486
476 676
476 779
476 788
476 792
476 937
476 986
477 623
477 627
477 680
477 759
477 884
477 894
477 909
478 484
478 644
478 684
478 718
478 722
478 840
478 845
479 495
480 499
480 518
480 524
480 564
480 661
480 768
480 776
480 814
480 992
481 549
481 859
481 881
481 983
482 527
482 726
482 757
482 777
482 869
482 949
482 960
483 491
483 621
483 909
483 925
483 962
484 574
484 590
484 645
484 826
484 893
484 921
484 932
484 947
485 520
485 657
485 707
485 716
485 780
485 818
485 950
485 955
486 588
486 670
486 806
486 822
486 851
486 944
487 516
487 539
487 622
487 669
487 712
487 731
487 762
487 952
488 575
488 859
488 968
488 978
489 568
489 657
489 783
489 891
489 929
489 942
490 519
490 520
490 871
490 909
490 966
491 540
491 688
491 740
491 829
491 836
491 854
492 511
492 593
492 868
492 893
493 548
493 674
493 681
493 717
493 856
493 968
494 531
494 576
494 615
494 616
494 779
494 879
494 926
495 588
495 602
495 646
495 668
495 724
495 794
495 826
495 892
495 936
496 531
496 604
496 837
496 838
496 923
497 601
497 637
497 875
498 655
498 694
498 719
498 778
498 855
499 623
499 632
499 745
499 910
499 929
500 611
500 693
500 721
500 768
500 815
500 929
500 989
501 621
501 664
501 712
501 718
501 779
501 781
501 817
501 882
502 698
502 813
502 933
503 509
503 530
503 597
503 603
503 661
503 677
503 698
503 735
503 737
503 741
503 847
503 946
504 524
504 543
504 790
504 794
504 919
505 529
505 557
505 560
505 626
505 764
505 766
505 777
505 858
505 908
506 588
506 713
506 744
506 783
506 885
506 965
506 996
507 525
507 602
507 704
507 903
507 960
507 981
508 547
508 676
508 703
508 731
508 734
508 817
508 834
508 849
508 860
508 892
508 936
508 941
508 969
509 544
509 558
509 593
509 599
509 613
509 628
509 791
509 805
509 847
509 887
509 969
510 561
510 646
510 684
510 794
510 853
511 517
511 614
511 628
511 635
511 640
511 647
511 761
511 815
511 973
512 533
512 626
512 828
512 866
513 628
513 829
513 886
513 889
513 904
514 687
514 735
514 755
514 857
514 953
515 580
515 788
515 937
516 517
516 609
516 663
516 665
516 726
516 750
516 760
516 848
516 948
516 957
516 984
517 565
517 594
517 600
517 608
517 640
517 644
517 699
517 720
517 729
517 846
517 850
517 898
518 540
518 567
518 813
518 900
519 618
519 621
519 639
519 664
519 698
519 908
519 915
519 973
519 983
520 571
520 840
520 920
521 617
521 655
521 720
522 575
522 670
522 695
522 768
522 777
522 871
522 879
522 900
522 918
523 706
523 739
524 548
524 662
524 677
524 817
525 574
525 644
525 693
525 720
525 766
525 841
526 645
526 719
526 742
526 786
526 872
526 885
527 576
527 697
527 777
527 865
527 910
527 984
528 858
528 876
528 930
528 952
529 602
529 627
529 798
529 813
529 880
529 961
530 720
530 989
531 575
531 576
531 669
531 675
531 697
531 742
531 861
531 936
531 961
532 648
532 666
532 689
532 875
532 929
532 976
533 535
533 599
533 811
533 865
534 654
534 890
535 569
535 596
535 664
535 918
535 944
535 973
536 599
536 624
536 629
536 694
536 742
536 748
536 816
536 982
537 550
537 592
537 796
537 985
538 630
538 631
538 709
538 896
538 906
538 941
539 653
539 795
539 914
539 937
540 591
540 683
540 700
540 797
540 842
540 933
541 560
541 594
541 645
541 843
542 703
542 768
542 827
542 920
542 922
543 742
543 744
543 848
543 928
543 949
543 952
544 564
544 767
544 870
544 918
545 596
545 693
545 741
545 848
545 910
546 555
546 561
546 678
546 696
546 725
546 857
547 559
547 644
547 706
547 954
547 957
548 643
548 748
548 784
548 842
548 894
548 944
548 959
548 970
548 996
549 583
549 600
549 652
549 654
549 693
549 757
549 819
549 828
549 832
549 837
549 914
549 999
550 634
550 663
550 706
550 896
550 937
551 677
551 770
551 958
551 993
552 603
552 666
552 848
552 909
552 938
552 998
553 577
553 609
553 804
553 876
553 905
554 642
554 958
555 652
555 874
555 903
555 969
556 574
556 632
556 642
556 677
556 718
556 881
557 572
557 589
557 671
557 700
557 764
557 789
557 953
558 657
558 701
558 786
558 826
558 862
558 868
558 898
558 940
559 703
559 720
559 759
559 855
560 562
560 615
560 666
560 675
560 684
560 703
560 707
560 728
560 837
560 977
561 660
561 712
561 806
561 856
561 862
562 632
563 569
563 652
563 676
563 721
563 893
563 934
564 634
564 722
564 806
564 867
564 918
564 923
564 964
565 571
565 576
565 704
565 818
565 857
565 974
566 856
566 878
566 898
567 664
567 709
567 773
567 829
567 845
567 874
569 579
569 711
570 623
570 676
570 685
570 712
570 997
571 635
571 666
571 680
571 713
571 861
571 898
572 573
572 595
572 603
572 838
572 892
572 910
572 951
572 975
573 591
573 622
573 643
573 698
573 766
573 789
573 866
574 806
574 812
574 817
574 859
574 878
574 919
574 920
575 613
575 618
575 692
575 748
575 774
575 897
576 664
576 669
576 670
576 835
576 909
577 592
577 602
577 684
577 728
577 789
577 982
578 613
578 667
578 697
578 723
578 804
578 996
579 911
580 677
580 710
580 881
580 918
581 613
581 678
581 798
581 907
582 590
582 647
582 662
582 663
582 702
582 740
582 746
582 759
582 832
582 958
582 966
583 957
583 979
584 624
584 814
584 871
585 738
585 784
585 816
585 864
585 955
585 985
586 669
586 706
587 812
588 659
588 719
588 862
588 896
589 659
589 699
589 714
589 766
589 936
589 957
590 671
590 690
590 742
590 755
590 990
591 634
591 660
591 698
591 755
591 756
591 785
591 819
591 860
591 884
591 902
591 909
591 931
592 625
592 627
592 832
593 763
593 786
593 926
594 702
594 799
594 800
594 917
594 963
595 598
595 828
595 866
595 987
596 676
596 790
596 917
596 955
596 993
597 668
597 721
597 751
597 829
597 843
597 908
598 615
598 636
598 709
598 716
598 776
598 862
598 979
599 805
599 859
599 915
599 998
600 760
600 949
601 643
601 727
601 752
601 777
602 810
602 830
602 889
602 906
602 908
603 612
603 691
603 700
603 748
603 760
603 787
603 815
603 818
603 933
603 971
604 693
604 798
604 814
605 621
605 659
605 724
605 878
606 801
606 873
606 933
607 634
607 741
607 757
607 799
608 652
608 675
608 789
608 848
608 891
609 685
609 692
609 718
609 839
609 871
609 974
609 992
610 642
610 720
610 759
610 878
610 959
610 974
611 630
611 784
611 801
611 812
611 873
611 874
611 930
611 977
612 616
612 631
612 666
612 674
612 946
612 950
613 625
613 634
613 792
613 844
614 719
614 726
614 804
614 967
615 745
615 756
615 875
615 932
615 939
615 993
616 673
616 787
616 964
616 989
618 713
618 807
618 821
619 644
619 725
619 732
619 742
619 761
619 958
619 982
620 710
620 770
620 793
620 892
621 950
622 881
622 904
622 929
622 952
623 651
623 860
623 983
624 711
625 757
625 770
625 966
625 986
626 744
626 818
626 851
626 944
626 982
627 702
627 903
628 686
628 900
628 916
628 930
629 747
629 832
629 936
629 947
630 646
630 801
630 847
630 852
630 882
630 891
630 996
631 632
631 762
631 902
631 920
631 939
632 706
632 920
632 950
633 778
633 784
633 958
634 767
634 865
634 998
635 790
635 802
635 828
635 926
635 941
635 977
636 648
636 784
636 821
636 866
636 944
636 960
637 678
637 986
638 665
638 758
638 770
638 797
639 650
639 798
639 836
639 840
640 704
640 711
640 718
640 729
640 833
641 691
641 757
641 851
641 945
641 951
642 719
642 825
642 879
642 911
643 794
643 806
643 837
643 862
643 865
643 869
643 926
643 947
643 966
644 746
644 798
644 951
645 669
645 812
645 941
646 683
646 732
646 762
646 793
646 897
646 950
646 996
647 896
647 923
648 656
648 723
648 760
649 727
649 767
649 935
650 680
650 683
650 689
650 694
650 724
650 852
650 919
651 691
651 916
651 949
652 870
652 871
652 916
652 977
653 674
653 734
653 803
653 863
653 952
654 694
654 735
654 856
654 881
654 923
655 782
655 803
655 804
655 872
655 875
655 922
655 995
656 759
656 829
656 989
657 894
657 912
657 931
658 662
658 719
658 787
658 797
658 830
658 916
659 781
659 849
660 893
660 912
660 914
661 853
662 715
662 762
662 804
662 835
662 848
663 788
663 869
663 941
663 956
663 957
664 695
664 696
665 706
665 717
665 835
665 852
665 861
665 871
666 852
666 934
667 679
667 866
667 929
667 934
668 714
668 845
669 792
669 939
669 981
670 795
670 825
670 879
670 990
671 798
671 801
671 831
671 860
671 895
671 939
671 944
671 968
671 972
671 983
672 793
672 835
673 690
673 811
673 955
674 776
674 783
674 864
674 964
675 692
675 727
676 741
676 749
676 764
676 800
677 730
677 759
677 818
677 858
677 902
677 976
678 715
678 717
678 753
678 787
678 826
678 943
679 802
680 710
680 956
681 950
682 823
682 863
682 875
682 890
682 943
683 719
683 858
683 917
683 923
683 940
684 866
684 887
684 896
684 906
685 799
685 809
685 829
685 973
685 986
685 998
686 707
686 846
686 928
687 689
688 746
688 822
688 924
689 991
690 947
690 974
690 996
691 746
691 776
691 785
691 887
691 951
692 821
692 893
692 898
692 919
693 734
693 833
693 878
693 997
694 763
694 778
694 798
694 815
694 958
694 966
694 987
695 700
695 814
695 945
696 715
697 719
697 802
697 815
697 830
697 833
697 836
698 725
698 750
698 822
698 890
698 910
698 918
698 931
698 959
698 986
699 716
699 755
699 769
699 808
699 940
699 959
700 935
701 884
701 920
701 932
702 912
702 966
702 973
702 990
703 728
703 747
703 817
703 894
703 932
704 795
704 796
705 759
705 787
705 790
705 978
706 800
706 834
706 931
706 960
707 727
707 732
707 862
707 889
708 740
708 764
708 777
708 790
708 844
708 906
708 922
708 989
709 964
710 714
710 747
710 787
710 839
711 921
712 718
712 760
712 772
712 863
712 986
713 944
714 750
714 754
714 806
714 813
714 849
714 911
714 915
714 953
714 983
715 744
715 789
715 902
716 736
716 771
716 829
716 934
716 968
716 975
717 734
717 750
717 756
717 763
717 764
718 725
718 790
718 796
718 858
718 906
718 934
718 942
718 977
720 777
721 816
721 925
721 995
721 999
722 842
722 880
723 806
723 956
723 967
723 987
724 914
724 930
724 977
725 775
725 823
725 907
725 917
726 754
726 759
726 775
726 818
726 877
726 894
726 895
726 996
727 741
727 812
727 828
727 846
727 895
727 912
727 980
727 995
728 734
728 781
728 801
728 934
728 947
728 985
729 747
729 773
729 992
730 763
730 958
730 986
731 762
731 802
731 869
732 773
732 776
732 841
732 892
732 975
733 780
733 824
733 877
733 943
734 788
734 811
734 833
734 896
734 937
736 862
736 898
736 951
736 961
736 994
737 743
737 841
737 956
737 964
737 978
738 755
739 787
739 829
739 889
740 744
740 790
740 902
741 797
741 832
743 786
743 857
743 980
744 797
744 849
744 924
744 998
745 803
745 849
745 998
746 750
746 780
746 790
747 797
747 880
747 963
748 919
748 922
748 943
748 950
748 953
749 871
750 846
750 980
751 837
751 929
752 811
752 842
752 850
752 970
752 972
752 978
753 767
753 774
753 863
753 865
753 872
753 916
753 986
754 995
755 774
755 801
755 844
755 947
756 779
756 790
756 824
757 790
757 965
758 863
758 868
758 998
759 791
760 902
760 927
761 828
761 881
761 933
761 952
762 804
762 812
762 935
763 872
763 952
764 880
764 990
765 929
765 998
766 829
766 847
766 875
767 795
767 831
767 858
767 859
767 873
767 929
767 936
767 966
767 994
767 997
768 782
768 880
768 932
769 772
769 779
769 877
769 897
769 919
769 987
770 790
770 802
770 847
770 851
770 959
771 815
771 826
771 859
771 897
771 978
772 818
772 835
772 853
772 919
773 947
773 954
773 973
774 795
774 835
774 992
776 794
776 932
776 972
777 865
777 883
779 935
779 948
780 795
780 906
780 989
781 801
782 943
782 953
782 992
782 999
783 846
784 904
785 841
785 900
785 932
786 869
786 894
786 943
787 875
787 890
787 928
787 960
787 996
788 986
789 793
789 808
790 843
790 906
790 941
791 798
792 829
793 818
793 850
793 947
794 817
794 931
794 939
794 997
795 800
796 921
797 836
798 889
798 908
798 914
798 950
800 932
801 947
801 951
802 823
802 872
803 851
803 914
804 815
804 866
804 973
805 889
805 979
808 819
808 990
809 969
810 917
810 928
810 943
810 996
811 822
811 827
811 871
811 895
812 835
812 856
815 821
815 857
815 984
815 999
816 869
817 827
817 866
817 878
817 985
818 820
818 949
819 846
819 856
819 869
819 904
819 909
819 913
819 923
820 847
820 948
820 949
820 950
821 893
821 963
822 905
822 997
823 834
824 884
824 913
824 973
825 951
826 916
826 968
826 974
827 887
827 893
827 992
828 842
828 893
829 887
830 896
830 913
830 975
831 941
831 976
832 884
832 894
833 865
833 951
833 966
834 841
834 853
834 885
834 943
835 877
835 994
836 929
837 937
837 960
838 848
838 898
838 899
838 951
838 984
840 994
842 982
843 961
844 855
844 871
844 908
844 977
845 980
846 909
847 904
847 926
847 953
847 969
847 971
848 988
849 850
850 951
852 873
852 889
852 914
852 958
852 965
853 984
854 868
854 957
854 990
856 932
857 919
858 892
858 909
858 967
859 950
861 864
861 928
862 881
862 909
862 912
863 922
863 983
864 879
864 900
865 872
865 958
869 943
871 891
871 896
871 966
872 976
872 997
873 966
874 957
874 964
874 966
874 994
874 997
876 880
876 947
876 962
878 909
880 971
881 919
882 891
885 896
885 902
886 895
886 957
886 993
887 999
889 977
889 999
890 898
891 938
891 953
891 961
893 923
894 925
897 937
898 912
898 929
898 985
901 985
902 911
902 996
903 936
903 944
903 991
903 993
904 917
904 944
905 947
905 993
906 931
908 970
910 975
911 915
911 918
911 934
911 987
912 959
912 975
912 984
912 991
913 935
913 955
914 943
916 953
917 930
917 952
917 996
919 933
920 997
921 936
922 972
923 947
923 979
924 967
924 995
925 990
926 949
927 948
927 969
930 933
930 999
931 966
932 984
932 985
932 986
935 994
936 970
937 999
939 960
939 969
940 964
941 949
941 965
943 945
946 949
948 989
948 998
952 981
959 986
963 973
967 971
969 997
977 996
981 998
983 988
987 993
