0
1000
3695
0
1
0
0 12
0 85
0 450
0 476
0 586
0 598
0 611
0 903
0 972
1 44
1 566
1 745
1 883
2 115
2 682
2 711
2 726
3 18
3 42
3 69
3 211
3 244
3 263
3 332
3 506
3 710
3 723
3 827
3 985
4 31
4 75
4 202
4 216
4 377
4 447
4 546
4 784
4 843
5 18
5 94
5 110
5 626
6 28
6 72
6 140
6 311
6 352
6 532
6 611
6 803
7 265
7 301
7 473
7 677
7 760
7 895
7 971
8 184
8 448
8 742
8 766
8 865
8 888
8 927
9 227
9 321
9 390
9 433
9 470
9 496
9 550
9 639
10 561
10 620
10 801
10 827
10 888
11 52
11 85
11 226
11 609
11 715
11 815
11 902
11 909
11 919
12 65
12 228
12 278
12 284
12 322
12 423
12 461
12 630
12 871
12 897
12 986
13 27
13 120
13 137
13 477
13 518
13 530
13 683
13 804
13 843
13 909
13 966
14 139
14 195
14 227
14 318
14 665
14 724
14 755
14 756
14 834
14 866
14 876
14 908
14 913
15 68
15 435
15 560
15 580
15 614
15 873
15 878
15 919
16 178
16 272
16 605
16 632
16 691
16 803
16 813
16 882
17 36
17 893
17 942
17 996
18 179
18 196
18 264
18 336
18 686
19 90
19 183
19 262
19 267
19 399
19 582
19 649
19 718
19 808
19 915
19 977
19 986
20 21
20 50
20 186
20 318
20 372
20 630
21 384
21 439
21 488
21 662
21 759
21 846
22 101
22 141
22 145
22 161
22 289
22 295
22 311
22 332
22 335
22 349
22 694
22 701
22 711
22 791
23 78
23 124
23 311
23 399
23 442
23 708
23 762
23 781
23 862
24 98
24 256
24 627
24 638
24 730
24 859
24 919
25 283
26 38
26 102
26 642
26 709
27 81
27 175
27 368
27 392
27 393
27 784
27 792
27 907
28 105
28 594
28 596
28 610
28 742
28 809
28 941
29 199
29 233
29 270
29 303
29 327
29 345
29 433
29 475
29 576
29 597
30 480
30 611
30 877
30 990
31 50
31 85
31 129
31 395
31 490
31 609
31 631
31 822
31 827
31 871
31 961
32 368
32 440
32 556
32 608
32 941
33 110
33 146
33 509
33 664
33 707
33 797
33 887
34 219
34 291
35 39
35 261
35 275
35 407
35 629
35 757
35 890
35 920
35 955
36 304
36 412
36 524
36 647
36 667
36 739
36 745
36 930
37 125
37 192
37 321
37 520
37 829
37 853
38 204
38 205
38 297
38 485
39 152
39 171
39 361
39 428
39 581
39 683
40 192
40 322
40 388
40 439
40 515
40 525
40 555
40 576
40 836
40 914
41 233
41 462
41 497
41 589
41 731
41 809
41 816
42 217
42 344
42 472
43 128
43 204
43 237
43 367
43 400
43 532
43 585
43 820
43 843
43 922
43 956
44 307
44 475
44 533
44 935
45 62
45 155
45 173
45 187
45 370
45 377
45 409
45 545
45 940
45 961
45 990
46 91
46 112
46 150
46 182
46 761
46 781
46 906
46 917
47 118
47 291
47 427
47 579
47 689
47 829
48 415
48 632
49 115
49 124
49 150
49 272
49 525
49 587
49 967
50 537
50 564
51 58
51 164
51 313
51 589
51 619
51 656
51 708
51 789
51 879
52 190
52 448
52 463
52 485
52 815
53 237
53 432
53 575
53 683
53 715
53 759
53 917
54 87
54 572
54 780
54 973
54 975
54 978
55 235
55 257
55 351
55 385
55 486
55 500
55 620
56 362
56 440
56 786
56 815
56 949
56 987
57 71
57 190
57 229
57 353
57 558
57 640
57 661
57 813
57 822
58 371
58 787
59 204
59 304
59 484
59 799
59 852
59 889
59 986
60 77
60 421
60 843
61 201
61 231
61 254
61 495
61 788
61 792
61 793
61 980
62 255
62 294
62 297
62 460
63 99
63 397
63 668
63 906
64 80
64 97
64 220
64 306
64 488
64 738
65 140
65 355
65 379
65 388
65 422
65 469
65 666
65 835
66 141
66 225
66 521
66 775
66 843
66 861
66 935
67 177
67 183
67 479
67 730
67 844
67 852
67 954
68 132
68 225
68 440
68 462
68 706
68 738
68 751
68 759
68 763
68 964
69 146
69 582
69 599
70 82
70 243
70 411
70 451
70 533
70 569
70 599
70 607
70 802
70 835
70 888
70 958
70 961
70 969
71 315
71 354
71 397
71 476
71 575
71 767
71 834
71 873
72 78
72 188
72 391
72 412
72 524
72 871
72 999
73 401
73 406
73 689
73 710
73 739
74 312
74 742
74 978
75 127
75 155
75 201
75 226
75 467
75 808
75 865
75 875
75 953
76 126
76 190
76 256
76 264
76 392
76 451
76 514
76 805
76 815
77 81
77 363
77 406
77 416
77 562
77 879
77 976
78 236
78 299
78 310
78 486
79 144
79 427
79 508
79 609
79 730
79 777
80 244
81 450
81 493
81 620
81 633
81 647
81 754
81 825
81 880
81 961
82 237
82 451
82 609
82 824
83 282
83 677
83 767
84 187
84 231
84 634
84 847
84 873
84 956
85 150
85 154
85 214
85 540
85 596
86 222
86 409
86 734
87 412
87 483
87 572
87 666
87 867
87 899
87 941
88 156
88 274
88 321
88 392
88 753
88 790
88 923
89 337
89 433
89 449
89 485
89 577
90 258
90 318
90 497
90 512
90 519
90 669
90 767
90 999
91 196
91 216
91 344
91 519
91 551
91 911
92 173
92 185
92 332
92 356
92 551
92 552
92 731
92 930
93 342
93 462
93 507
93 693
93 754
93 972
94 277
94 667
94 721
94 734
94 828
94 896
95 100
95 290
95 332
95 429
95 614
95 654
95 746
95 866
95 896
96 201
96 433
96 604
96 986
97 119
97 450
97 994
98 177
98 484
98 711
98 772
99 129
99 167
99 416
99 765
99 819
100 146
100 497
100 629
100 801
100 980
101 199
101 402
101 658
101 720
101 845
101 886
101 956
101 979
102 450
102 785
102 903
103 307
103 538
103 549
103 582
103 601
103 656
103 666
103 779
103 887
104 111
104 599
104 621
104 880
104 895
104 947
105 122
105 172
105 192
105 296
105 319
105 419
105 441
105 485
105 524
105 727
105 861
105 905
106 287
106 359
106 504
107 187
107 207
107 251
107 281
107 355
107 450
107 452
107 567
107 642
107 661
107 694
107 790
107 792
107 943
108 113
108 327
108 557
108 712
108 739
108 800
108 887
108 931
109 175
109 327
109 526
109 628
109 707
109 761
110 135
110 165
110 171
110 228
110 239
110 295
110 611
110 749
110 809
110 824
110 932
111 126
111 356
111 487
111 495
111 750
111 854
111 899
111 964
111 998
112 306
112 526
112 538
112 571
112 964
112 973
113 313
113 826
113 856
114 236
114 487
114 527
114 704
114 904
114 909
114 914
115 166
115 205
115 219
115 491
115 511
115 731
115 913
116 486
116 546
116 567
116 580
116 719
116 760
116 792
116 915
117 128
117 313
117 331
117 627
117 830
117 868
117 936
117 944
118 169
118 346
118 839
118 970
119 254
119 404
119 410
119 723
120 257
120 394
120 779
120 858
121 151
121 267
121 545
121 659
121 971
122 277
122 289
122 299
122 348
122 422
122 443
122 622
122 639
122 874
123 154
123 238
123 272
123 436
123 503
123 668
123 986
124 291
124 408
124 446
124 507
124 550
124 592
124 669
124 689
124 699
124 711
125 739
125 908
126 302
126 680
126 762
126 793
126 847
126 871
127 183
127 243
127 337
127 375
127 429
127 629
127 653
127 730
127 774
127 836
127 947
127 959
127 987
127 990
128 159
128 229
128 437
128 491
128 559
128 739
129 171
129 263
129 471
129 507
129 547
129 554
130 275
130 315
130 634
130 682
130 768
130 818
130 981
131 461
131 694
132 267
132 813
132 883
133 207
133 254
133 309
133 358
133 417
133 508
133 753
134 140
134 186
134 321
134 338
134 469
134 592
134 644
134 743
134 829
135 215
135 276
135 793
136 157
136 263
136 429
136 501
136 703
136 882
136 889
137 318
137 463
137 470
137 626
137 646
137 679
137 836
138 205
138 520
138 590
138 734
138 797
138 921
138 930
138 972
139 149
139 200
139 334
139 528
139 624
139 795
139 840
140 257
140 284
140 419
140 493
140 918
141 177
141 309
141 464
141 465
141 483
141 692
141 741
141 888
141 930
142 544
142 696
143 476
143 606
143 650
143 802
143 921
144 242
144 749
144 950
145 269
145 445
145 530
145 937
146 165
146 276
146 304
146 307
146 361
146 391
146 712
146 794
146 883
147 161
147 164
147 209
147 718
147 860
147 865
147 926
147 997
148 338
148 491
148 530
148 718
148 862
148 925
149 184
149 202
149 478
149 486
149 532
149 641
149 763
149 862
149 879
149 991
150 209
150 268
150 465
150 787
150 824
150 859
150 942
151 212
151 436
151 727
151 979
152 236
152 795
152 898
153 292
153 298
153 380
153 396
153 482
153 694
153 948
154 173
154 382
154 523
154 642
154 848
155 309
155 589
155 839
155 972
156 165
156 294
156 436
156 630
156 699
156 859
157 161
157 531
157 877
158 218
158 295
158 414
158 461
158 533
158 611
158 740
158 758
158 824
158 877
159 164
159 254
159 272
159 576
159 662
159 851
159 872
159 890
159 930
159 952
160 376
160 642
160 823
160 889
161 206
161 334
161 407
161 452
161 511
161 572
161 605
161 795
161 978
162 164
162 193
162 376
162 523
162 747
163 183
163 194
163 241
163 305
163 476
163 663
163 711
163 716
164 190
164 228
164 236
164 270
164 556
164 700
164 775
165 207
165 369
165 490
165 561
165 761
165 904
166 256
166 327
166 505
166 659
166 700
166 754
166 836
166 897
166 984
167 251
167 450
167 618
167 743
168 646
168 670
168 730
168 811
168 969
168 985
169 210
169 302
169 396
169 434
169 532
169 534
169 603
169 772
169 822
169 883
169 899
170 216
170 244
170 247
170 356
170 700
170 841
170 921
170 922
171 573
171 975
172 353
172 487
172 557
172 771
172 892
173 292
173 693
173 712
173 799
173 810
173 922
173 987
174 175
174 293
174 414
174 442
174 445
174 474
174 612
174 829
175 470
175 637
175 649
175 829
176 223
176 251
176 254
176 357
176 530
176 558
176 561
176 831
176 911
176 939
177 188
177 455
177 622
177 724
177 841
178 236
178 576
178 944
179 208
179 412
179 417
179 435
179 522
179 756
179 877
179 889
180 277
180 352
180 380
180 553
180 819
180 902
181 232
181 493
181 531
181 684
181 811
181 833
181 927
181 964
181 991
182 387
182 647
182 665
183 317
183 704
183 723
183 757
183 858
183 859
184 251
184 412
184 583
184 608
184 642
184 862
184 873
184 913
184 953
185 347
185 401
185 754
185 812
185 827
186 407
186 658
186 978
186 982
187 263
188 657
188 713
188 981
188 995
189 323
189 429
189 518
189 583
189 835
189 870
190 339
190 377
190 392
190 494
190 579
190 663
190 802
190 807
190 879
190 945
190 991
191 265
191 269
191 515
191 631
191 691
191 776
191 805
192 812
192 828
192 831
192 837
192 987
193 293
193 513
193 916
194 472
194 672
195 196
195 238
195 454
195 468
195 822
195 842
195 895
196 364
196 445
196 509
196 645
196 661
196 854
196 871
196 873
196 919
196 964
197 269
197 286
197 399
197 516
197 517
197 608
197 632
197 915
197 950
197 961
198 217
198 318
198 565
198 860
198 893
198 934
199 256
199 321
199 340
199 775
199 807
200 357
200 395
200 487
200 947
200 998
201 302
201 383
201 461
201 467
201 550
201 556
201 797
201 840
201 982
202 329
202 336
202 447
202 520
202 834
203 455
203 607
204 449
204 469
204 516
204 616
204 666
204 707
204 724
204 812
204 825
205 226
205 390
205 396
205 480
205 599
205 772
205 858
205 902
205 950
206 248
206 545
206 614
206 756
206 903
206 959
207 220
207 455
207 462
207 551
207 640
207 737
207 920
208 242
208 278
208 427
208 579
208 839
208 879
208 946
208 972
208 989
209 281
209 479
209 613
209 861
210 319
210 333
210 386
210 603
210 671
210 960
211 249
211 411
211 977
212 437
212 619
213 275
213 401
213 450
213 873
214 455
214 466
214 499
214 656
214 737
214 756
214 935
215 247
215 307
215 520
215 553
215 574
215 655
216 263
216 304
216 480
216 686
216 832
217 784
217 805
217 953
217 954
218 241
218 428
218 513
218 614
218 904
218 990
219 232
219 323
219 594
219 926
219 930
219 997
220 303
220 402
220 510
220 724
220 744
220 834
220 905
220 934
220 966
221 374
221 458
221 548
221 690
221 873
222 251
222 315
222 405
222 987
223 270
223 278
223 506
223 585
223 935
224 245
224 400
224 426
224 525
224 546
224 552
224 603
224 636
224 814
224 834
225 258
225 271
225 564
225 666
225 709
225 943
226 381
226 422
226 662
226 839
226 963
227 275
227 352
227 516
227 542
227 703
227 705
227 846
228 257
228 346
228 364
228 434
228 571
228 591
228 749
229 301
229 380
229 562
229 772
229 959
229 970
230 337
230 348
230 433
230 497
230 655
230 773
230 806
230 807
230 972
231 491
231 492
231 663
231 786
231 864
231 872
232 278
232 618
232 652
232 759
233 246
233 268
233 317
233 731
233 826
234 240
234 256
234 279
234 378
234 707
234 737
234 963
235 315
235 800
235 922
236 277
236 320
236 504
236 684
236 727
236 752
236 860
236 897
237 444
237 455
237 491
237 588
237 612
237 746
237 750
238 529
238 640
238 699
238 731
239 344
239 360
239 523
239 538
239 724
239 742
239 984
240 384
240 510
240 512
240 569
240 638
241 338
241 479
241 676
241 845
241 965
242 378
242 424
242 510
242 556
242 621
243 283
243 463
243 522
243 805
243 937
244 459
244 653
244 796
244 811
245 366
245 393
245 483
245 553
245 566
245 633
245 657
246 361
246 425
246 460
246 627
246 819
246 910
246 922
247 392
247 411
247 707
247 791
248 264
248 347
248 490
248 493
248 604
248 647
248 662
248 718
248 761
248 767
248 811
248 874
249 293
249 410
249 630
249 776
250 252
250 446
250 481
250 506
250 685
250 733
251 606
251 893
252 266
252 461
252 469
252 531
252 760
253 429
253 624
253 653
253 772
253 984
253 986
254 394
254 635
254 660
254 715
254 758
254 771
254 839
254 891
254 892
255 369
255 568
255 619
255 879
256 292
256 353
256 485
256 501
256 667
256 705
256 978
256 988
257 351
257 367
257 559
257 621
257 754
258 344
258 513
258 838
258 888
258 950
259 331
259 619
259 632
259 664
259 693
259 700
259 785
259 934
259 977
260 619
260 635
260 694
260 701
261 531
261 556
262 322
262 343
262 348
262 496
262 608
262 721
262 746
263 640
263 721
264 408
264 535
264 654
265 357
265 381
265 621
265 677
265 920
266 342
266 397
266 408
266 739
267 369
267 516
267 641
267 872
268 278
268 403
268 431
268 723
268 867
268 928
268 990
269 398
269 826
270 393
270 541
270 592
270 660
270 669
270 686
270 738
271 374
271 582
271 634
271 853
272 325
272 507
272 531
272 694
272 811
273 777
273 896
273 904
273 979
274 459
274 720
274 723
274 882
274 914
275 292
275 404
275 410
275 651
275 746
275 767
275 832
276 358
276 512
277 340
277 898
277 918
278 562
278 592
279 287
279 589
279 676
280 371
280 404
280 763
281 321
281 417
281 607
281 657
282 306
282 438
282 693
282 782
282 862
282 892
282 996
283 379
283 429
283 837
283 956
284 437
284 566
284 925
285 371
285 424
285 546
285 845
286 292
286 308
286 388
286 411
286 422
286 496
286 500
286 506
286 529
287 703
287 729
287 785
288 350
288 419
288 429
288 618
288 642
288 745
288 752
288 915
289 406
289 442
289 799
289 821
289 828
289 858
289 868
290 478
290 529
290 542
290 754
290 912
291 570
291 833
291 912
291 969
292 328
292 344
292 514
292 590
292 618
292 697
292 758
292 986
293 352
293 468
293 569
293 684
293 734
293 976
294 463
294 528
294 751
294 875
295 327
295 410
295 443
295 512
295 789
295 822
295 838
295 886
295 904
295 987
296 741
296 765
296 884
296 890
296 946
297 564
297 675
297 820
298 326
298 577
298 806
298 942
299 394
299 710
299 731
299 973
300 585
300 730
300 833
300 852
301 331
301 354
301 937
301 992
302 362
302 482
302 546
302 584
302 635
302 646
302 760
302 815
303 503
303 507
303 609
303 634
303 691
303 805
303 967
304 352
304 826
304 983
305 363
305 707
305 803
305 906
305 960
306 725
306 941
307 509
308 433
308 481
308 523
308 925
308 994
309 435
309 485
309 648
310 692
310 777
310 792
310 929
310 950
311 320
311 400
311 764
312 356
312 709
312 860
313 636
313 675
313 747
313 814
313 822
313 968
314 349
314 449
314 481
314 521
314 771
314 898
315 339
315 574
315 575
315 930
316 602
316 992
317 338
317 341
317 923
317 935
317 975
317 990
318 326
318 412
318 523
318 643
318 794
318 948
319 396
319 490
319 561
319 675
319 684
320 343
320 422
320 500
320 691
320 731
320 754
320 798
321 442
321 462
321 618
321 837
321 981
322 352
322 769
322 853
323 403
323 510
323 540
323 636
323 671
324 810
324 932
325 397
325 483
325 717
326 341
326 376
326 574
326 714
326 751
326 957
327 562
327 610
327 615
327 683
327 746
327 804
328 623
328 687
328 725
328 814
329 494
329 776
329 899
330 331
330 455
330 609
330 807
331 381
331 507
331 719
331 722
331 808
332 350
332 712
332 851
332 975
333 462
333 871
333 907
334 368
334 512
334 518
334 835
334 920
334 946
335 351
335 369
335 619
335 693
335 716
335 775
335 945
336 403
336 419
336 578
336 620
336 673
336 837
336 881
337 405
337 423
337 464
337 531
337 962
338 398
338 510
338 679
338 805
338 848
339 341
339 826
339 856
339 911
340 365
340 391
340 519
340 554
340 598
340 612
340 800
340 961
341 440
341 512
341 529
341 628
341 656
341 659
341 928
341 983
342 472
342 815
342 864
343 409
343 455
343 974
344 544
344 781
344 976
345 346
345 357
345 367
345 434
345 451
345 473
345 815
345 832
346 567
346 727
346 733
346 887
346 948
346 978
347 375
347 403
347 416
347 466
347 815
347 878
347 951
347 954
348 422
348 618
348 643
348 816
349 361
349 374
349 498
349 499
349 534
349 724
349 793
349 797
349 815
349 837
350 440
350 458
350 537
350 612
350 811
350 840
350 895
351 355
351 377
351 424
351 663
351 747
351 771
351 820
351 955
352 410
352 486
352 567
352 748
352 846
352 857
353 411
353 474
353 495
353 542
353 662
353 784
353 808
354 463
354 529
354 585
354 589
354 641
354 670
354 677
355 743
356 466
356 473
356 509
356 597
356 679
356 748
356 799
357 623
357 711
357 895
357 980
358 503
358 521
358 575
358 626
358 721
358 852
359 574
359 631
359 649
359 670
359 749
359 767
359 810
359 889
360 491
360 537
360 539
360 653
360 732
360 930
361 380
361 670
361 918
361 928
362 605
362 701
362 708
362 899
362 917
362 921
362 923
363 469
363 473
363 709
363 741
363 762
363 817
363 919
364 512
364 617
364 734
364 853
364 960
365 386
365 392
365 433
365 450
365 582
365 777
365 960
365 964
365 973
366 441
366 449
366 476
366 481
366 769
366 865
367 496
367 581
367 656
367 666
367 756
367 869
367 990
368 388
368 617
368 618
368 649
368 708
368 762
368 775
369 455
369 615
369 755
369 790
369 844
369 995
370 623
370 738
370 767
370 792
370 808
370 860
370 871
370 918
370 955
371 418
371 437
371 511
371 775
371 961
372 456
372 549
372 628
372 667
372 749
372 900
373 428
373 452
373 503
373 683
373 932
374 380
374 384
374 460
374 632
374 690
374 823
374 916
375 492
375 752
375 891
376 381
376 625
376 789
376 839
377 454
377 575
377 634
377 646
377 977
378 415
379 536
380 483
380 517
380 520
380 589
380 764
380 805
380 960
381 419
381 549
381 743
381 752
381 792
381 811
381 966
382 466
382 532
382 576
382 592
382 870
383 411
383 416
383 622
383 894
383 908
384 537
384 756
384 835
384 849
384 868
384 881
384 888
384 937
384 939
384 979
385 518
385 675
385 703
385 706
385 905
386 450
386 631
386 661
386 671
386 675
386 723
386 825
386 897
387 527
387 843
387 870
387 893
388 783
388 882
388 921
389 595
389 873
389 944
389 964
390 415
390 434
390 714
390 796
391 505
391 660
391 807
391 986
392 642
392 673
392 888
393 412
393 443
393 476
393 724
393 786
393 837
394 447
394 720
394 754
395 485
395 533
395 665
395 681
395 833
396 451
396 485
396 670
396 919
396 945
397 563
397 583
397 685
397 919
397 944
398 569
398 679
398 698
398 746
398 905
398 911
398 934
399 453
399 950
399 952
399 970
400 411
400 412
400 639
400 652
400 711
400 768
400 778
401 594
401 770
402 567
402 637
402 656
402 713
402 737
402 741
402 744
402 916
402 930
402 949
402 981
402 993
403 545
403 630
403 808
404 407
404 421
404 629
404 776
404 809
404 892
404 937
405 638
405 833
406 581
406 740
406 768
406 771
407 416
407 730
407 994
408 571
408 651
408 793
409 507
409 677
409 789
409 950
409 964
410 720
410 774
411 471
411 622
411 705
411 722
411 889
411 965
411 984
412 454
412 595
412 823
412 902
412 905
413 645
413 762
413 790
413 956
414 633
414 650
414 739
414 963
415 560
415 587
415 929
416 643
416 698
416 966
417 894
417 949
418 524
418 861
418 933
420 463
420 484
420 490
420 884
421 424
421 500
421 522
421 696
421 743
421 751
421 819
421 821
421 942
422 689
422 695
422 785
423 455
423 788
423 845
424 520
424 713
425 443
425 868
426 514
426 616
426 632
426 653
426 678
427 536
427 645
427 727
427 859
427 867
427 964
427 991
428 613
428 880
428 927
429 454
429 556
429 704
429 831
429 943
430 643
430 863
430 920
431 687
431 766
431 883
431 991
432 511
432 547
432 554
432 650
432 763
432 944
432 996
433 929
434 438
434 534
434 661
434 801
434 899
434 985
435 632
435 782
435 858
435 864
436 474
436 484
436 947
436 954
436 960
437 661
437 972
437 998
438 459
438 710
438 887
438 940
439 478
439 542
439 665
439 913
439 978
440 791
440 942
441 488
441 624
441 642
441 767
441 796
441 840
441 844
441 913
442 637
442 639
442 723
442 957
443 725
443 818
443 920
443 957
444 453
444 572
444 964
445 638
445 811
445 907
446 864
446 925
447 488
447 767
447 768
447 817
447 842
448 779
448 983
449 479
449 674
449 826
449 862
450 455
450 493
450 508
450 597
451 452
451 490
451 640
451 655
451 741
451 783
451 913
452 643
453 469
453 472
453 481
453 768
453 997
454 495
454 509
454 676
454 702
454 729
454 735
454 821
454 836
454 932
454 961
454 996
455 530
455 635
455 655
455 747
456 595
456 674
456 753
456 778
456 783
457 507
457 753
457 799
457 959
457 978
458 497
458 519
458 600
458 682
458 705
458 752
458 799
458 973
459 482
459 484
459 501
459 539
459 671
459 825
460 832
460 982
461 525
461 582
461 592
461 929
461 950
461 972
462 474
463 508
463 726
463 753
463 789
464 514
464 748
464 901
465 475
465 577
465 659
465 749
465 832
465 842
465 844
465 918
465 926
466 622
466 837
467 529
467 590
467 909
468 635
468 727
468 767
468 815
468 931
469 520
469 522
469 617
469 992
470 535
470 669
470 676
470 949
470 967
471 541
471 614
471 709
471 842
471 958
471 972
472 843
472 981
473 669
473 758
473 766
473 768
473 800
473 884
473 990
474 514
474 977
475 500
475 520
475 540
475 552
475 939
475 964
476 529
476 633
476 707
477 863
478 521
478 525
478 567
478 615
478 748
479 581
479 773
480 839
481 668
481 675
481 679
482 548
482 607
482 636
482 727
483 556
483 855
484 765
484 893
484 925
484 953
484 956
485 624
485 663
485 889
486 614
487 589
487 624
487 702
488 764
488 820
488 937
488 985
488 994
489 506
489 595
489 986
489 988
490 521
490 531
490 605
491 500
491 593
491 601
491 606
491 616
491 717
491 722
491 787
491 862
491 878
491 927
492 646
492 843
492 937
492 956
493 515
493 562
493 629
494 566
494 571
494 740
494 839
494 880
494 942
495 523
495 545
495 553
495 676
495 785
495 930
496 507
496 534
496 613
496 699
497 632
497 847
497 863
498 880
498 906
499 702
499 990
500 505
500 527
500 613
500 637
501 530
501 717
501 919
502 627
502 711
502 778
502 932
504 970
505 518
505 519
505 660
505 821
506 529
506 737
506 751
506 990
507 520
508 630
508 788
508 792
509 779
509 934
509 961
509 981
510 612
510 744
511 762
511 780
511 790
511 793
512 792
512 833
512 876
513 660
513 815
514 517
514 627
514 638
514 687
514 930
515 724
515 855
515 960
516 560
516 585
516 628
516 827
516 881
517 740
517 860
517 921
518 630
518 688
518 728
518 760
518 850
518 883
519 678
519 710
519 961
520 773
520 799
520 984
521 629
521 689
521 917
522 528
522 636
522 788
522 861
522 911
523 690
523 727
523 862
523 921
523 935
523 985
524 597
524 683
524 727
525 740
526 570
526 845
527 721
527 823
527 914
527 946
528 567
528 616
529 973
530 587
530 657
530 700
530 855
530 869
530 920
530 974
531 715
531 756
531 852
532 728
532 868
532 940
533 674
533 718
533 811
533 845
535 614
535 659
535 734
535 808
536 628
536 827
536 927
537 600
537 733
537 798
537 827
537 855
537 878
538 676
538 682
538 714
538 764
538 770
538 951
539 607
539 842
539 937
540 576
540 725
540 868
541 595
541 744
541 784
542 977
543 548
543 858
543 933
544 794
544 907
545 613
545 824
545 839
545 899
545 908
546 690
546 745
546 878
546 941
546 974
547 891
547 994
548 628
548 657
548 698
548 871
548 894
548 899
548 902
548 988
549 767
550 803
550 805
550 940
550 992
551 705
551 857
551 910
552 768
552 941
553 752
553 884
553 914
553 988
554 647
554 781
554 869
555 714
555 850
555 979
556 600
556 928
557 808
558 731
559 649
559 719
559 735
559 842
559 930
560 561
560 777
561 606
561 883
562 592
562 620
562 623
562 788
563 641
563 970
564 587
564 690
565 619
565 697
566 888
566 995
567 635
567 862
567 963
568 638
568 882
568 980
569 590
569 615
569 717
570 601
570 665
570 830
570 997
571 815
571 918
572 723
572 744
572 781
572 795
572 855
572 938
573 760
573 847
574 809
574 811
574 841
574 876
575 710
575 802
575 879
575 950
576 629
576 845
577 632
577 641
577 653
577 727
578 595
578 622
579 744
579 792
579 797
579 974
580 740
580 853
580 946
581 627
581 803
582 796
583 720
583 741
583 771
583 802
584 914
584 991
585 672
585 814
585 921
585 987
586 647
586 661
586 853
586 907
586 912
586 980
587 792
587 988
587 998
588 722
588 957
588 992
589 779
589 846
589 932
589 936
590 635
590 655
590 688
590 713
590 779
591 878
591 882
591 939
592 717
593 737
593 812
593 898
594 630
594 748
594 843
594 993
595 706
595 791
595 815
595 848
596 620
596 727
596 801
596 941
596 982
597 612
597 613
597 893
598 756
598 977
599 711
599 960
600 627
600 662
600 722
600 908
601 604
601 716
601 769
602 628
602 708
602 824
602 918
602 922
602 970
602 974
603 947
603 968
603 996
604 759
605 661
605 735
605 935
605 994
606 705
606 759
607 612
607 658
607 702
607 780
608 754
608 883
608 909
609 717
611 629
611 774
611 906
612 634
612 680
612 966
612 974
613 710
613 831
613 886
613 912
613 978
614 659
614 927
614 974
614 976
615 629
615 642
615 705
615 765
615 773
615 940
616 658
616 711
617 711
617 734
617 775
617 789
617 822
617 901
617 962
619 811
619 812
619 874
620 797
621 819
621 840
621 858
621 862
621 966
622 709
622 778
623 737
623 882
625 684
625 908
626 642
626 747
626 855
627 651
627 666
627 747
627 798
627 826
628 777
628 873
628 896
628 939
629 631
629 683
629 762
629 938
630 670
630 716
630 834
631 674
631 834
632 794
632 931
632 952
632 963
633 653
634 649
634 900
634 927
634 973
635 642
635 966
635 987
636 699
636 925
636 935
637 926
637 955
638 815
639 724
639 733
639 781
639 868
639 890
639 895
640 648
640 730
640 840
641 645
643 859
643 902
645 833
645 841
645 851
645 967
646 778
646 918
647 662
647 923
648 658
648 683
648 873
648 932
649 686
649 714
649 717
649 880
649 931
650 741
650 772
650 911
651 737
651 756
651 809
651 856
651 857
652 692
652 756
652 804
653 725
653 791
653 851
654 740
654 906
654 932
654 939
655 714
655 770
655 827
656 669
656 749
656 842
656 943
657 667
657 801
658 745
658 868
659 740
659 803
659 877
660 685
660 811
660 903
660 966
662 822
662 927
663 799
664 730
665 801
666 688
666 773
666 822
666 884
667 780
667 815
667 821
667 875
667 956
668 780
668 782
668 833
668 926
669 814
669 938
670 800
670 811
670 814
670 853
671 836
672 856
673 717
673 779
674 879
674 929
674 950
675 682
675 955
676 681
676 980
677 786
678 801
678 826
679 773
680 797
680 901
681 693
681 735
681 783
681 895
682 697
682 788
682 789
682 926
682 953
683 858
684 734
684 739
684 942
685 792
685 960
686 747
686 754
686 901
686 977
687 843
687 954
688 924
688 989
690 716
690 778
690 783
691 961
691 982
692 699
692 739
694 721
694 751
694 764
694 773
695 853
695 859
695 927
696 711
696 761
696 812
696 840
696 843
697 716
697 806
697 825
698 743
698 777
698 989
699 844
701 748
701 836
701 901
702 968
703 769
703 823
703 854
703 881
703 928
704 719
704 884
704 919
704 922
705 922
706 725
706 878
707 750
707 756
708 741
708 832
708 877
708 958
709 751
710 749
710 846
710 943
711 738
711 937
711 964
712 758
712 936
713 885
714 794
714 864
714 877
714 986
715 735
716 831
716 976
717 726
717 794
718 792
718 912
719 937
720 859
720 897
720 951
721 897
722 814
722 836
722 878
723 940
724 984
725 735
725 785
725 800
725 836
725 847
725 923
726 739
726 940
727 772
727 847
727 911
727 934
729 917
730 767
730 989
731 918
731 920
732 853
732 857
732 946
733 782
733 965
734 856
734 950
734 952
735 817
735 872
735 912
735 944
735 963
736 873
736 927
737 791
737 972
738 781
738 917
739 753
739 793
740 742
741 747
741 921
742 848
742 969
742 975
743 799
744 753
744 956
746 778
746 792
746 947
747 835
748 801
748 829
748 832
750 758
750 927
750 962
751 795
751 839
751 890
752 858
753 785
753 978
755 903
755 928
756 843
756 955
757 950
758 773
758 898
760 862
760 924
761 974
761 984
763 805
763 963
763 984
764 858
764 970
764 995
765 774
765 914
767 805
768 798
768 945
769 990
769 995
770 986
772 883
772 971
773 855
774 917
774 970
775 900
775 976
776 945
776 969
777 921
778 986
779 932
781 809
781 979
782 832
782 843
783 893
783 933
784 855
785 873
785 963
787 799
787 943
788 988
789 792
789 912
790 860
790 875
791 935
793 971
794 891
794 984
795 799
795 862
795 977
796 886
797 920
799 958
800 925
801 896
801 944
801 996
802 893
804 850
804 878
804 899
805 808
806 813
806 865
806 922
807 819
807 990
807 995
808 976
809 896
809 946
811 846
811 983
812 834
812 913
812 943
812 963
813 946
813 976
814 838
814 850
815 987
816 820
817 853
818 855
819 936
820 897
820 898
820 915
821 975
822 838
824 833
824 947
825 890
825 937
828 956
830 914
831 886
831 900
831 911
831 980
833 864
833 880
833 983
834 942
835 924
836 997
838 853
838 897
838 936
838 940
839 885
839 982
839 996
841 923
842 850
842 955
843 861
843 952
844 911
845 859
845 883
846 886
847 863
848 909
850 964
854 987
857 867
859 890
861 945
862 963
864 869
864 893
865 958
866 949
866 956
866 966
868 954
868 979
869 992
871 912
872 930
874 887
874 927
875 879
875 938
875 997
878 891
879 951
879 998
880 979
885 907
885 949
887 951
889 929
890 980
891 999
893 894
896 944
896 976
899 936
901 944
903 972
904 949
907 930
908 925
908 954
909 946
909 960
910 943
911 930
911 935
912 981
913 995
914 954
914 997
917 968
917 987
920 937
920 977
922 946
923 987
925 951
925 961
926 955
926 976
927 938
931 934
931 976
933 955
934 990
938 997
942 966
944 958
947 986
948 971
953 976
953 977
953 986
960 964
960 984
967 974
968 969
969 999
970 994
974 999
979 984
990 996
