0
1000
3718
0
1
0
0 161
0 590
0 636
0 799
1 42
1 173
1 320
1 591
1 716
1 837
1 954
1 985
2 83
2 219
2 392
2 448
2 641
2 665
2 683
2 903
3 142
3 238
3 346
3 492
3 563
3 656
3 667
3 840
3 871
3 910
3 973
3 988
4 155
4 319
4 472
4 595
4 639
4 669
4 736
4 763
4 801
4 811
4 946
4 989
5 48
5 279
5 370
5 444
5 517
5 805
5 825
5 908
5 910
5 919
5 967
6 15
6 109
6 130
6 269
6 597
6 618
6 730
6 958
6 961
7 111
7 137
7 173
7 683
7 687
7 724
7 749
7 867
7 956
8 16
8 327
8 629
8 849
8 901
9 136
9 345
9 671
9 871
9 893
10 337
10 674
10 776
10 818
11 286
11 291
11 386
11 407
11 500
11 534
11 687
11 888
11 970
12 83
12 203
12 241
12 379
12 754
12 834
12 913
13 97
13 253
13 379
13 405
13 505
13 703
13 812
14 28
14 57
14 258
14 384
14 580
14 753
14 801
14 921
15 205
15 498
15 515
15 707
15 996
16 33
16 82
16 272
16 387
16 503
16 566
16 612
16 621
16 654
16 808
16 834
16 995
17 113
17 131
17 311
17 474
17 522
17 579
17 645
17 684
17 794
17 855
17 944
18 250
18 295
18 365
18 456
18 558
18 562
18 888
18 916
18 919
19 153
19 377
19 426
19 651
19 673
19 756
19 796
19 827
20 65
20 534
20 856
20 862
20 898
21 35
21 103
21 106
21 179
21 333
21 335
21 402
21 564
21 718
21 832
22 68
22 103
22 424
22 503
22 694
23 32
23 60
23 63
23 236
23 285
23 459
23 476
23 554
23 800
23 941
24 91
24 272
24 335
24 383
24 652
24 660
25 220
25 271
25 370
25 379
25 421
25 482
25 754
25 950
26 151
26 254
26 321
26 564
26 628
26 774
26 881
27 287
27 600
27 757
27 829
27 867
28 41
28 111
28 222
28 409
28 444
28 499
28 751
29 43
29 57
29 261
29 346
29 369
29 659
29 882
29 894
29 963
30 51
30 108
30 138
30 310
30 318
30 386
30 503
30 562
30 831
30 879
30 923
31 67
31 128
31 206
31 278
31 372
31 377
31 523
31 709
31 788
32 98
32 342
32 667
32 719
32 981
32 997
33 88
33 203
33 350
33 372
33 384
33 395
33 551
33 659
33 796
34 309
34 565
34 787
34 919
34 962
35 206
35 301
35 343
35 364
35 365
35 426
35 443
35 512
35 660
35 716
35 822
36 131
36 164
36 320
36 421
36 602
36 809
37 113
37 255
37 293
37 331
37 478
37 535
37 629
37 634
37 671
37 784
37 829
37 945
38 416
38 719
39 85
39 225
39 257
39 270
39 346
39 370
39 437
39 788
40 237
40 276
40 603
40 620
40 649
40 838
40 867
40 934
41 182
41 305
41 384
41 583
41 732
41 969
42 59
42 481
42 483
42 511
42 565
42 676
42 727
42 779
42 814
42 951
43 309
43 595
43 944
43 966
44 160
44 211
44 683
44 873
44 887
44 969
44 998
45 56
45 217
45 408
45 464
45 544
45 747
45 771
46 957
47 119
47 217
47 284
47 295
47 384
47 523
47 725
47 869
48 133
48 997
49 162
49 260
49 289
49 531
49 579
49 585
49 879
49 979
50 119
50 470
50 567
50 646
50 665
50 681
50 910
50 980
51 120
51 193
51 400
51 428
51 436
51 575
51 875
51 930
51 985
52 299
52 538
52 571
52 578
52 826
52 917
53 80
53 94
53 187
53 666
53 821
53 854
54 70
54 781
55 153
55 457
55 676
55 752
55 889
56 176
56 626
56 637
56 646
56 721
56 769
56 820
56 868
57 562
58 183
58 221
58 317
58 566
58 698
58 708
58 816
59 327
59 375
59 406
59 444
59 445
59 582
59 588
59 755
60 126
60 158
60 453
60 713
60 872
60 906
60 948
61 179
61 279
61 421
61 490
61 559
61 915
61 951
61 974
62 109
62 283
62 504
62 521
62 581
62 766
62 937
63 273
63 486
63 616
64 112
64 225
64 285
64 410
65 133
65 279
65 518
65 597
65 611
65 625
65 758
65 817
65 902
66 187
66 275
66 932
67 188
67 774
67 885
67 954
68 788
68 879
69 319
69 337
69 630
69 746
69 880
70 74
70 120
70 224
70 314
70 388
70 414
70 427
70 461
70 485
70 540
70 698
70 756
70 967
71 335
71 450
71 572
71 980
72 167
72 169
72 225
72 483
72 808
72 809
72 842
72 933
73 349
73 510
73 648
73 685
73 819
74 226
74 326
74 547
74 704
75 206
75 237
75 303
75 304
75 309
75 422
75 464
75 544
75 829
76 288
76 348
76 490
76 495
76 555
76 835
76 944
77 112
77 174
77 205
77 363
77 594
77 599
77 776
77 866
77 969
78 90
78 254
78 335
78 436
78 794
78 914
79 322
79 507
79 589
79 801
80 199
80 307
80 371
80 413
80 678
80 861
80 937
81 246
81 308
81 447
81 552
81 653
81 993
82 703
82 731
82 734
82 753
82 801
83 339
83 423
83 469
83 595
83 743
83 885
84 155
84 223
84 441
84 578
84 703
85 158
85 409
85 524
85 630
85 647
85 729
85 904
86 180
86 669
86 969
87 360
87 372
87 411
87 587
87 667
87 768
87 849
87 886
87 933
87 997
87 998
88 128
88 199
88 353
88 444
88 496
88 749
88 772
88 777
88 780
88 946
89 390
89 525
89 526
89 660
89 687
89 893
90 113
90 242
90 262
90 291
90 329
90 484
90 589
90 608
90 673
90 794
90 866
90 917
90 936
90 954
91 266
91 328
91 363
91 571
91 591
91 843
91 857
91 956
91 990
92 153
92 196
92 373
92 540
92 639
93 228
93 292
93 296
93 477
93 553
93 623
93 683
93 700
93 853
94 163
94 387
94 407
94 589
94 718
94 742
94 763
94 799
94 846
95 963
96 311
96 377
96 565
96 567
96 906
97 181
97 357
97 617
97 805
97 865
98 108
98 128
98 229
98 351
98 404
98 560
98 659
98 761
99 208
99 328
99 391
99 444
99 565
99 706
99 873
100 379
100 499
100 590
100 746
100 985
101 238
101 270
101 395
101 488
101 539
101 748
101 860
101 942
102 228
102 477
102 648
102 779
103 129
103 242
103 417
103 580
103 968
103 994
104 288
104 476
104 536
104 583
104 599
104 804
104 884
105 191
105 362
105 386
105 448
105 504
105 605
105 747
106 216
106 307
106 345
106 509
106 540
106 647
106 665
106 862
106 934
107 149
107 225
107 260
107 330
108 253
108 544
108 902
109 114
109 142
109 180
109 217
109 604
110 127
110 173
110 268
110 363
110 460
110 532
110 721
110 852
110 880
110 917
111 117
111 427
111 623
112 264
112 309
112 439
112 725
112 765
112 869
112 991
113 567
113 586
113 759
113 813
113 937
113 971
114 184
114 216
114 269
114 343
114 426
114 599
114 600
114 732
114 898
115 198
115 209
115 381
115 550
115 701
115 789
116 281
116 307
116 371
116 454
116 548
116 687
116 997
117 202
117 320
117 496
117 735
117 803
118 196
118 287
118 374
118 386
118 473
118 897
119 425
119 577
119 653
119 716
119 717
120 162
120 419
120 533
120 740
121 315
121 400
121 487
121 561
121 923
121 939
122 171
122 411
122 414
122 558
122 635
122 877
122 912
122 968
123 209
123 268
123 355
123 357
123 424
123 477
123 793
123 860
124 328
124 702
124 839
124 864
124 871
125 394
125 545
125 989
126 530
126 630
126 649
126 650
126 681
126 724
126 984
127 317
127 493
127 610
127 695
127 889
128 185
128 285
128 757
128 964
128 993
129 236
129 275
129 301
129 600
129 704
129 868
129 891
129 919
129 983
130 410
130 836
131 153
131 280
131 398
131 418
131 425
131 456
131 658
131 870
132 435
132 528
132 538
132 599
132 628
132 711
132 801
132 809
132 822
132 864
133 492
134 186
134 278
134 533
134 561
134 564
134 738
134 775
134 829
135 140
135 170
135 273
135 333
135 494
135 549
135 753
135 802
135 842
135 879
135 997
136 765
136 783
136 918
137 198
137 312
137 343
137 664
137 838
137 984
138 200
138 667
138 694
138 763
139 468
139 663
139 672
139 678
139 853
140 195
140 227
140 532
140 765
140 852
140 939
141 252
141 341
141 351
141 563
141 605
141 883
142 534
142 580
142 672
142 860
142 904
142 979
143 313
143 523
143 716
143 814
143 943
143 979
144 399
144 666
144 907
145 205
145 339
145 348
145 402
145 410
145 642
145 872
145 884
145 924
146 218
146 633
146 669
146 683
146 737
147 283
147 384
147 589
147 817
147 968
148 293
148 346
148 488
148 521
148 654
148 678
148 757
148 761
148 774
148 789
148 811
148 886
148 918
149 344
149 500
149 533
149 628
149 817
149 850
149 907
150 442
150 502
150 547
150 580
150 708
150 837
151 323
151 380
151 527
151 803
151 939
152 496
152 723
153 560
153 567
153 642
153 888
154 241
154 306
154 372
154 730
154 992
155 166
155 225
155 392
155 442
155 493
155 610
155 657
155 682
155 767
155 924
156 322
156 356
156 451
157 320
157 330
157 821
157 919
157 969
158 255
158 264
158 834
158 835
158 851
159 239
159 255
159 303
159 340
159 505
159 560
159 602
159 672
159 704
160 347
160 365
160 372
160 380
160 383
160 487
160 522
161 209
161 244
161 264
161 403
161 664
161 997
162 394
162 615
162 616
162 631
162 683
162 787
162 800
162 860
162 861
163 448
163 494
163 549
163 617
163 790
163 806
163 838
163 926
164 174
164 256
164 832
165 301
165 422
165 560
166 271
166 354
166 401
166 444
166 494
166 517
166 579
166 619
166 740
166 983
167 540
167 793
167 823
167 846
167 874
167 910
168 311
168 321
168 386
168 495
168 550
168 552
168 615
168 821
168 937
169 209
169 830
169 947
170 697
171 183
171 200
171 396
171 754
171 949
171 962
172 258
172 262
172 279
172 333
172 580
172 729
172 766
172 966
173 206
173 254
173 375
173 442
173 934
174 393
174 560
174 855
175 352
175 364
175 414
175 727
175 822
175 862
175 917
176 399
176 518
176 626
177 214
177 241
177 311
177 312
177 376
177 396
177 578
177 753
177 877
177 977
177 986
178 229
178 246
178 451
178 579
178 806
178 842
178 868
178 979
179 430
179 753
179 796
179 803
180 191
180 201
180 322
180 778
180 790
180 836
181 250
181 639
181 723
181 816
181 844
182 421
182 529
182 619
182 622
182 744
182 845
183 200
183 202
183 318
183 542
183 627
183 820
183 867
184 234
184 324
184 592
184 601
184 671
184 782
184 822
184 881
184 926
185 232
185 258
185 260
185 263
185 366
185 466
185 479
185 553
185 559
185 981
186 224
186 241
186 333
186 354
186 393
186 509
186 567
186 590
186 595
186 598
186 695
187 219
187 241
187 511
187 572
187 958
188 226
188 339
188 401
188 786
188 790
188 796
188 810
189 254
189 305
189 599
189 638
189 720
189 749
189 830
189 941
189 967
190 214
190 476
190 824
190 851
191 245
191 502
191 531
191 620
191 930
191 975
192 451
192 496
192 708
192 726
192 747
192 757
192 819
192 883
192 939
193 212
193 234
193 253
193 347
193 529
193 532
193 627
193 745
193 887
193 974
194 311
194 352
194 505
194 654
194 760
194 875
195 529
195 988
195 990
196 293
196 358
196 404
196 407
196 582
196 851
196 940
197 248
197 265
197 402
197 413
197 609
197 656
197 684
197 802
197 905
197 991
198 343
198 366
198 434
198 624
198 677
198 864
198 902
198 964
199 218
199 355
199 469
199 789
199 847
199 880
199 942
200 202
200 206
200 246
200 595
200 598
200 607
200 635
200 638
200 960
201 279
201 328
201 334
201 442
201 594
201 686
201 869
201 870
201 954
201 982
202 864
202 901
203 626
203 663
203 665
203 843
203 955
204 636
204 946
205 759
205 866
205 878
206 220
206 299
206 306
206 403
206 498
206 834
206 910
206 940
207 398
207 401
207 566
207 591
207 640
207 739
207 812
207 880
208 477
208 578
208 843
208 850
208 973
209 375
209 407
209 507
209 648
210 573
210 746
210 779
210 883
210 908
210 918
211 306
211 338
211 349
212 324
212 372
212 590
212 944
213 244
213 268
213 521
213 766
214 309
214 496
214 502
214 559
214 655
214 665
214 982
215 251
215 392
215 421
215 461
215 553
215 742
216 261
216 292
216 623
216 831
216 882
217 688
217 846
217 892
218 466
218 607
218 721
218 820
218 904
219 322
219 374
219 707
219 821
219 863
220 272
220 407
220 613
220 688
220 921
221 397
221 513
221 645
221 663
221 727
221 970
222 350
222 628
222 725
223 347
223 375
223 378
223 424
223 436
223 482
223 535
223 670
223 885
223 908
224 369
224 607
224 733
224 757
224 822
224 915
225 274
225 283
225 288
225 321
225 367
225 583
225 668
225 827
226 371
226 604
226 655
226 690
227 431
227 787
227 817
227 824
227 923
227 937
228 272
228 538
228 795
228 982
229 465
229 522
229 611
229 788
229 920
229 963
230 481
230 662
231 426
231 671
232 246
232 514
232 602
232 658
232 772
232 801
232 836
232 889
233 527
233 548
233 682
233 929
233 940
234 249
234 639
234 708
234 741
234 860
235 306
235 355
235 549
236 283
236 320
236 396
236 707
236 868
236 937
237 244
237 302
237 443
237 737
238 487
238 688
238 827
239 301
239 590
239 731
239 745
239 995
240 310
240 639
240 657
240 803
240 857
240 951
241 252
241 555
241 583
241 586
241 812
241 914
242 330
242 475
242 676
242 699
242 804
243 340
243 799
243 908
243 948
244 322
244 435
244 558
244 631
244 936
245 355
245 491
245 695
245 731
245 978
246 451
246 483
246 574
246 697
246 852
246 873
247 350
247 508
247 660
248 331
248 436
248 465
248 566
248 686
248 724
248 853
249 626
249 867
250 284
250 320
250 334
250 538
250 593
250 669
250 689
250 704
250 921
250 981
251 403
251 482
251 681
251 863
251 865
252 344
252 458
252 479
252 622
252 798
253 287
253 436
253 474
253 516
253 588
254 614
254 622
254 671
254 753
254 858
254 969
255 266
255 714
255 796
255 866
255 885
256 436
256 790
256 892
256 941
256 943
256 960
257 721
257 942
257 968
258 331
258 363
258 549
258 606
258 689
258 717
258 811
259 312
259 364
259 400
259 465
259 494
259 707
259 943
260 273
260 446
260 621
260 716
260 744
260 747
260 796
260 943
260 998
261 270
261 461
261 536
261 628
261 660
261 672
261 725
261 878
261 887
262 431
262 485
262 489
262 511
262 663
262 671
262 716
262 750
262 817
263 290
263 463
263 774
264 432
264 594
264 700
264 738
264 778
264 831
264 848
264 892
265 332
265 489
265 630
265 850
265 966
266 697
266 971
267 462
267 485
267 571
267 621
268 498
268 590
268 886
268 982
269 588
269 753
269 890
270 294
270 405
270 411
270 545
270 549
271 520
271 564
271 746
271 751
272 356
272 409
272 744
273 284
273 371
273 388
273 514
273 589
273 704
274 553
274 557
274 578
274 724
274 801
274 830
274 839
274 862
274 889
274 896
275 461
275 497
275 502
275 529
275 583
275 623
275 656
275 793
275 861
275 911
275 920
275 964
276 348
276 466
276 479
276 682
276 925
277 333
277 591
277 729
277 811
278 345
278 637
278 656
278 871
278 940
278 986
279 315
279 348
279 495
279 855
280 439
280 450
280 505
280 586
280 932
281 408
281 438
281 623
281 730
281 795
281 863
281 911
282 348
282 566
282 608
282 660
282 713
282 725
282 952
283 295
283 495
283 557
283 646
283 738
283 824
283 996
284 358
284 366
284 381
284 479
284 481
284 591
284 631
284 816
285 385
285 473
285 657
286 394
286 560
286 761
286 810
286 875
286 987
287 502
287 516
287 682
287 701
287 837
288 296
288 553
288 671
288 756
288 808
288 859
288 898
288 927
289 512
289 601
289 747
289 839
289 853
289 985
290 361
290 806
290 824
290 929
291 391
291 395
291 669
291 741
291 806
291 870
292 377
292 514
292 530
292 570
292 685
292 692
292 834
293 415
293 570
293 591
294 431
294 457
294 698
294 760
294 866
294 992
295 376
295 466
295 761
295 818
296 828
297 363
297 521
297 537
297 626
297 671
297 815
297 826
297 895
297 944
297 955
298 320
298 360
298 368
298 706
298 965
299 545
299 604
299 704
299 765
299 871
299 899
300 315
300 351
300 364
300 483
300 693
301 454
301 537
301 819
302 422
302 440
302 517
302 588
302 635
302 652
302 873
302 938
303 400
303 472
303 538
303 742
303 913
303 930
304 395
304 788
304 824
305 403
305 435
305 622
305 652
305 739
306 344
306 453
306 567
306 584
306 591
306 719
306 721
306 807
307 557
307 588
307 915
307 917
308 760
308 972
309 411
309 582
309 605
309 824
309 862
309 975
310 422
310 461
310 570
310 669
310 726
311 568
311 701
311 749
311 798
311 880
311 913
312 500
312 815
312 840
312 985
313 315
313 423
313 527
313 744
314 555
314 788
314 817
314 928
315 336
315 485
315 553
315 578
315 949
316 512
316 659
316 729
316 730
317 404
317 413
317 496
317 573
317 579
317 988
318 561
318 660
318 720
318 734
318 907
319 602
319 677
319 793
319 838
319 956
320 380
320 506
320 592
320 838
320 922
321 333
321 493
321 612
321 642
321 860
321 898
322 415
322 434
322 458
322 465
322 629
322 633
322 696
323 365
323 424
323 569
323 766
323 925
324 331
324 359
324 454
324 522
324 558
324 684
324 706
324 713
324 829
325 327
325 345
325 557
325 842
325 883
326 431
326 448
326 642
326 773
326 993
327 355
327 375
327 747
328 475
328 563
328 604
328 630
328 643
328 913
328 973
329 373
329 768
330 423
330 617
330 730
330 743
331 478
331 606
331 708
331 755
331 843
332 469
332 701
332 861
333 360
333 363
333 499
333 555
333 972
333 992
334 658
334 763
334 774
334 778
334 928
335 373
335 382
335 572
335 674
335 706
335 755
335 790
335 891
335 979
335 981
335 983
335 986
335 988
336 641
336 911
336 958
337 447
337 715
337 748
337 876
337 925
337 929
338 359
338 450
338 469
338 710
339 454
339 493
339 521
339 624
339 662
339 931
340 427
340 531
340 925
340 997
341 345
341 354
341 494
341 608
341 719
341 855
342 386
342 569
342 625
342 785
342 898
343 445
343 997
344 422
344 645
344 690
344 710
344 744
344 758
344 900
344 967
345 381
346 359
346 402
346 510
346 742
346 961
347 636
347 784
347 932
348 587
348 672
348 768
348 860
349 531
349 618
349 624
349 742
349 808
349 916
349 969
350 633
350 823
350 851
350 897
351 425
351 483
351 524
351 549
351 672
351 914
352 360
352 363
352 595
352 764
352 864
352 947
353 753
353 869
353 963
354 367
354 556
354 620
354 729
354 842
355 363
355 377
355 788
355 874
356 412
356 532
357 450
357 553
357 557
357 567
357 587
357 632
357 673
357 757
358 568
358 822
358 858
358 923
359 777
359 786
360 405
360 570
360 619
360 765
360 783
360 805
361 706
361 822
362 604
362 638
362 787
362 802
362 839
362 887
362 907
362 944
362 984
363 388
363 531
363 712
363 876
363 994
364 869
365 421
365 661
365 670
365 704
366 560
366 630
366 646
366 832
366 851
367 452
367 693
367 755
367 803
367 819
368 518
368 569
368 704
368 848
368 908
368 944
369 602
369 608
369 673
369 963
370 372
370 422
370 450
370 536
370 634
370 704
370 895
370 954
371 546
371 711
371 789
371 816
371 833
371 863
371 933
371 978
372 445
372 483
372 618
372 656
372 789
372 928
372 960
373 433
373 773
373 904
374 472
374 589
374 920
374 962
375 470
375 483
375 535
375 539
375 618
375 627
375 643
375 940
376 713
376 996
377 411
377 426
377 581
377 673
377 890
378 824
378 867
378 983
380 669
381 519
381 527
381 651
381 655
382 475
382 489
382 742
382 934
383 730
383 756
383 873
383 919
384 489
384 540
384 639
384 719
384 755
384 809
384 842
384 859
384 947
384 974
385 409
385 415
385 479
385 753
385 915
386 419
386 530
386 758
386 763
386 895
386 963
387 389
387 505
387 534
387 543
387 750
388 736
388 815
388 831
388 947
389 434
389 648
389 775
389 789
389 848
389 894
390 459
390 514
390 730
390 995
391 508
391 591
391 766
391 787
392 480
392 481
392 581
392 796
392 858
392 893
393 734
393 913
393 970
393 992
394 480
394 634
394 761
394 778
394 980
395 686
395 718
395 764
395 790
395 856
395 907
395 989
396 538
396 697
396 842
396 913
396 918
396 973
396 978
397 494
397 670
397 761
397 769
397 865
397 963
397 975
398 434
398 562
398 655
398 873
398 996
399 443
399 515
399 606
399 662
399 691
399 692
399 903
400 611
400 767
401 434
401 574
401 784
401 969
402 752
402 790
403 426
403 575
403 593
403 721
403 895
403 918
404 550
404 575
404 907
405 439
405 551
405 821
405 835
405 920
405 980
406 729
406 889
406 894
406 964
407 628
407 699
407 817
407 922
408 513
408 721
408 758
408 843
409 411
409 620
409 742
409 883
410 578
410 600
410 616
410 645
410 681
410 784
410 894
410 966
411 477
411 580
411 790
411 798
411 916
411 960
412 425
412 586
412 684
412 813
412 823
413 455
413 494
413 529
413 603
413 628
413 715
414 913
414 924
414 935
415 597
415 730
415 733
415 787
415 812
415 826
415 875
415 957
416 767
416 774
417 557
417 667
417 737
418 428
418 637
418 826
419 465
419 524
419 720
420 563
420 572
420 591
420 638
420 909
420 935
421 722
421 787
422 596
422 632
422 700
422 836
423 551
423 618
423 852
424 708
424 718
424 819
424 868
425 444
425 568
425 718
425 745
426 609
426 854
426 988
427 643
428 440
428 673
428 688
428 858
428 877
428 944
429 487
429 513
429 563
429 668
429 678
429 698
429 981
430 616
430 836
431 514
431 924
432 715
432 861
432 956
433 697
433 864
433 883
433 914
433 991
434 435
434 516
434 588
434 737
434 820
434 900
434 966
435 502
435 864
436 589
436 688
436 907
436 989
437 778
437 950
438 614
438 674
438 900
439 508
439 611
439 688
439 789
440 458
440 896
440 914
441 443
441 551
441 622
441 674
441 716
441 735
441 881
441 935
442 507
442 564
442 774
442 967
443 533
443 652
443 801
443 929
444 743
444 813
444 821
444 832
444 879
444 948
445 551
445 608
445 703
445 969
445 991
446 490
446 530
446 605
446 695
446 741
446 908
446 934
446 955
447 565
447 792
448 610
448 692
448 694
448 704
449 571
449 589
449 603
449 604
449 737
449 747
449 770
449 896
449 922
450 537
450 605
450 608
450 714
450 721
450 784
450 921
450 924
450 968
451 609
451 618
451 671
451 815
451 947
451 986
452 497
452 504
452 603
452 867
452 984
453 471
453 700
453 717
453 745
453 748
453 939
453 981
454 800
454 949
455 923
456 510
456 517
456 559
456 720
456 784
457 551
457 603
457 767
458 569
458 789
458 874
458 943
458 986
459 551
459 648
459 910
459 922
460 504
460 513
460 780
460 868
460 961
462 576
462 707
462 865
462 867
462 956
463 564
465 847
465 934
466 514
466 827
467 735
467 834
467 903
467 948
467 956
468 564
468 627
468 630
468 682
468 827
468 910
468 988
469 762
469 897
469 983
469 994
471 579
471 720
471 774
471 776
471 862
471 875
471 976
473 694
473 763
473 787
473 834
473 977
473 984
474 642
474 728
474 882
474 886
474 928
475 534
475 796
475 814
475 928
475 932
475 982
476 533
476 545
476 684
476 964
477 526
477 758
477 825
477 873
477 926
477 930
478 528
478 612
478 655
478 924
478 956
479 495
479 581
479 871
480 590
480 592
480 607
480 908
481 538
481 751
481 964
481 969
482 704
482 952
483 687
483 745
484 929
485 531
485 598
485 625
485 660
485 665
485 734
486 670
486 843
486 982
487 690
487 982
488 628
488 693
488 790
488 814
488 932
488 997
489 561
489 699
489 858
489 909
490 561
490 604
490 692
490 903
491 587
491 633
491 795
491 814
491 898
492 645
492 656
492 708
492 855
492 972
493 760
493 865
493 888
493 954
493 980
494 595
494 778
494 805
494 888
495 571
495 750
495 988
496 582
496 625
496 851
496 893
496 950
496 965
496 971
497 504
497 544
497 904
498 579
498 702
498 779
498 854
498 921
499 700
499 826
500 813
500 958
501 544
501 661
502 507
502 512
502 625
502 659
502 847
502 948
503 539
503 614
503 638
503 734
503 790
503 846
503 899
503 908
503 981
504 538
504 688
504 712
504 837
504 890
504 910
504 982
506 745
507 702
508 737
508 910
508 929
508 970
509 554
509 641
509 778
509 789
509 969
510 722
511 692
511 699
512 626
512 641
512 701
512 708
512 992
513 585
513 687
513 873
513 898
513 974
514 611
514 863
514 932
514 962
515 697
516 801
517 914
518 648
519 734
519 939
520 549
520 589
520 605
520 647
520 768
520 855
521 755
521 891
521 897
521 944
522 582
522 588
522 703
523 833
523 925
524 542
524 625
524 651
524 870
524 996
525 745
525 812
526 646
526 805
526 967
527 716
527 947
527 992
529 592
529 681
529 755
529 939
529 976
530 616
530 735
530 881
531 743
531 934
532 598
532 627
532 660
532 745
532 943
532 957
533 564
533 625
533 641
533 774
533 787
533 867
533 897
533 923
534 665
534 829
534 831
534 903
534 920
535 599
535 780
535 858
535 941
536 559
536 623
536 626
536 765
536 826
536 890
536 929
536 933
536 970
537 903
538 644
538 665
538 697
538 781
538 813
538 822
538 827
538 839
538 840
538 953
539 734
539 774
539 785
540 583
540 902
541 640
541 834
541 856
542 765
542 822
542 998
543 566
543 622
543 661
543 676
543 812
543 881
544 700
544 720
544 748
544 767
545 762
545 780
545 971
546 626
546 676
547 781
548 618
548 774
548 938
549 638
549 687
549 904
550 704
550 957
550 978
551 747
551 949
552 555
552 772
552 823
552 870
553 618
553 661
553 782
553 852
553 863
553 978
554 618
554 635
554 761
554 765
554 844
555 577
555 596
555 828
555 943
556 580
556 714
556 821
556 873
556 977
557 580
557 673
557 710
557 867
558 663
558 688
558 802
558 902
558 978
558 983
559 673
559 762
559 794
559 968
559 992
560 893
561 587
561 712
561 779
561 800
562 698
562 743
562 777
562 922
562 946
563 787
563 983
564 689
564 989
564 990
565 724
565 750
565 752
565 755
565 981
566 623
566 870
566 876
566 922
567 672
567 735
567 754
567 926
568 697
568 723
568 853
568 882
568 912
569 800
569 836
570 593
570 848
571 743
571 806
572 658
572 866
573 737
573 792
573 800
573 812
573 836
573 861
573 954
573 986
575 586
575 695
575 768
575 814
575 855
575 865
575 988
576 595
576 708
576 818
576 874
577 636
577 897
577 944
578 724
578 890
579 584
579 683
579 702
579 838
579 869
580 693
580 726
580 727
581 726
581 920
582 968
583 756
583 831
583 863
583 867
583 979
583 999
584 732
585 726
586 799
586 896
588 682
588 938
589 612
589 627
590 648
590 711
590 719
590 759
590 764
590 865
590 996
591 626
591 718
591 899
591 925
591 926
591 973
592 610
592 929
592 980
593 734
593 778
593 845
594 760
594 895
595 707
595 806
595 823
595 975
597 609
597 665
597 718
597 863
598 701
598 854
599 606
599 714
599 732
599 741
599 767
599 773
600 642
600 714
600 720
600 914
600 969
601 652
601 854
602 842
602 847
602 887
602 935
603 688
603 750
603 873
603 945
603 989
604 620
604 667
605 644
606 631
606 829
607 752
608 725
608 850
608 898
608 939
608 947
609 632
609 691
610 857
610 923
611 620
611 959
612 892
612 898
612 961
612 988
613 621
613 655
613 783
613 812
613 858
613 950
614 630
615 789
615 852
616 761
616 786
617 672
617 741
617 752
618 674
618 737
618 835
618 933
618 991
619 631
619 746
619 921
620 784
620 963
621 622
621 865
622 773
622 791
622 823
622 827
622 988
623 876
624 738
624 786
624 920
625 999
627 647
627 672
628 721
628 735
628 941
629 687
629 739
630 806
630 822
630 886
630 892
631 742
631 895
632 661
632 813
633 751
633 808
633 910
633 984
633 994
634 854
635 649
635 657
635 785
635 969
636 725
636 873
636 939
637 785
638 699
639 668
639 813
639 910
640 844
640 924
640 964
641 642
641 654
641 802
642 647
642 685
642 774
642 852
642 935
643 657
643 822
643 945
644 824
646 824
646 862
648 667
648 718
648 871
648 893
649 887
649 907
649 945
649 970
650 801
650 867
650 971
651 883
651 910
652 736
653 857
653 876
653 905
655 726
655 746
655 993
656 744
656 819
656 882
657 716
657 842
658 762
658 908
658 990
659 662
659 790
659 825
659 981
660 700
661 687
661 739
661 748
661 809
661 823
661 831
661 878
663 949
663 979
664 990
665 769
665 908
666 680
666 883
667 687
668 691
668 713
668 742
668 824
668 883
668 972
669 873
669 929
669 976
671 720
671 924
672 789
672 831
673 693
673 896
673 958
673 978
674 708
675 831
675 944
676 846
676 908
677 683
677 759
677 912
678 699
678 727
678 808
678 849
678 896
679 771
679 979
680 712
680 837
680 849
680 901
681 752
681 921
681 983
682 732
682 792
682 863
683 734
683 872
683 975
684 782
684 890
685 697
686 693
686 778
686 786
686 835
686 873
687 991
688 729
688 740
689 986
690 715
690 921
690 950
690 965
692 768
692 963
693 761
693 789
693 854
694 957
696 781
696 806
696 881
697 797
697 848
698 795
700 887
700 921
700 980
700 984
701 773
701 932
702 811
702 925
702 963
703 707
703 867
703 878
704 734
705 715
705 726
706 743
706 744
707 827
707 865
707 933
707 999
708 725
708 935
708 944
709 789
710 929
711 884
711 895
711 913
711 983
712 718
712 767
712 779
712 982
714 723
715 741
715 827
715 927
715 994
716 743
716 793
716 900
716 967
717 731
717 877
717 909
717 954
717 982
717 985
718 850
719 775
719 910
720 811
721 774
721 785
721 816
722 876
722 996
723 868
724 779
724 957
724 983
725 754
725 842
725 982
726 888
726 889
726 974
726 976
726 992
727 793
727 862
729 834
729 836
729 912
729 930
729 995
733 799
733 961
733 976
734 966
735 845
735 846
735 916
735 971
737 825
737 867
738 745
738 935
740 881
740 939
741 786
741 853
742 895
742 919
742 973
743 808
743 885
743 913
743 916
745 778
745 993
746 823
746 847
746 903
746 951
747 862
747 936
748 968
750 910
751 948
752 984
753 898
753 940
754 999
755 768
755 832
755 880
755 885
755 917
756 882
756 920
756 996
757 890
757 946
758 864
759 805
759 835
761 985
762 772
762 918
763 924
763 949
766 777
766 837
766 975
767 816
767 962
768 799
768 874
771 782
773 970
774 848
774 865
774 900
775 792
776 819
776 934
777 804
778 799
778 875
778 944
779 932
779 946
779 992
782 789
783 811
783 950
785 995
786 846
786 975
787 924
788 903
789 937
790 828
790 837
791 974
792 853
792 870
792 961
792 994
793 974
794 813
796 847
797 858
798 893
798 971
798 981
801 872
801 981
802 846
802 851
802 912
802 951
803 819
803 863
803 993
807 840
808 839
809 860
809 997
810 851
810 894
811 886
811 947
812 844
813 911
813 923
814 922
815 817
815 975
816 821
817 833
817 988
818 892
818 919
820 822
820 839
820 849
820 882
820 929
821 908
821 928
822 900
824 846
824 925
824 949
824 994
826 859
826 893
827 992
828 906
828 959
829 880
829 885
829 915
830 833
830 891
831 998
832 848
832 877
832 961
833 983
837 853
837 945
837 982
838 839
839 846
839 977
839 980
840 922
840 977
841 931
843 880
843 891
845 856
846 980
847 864
849 961
850 968
853 980
854 944
855 884
855 939
856 943
856 972
857 864
857 978
857 985
858 986
858 991
859 889
860 886
860 892
862 874
862 998
863 916
863 958
863 964
864 920
865 875
866 868
866 937
867 915
867 943
867 945
867 946
867 952
868 900
869 879
870 877
870 894
870 969
870 970
871 923
874 893
875 969
878 885
878 934
878 957
879 995
880 928
880 978
881 906
881 918
882 967
884 887
884 888
884 991
885 932
885 972
886 895
886 924
887 959
888 904
889 950
890 912
891 913
891 931
891 988
891 997
896 932
898 953
903 915
903 949
903 972
905 954
906 938
907 936
913 940
914 924
916 921
918 997
919 928
920 989
920 993
922 964
923 993
924 998
925 999
926 985
926 994
929 935
930 971
931 962
933 981
935 957
935 997
936 938
937 958
937 996
941 988
942 947
947 972
947 981
949 951
952 963
953 971
955 970
955 982
956 959
958 976
958 990
962 980
963 999
967 969
967 975
970 973
971 998
976 993
978 987
980 987
