0
1000
5108
0
1
0
0 437
0 654
0 719
0 784
0 798
0 894
1 242
1 369
1 393
1 440
1 445
1 540
1 651
1 726
1 781
2 150
2 281
2 421
2 441
2 451
2 493
2 543
2 657
2 744
2 771
2 911
3 168
3 295
3 311
3 416
3 476
3 488
3 818
3 901
3 915
3 941
4 8
4 58
4 87
4 268
4 332
4 349
4 379
4 549
4 607
4 621
4 902
4 989
4 996
5 11
5 225
5 416
5 545
5 609
5 866
6 274
6 333
6 392
6 447
6 457
6 461
6 531
6 537
6 601
6 734
6 774
6 783
6 820
6 930
6 956
6 991
7 36
7 90
7 300
7 471
7 479
7 964
8 111
8 152
8 507
8 756
8 777
9 352
9 423
9 446
9 514
9 530
9 732
9 764
9 810
9 944
9 945
10 90
10 149
10 177
10 217
10 472
10 575
10 645
10 721
10 858
10 864
10 868
10 908
10 951
11 140
11 174
11 208
11 437
11 486
11 491
11 531
11 592
11 684
11 753
11 764
11 793
11 795
11 806
11 816
11 831
11 925
11 991
12 496
12 753
12 819
12 914
12 943
13 109
13 162
13 267
13 281
13 502
13 662
13 902
13 905
14 206
14 232
14 357
14 457
14 505
14 579
14 848
15 23
15 234
15 310
15 419
15 453
15 475
15 507
15 619
15 642
15 743
15 778
15 821
15 854
15 905
15 961
16 65
16 73
16 154
16 160
16 176
16 273
16 385
16 396
16 415
16 453
16 774
16 982
17 209
17 211
17 293
17 403
17 683
17 704
17 730
17 745
18 54
18 216
18 291
18 311
18 315
18 417
18 489
18 539
18 901
18 924
19 34
19 311
19 472
19 549
19 680
19 739
19 782
19 903
20 67
20 245
20 291
20 359
20 399
20 438
20 483
20 724
20 777
20 869
20 948
20 975
21 33
21 101
21 383
21 451
21 511
21 614
21 705
21 790
22 49
22 71
22 313
22 357
22 405
22 494
22 511
22 587
22 796
22 887
22 919
22 964
23 55
23 100
23 217
23 246
23 283
23 350
23 401
23 415
23 439
23 454
23 870
24 208
24 406
24 566
24 865
24 877
24 944
25 66
25 182
25 404
25 465
25 498
25 526
25 531
25 686
25 696
25 700
25 746
25 828
25 862
25 865
25 895
26 75
26 126
26 127
26 136
26 152
26 248
26 275
26 290
26 468
26 535
26 544
26 684
26 820
26 846
26 874
27 128
27 214
27 386
27 392
27 466
27 501
27 587
27 690
27 717
27 756
27 859
27 892
28 59
28 242
28 742
28 758
28 789
28 791
28 850
28 878
28 881
28 889
29 42
29 153
29 239
29 373
29 509
29 513
29 789
29 931
30 301
30 331
30 355
30 366
30 450
30 664
30 670
30 798
30 808
30 895
30 948
30 986
31 110
31 281
31 528
31 537
31 628
31 714
31 883
31 982
32 147
32 183
32 611
32 618
32 629
32 836
32 856
32 860
33 79
33 93
33 307
33 346
33 367
33 410
33 427
33 911
33 924
33 985
33 990
34 64
34 101
34 126
34 140
34 143
34 151
34 759
35 38
35 39
35 170
35 178
35 183
35 283
35 417
35 614
35 651
35 895
36 342
36 401
36 536
36 652
36 985
37 234
37 355
37 375
37 460
37 582
37 880
38 72
38 76
38 81
38 103
38 128
38 198
38 204
38 208
38 288
38 294
38 343
38 445
38 648
38 657
38 778
38 785
39 59
39 138
39 238
39 452
39 583
39 625
39 664
39 812
39 828
39 856
39 949
39 973
40 42
40 45
40 110
40 125
40 131
40 289
40 302
40 322
40 323
40 515
40 732
40 909
40 913
41 44
41 210
41 253
41 308
41 316
41 374
41 491
41 498
41 684
41 693
41 930
42 170
42 232
42 252
42 340
42 371
42 389
42 913
42 924
42 954
43 326
43 352
43 411
43 453
43 458
43 547
43 660
43 682
43 763
43 799
43 861
43 877
43 958
43 983
44 87
44 95
44 270
44 321
44 507
44 559
44 623
44 817
44 951
44 993
45 48
45 165
45 308
45 341
45 630
45 675
45 723
45 749
45 815
45 993
46 84
46 121
46 233
46 461
46 503
46 857
46 949
46 983
47 66
47 121
47 337
47 373
47 417
47 535
47 696
47 708
47 799
47 898
47 929
48 171
48 358
48 443
48 457
48 591
48 732
48 763
48 803
49 199
49 371
49 410
49 529
49 582
49 630
49 683
49 803
49 924
50 83
50 131
50 418
50 419
50 451
50 615
50 627
50 629
50 636
50 640
50 673
50 690
50 702
50 733
50 854
50 937
51 90
51 125
51 143
51 224
51 242
51 293
51 343
51 601
51 648
51 673
51 684
51 766
51 815
52 127
52 413
52 423
52 579
52 658
52 736
52 923
52 990
52 996
53 157
53 366
53 408
53 535
53 660
53 874
53 957
54 182
54 201
54 209
54 258
54 313
54 336
54 376
54 590
54 609
54 987
55 88
55 113
55 404
55 454
55 504
55 527
55 612
55 724
55 740
55 787
55 894
55 904
55 991
56 59
56 181
56 298
56 307
56 795
57 214
57 269
57 270
57 352
57 457
57 517
57 538
57 553
57 587
57 597
57 598
57 626
57 661
57 741
57 795
57 921
58 304
58 499
59 169
59 190
59 230
59 304
59 313
59 329
59 427
59 498
59 500
59 520
59 543
59 706
59 788
59 885
59 935
60 107
60 157
60 343
60 478
60 566
60 625
60 645
60 664
60 755
60 805
60 886
60 985
61 75
61 78
61 245
61 272
61 295
61 486
61 540
61 693
61 897
62 109
62 222
62 314
62 509
62 568
62 587
62 630
62 680
62 728
62 749
62 907
62 912
63 98
63 350
63 458
63 473
63 588
63 593
63 706
63 825
63 857
63 969
64 114
64 603
64 633
64 716
64 874
65 122
65 177
65 203
65 210
65 323
65 342
65 644
65 680
65 687
65 790
65 883
65 932
66 101
66 243
66 495
66 508
66 509
66 570
66 682
66 811
67 258
67 469
67 581
67 627
67 696
67 842
68 134
68 145
68 173
68 176
68 199
68 288
68 385
68 536
68 805
68 857
68 883
68 898
68 960
69 118
69 164
69 356
69 435
69 497
69 574
69 583
69 661
69 837
69 838
69 962
69 983
70 313
70 464
70 635
70 721
70 936
70 964
70 966
70 967
71 110
71 147
71 339
71 377
71 414
71 500
71 534
71 610
71 801
71 870
72 75
72 135
72 277
72 286
72 305
72 308
72 312
72 448
72 473
72 507
72 648
72 951
73 276
73 406
73 496
73 561
73 799
73 945
74 87
74 310
74 502
74 510
74 531
74 663
74 697
74 776
74 886
75 125
75 189
75 195
75 524
75 573
75 836
75 853
75 945
76 356
76 359
76 993
77 152
77 176
77 363
77 480
77 749
77 849
77 908
77 983
78 160
78 176
78 246
78 326
78 343
78 465
78 489
78 531
78 543
78 619
78 740
78 754
79 87
79 185
79 307
79 399
79 492
79 505
79 517
79 638
79 687
79 747
79 753
79 764
80 107
80 118
80 126
80 348
80 457
80 512
80 610
80 762
80 816
80 867
80 911
80 916
80 941
81 155
81 157
81 311
81 552
81 636
81 817
81 855
81 981
82 144
82 193
82 264
82 276
82 377
82 434
82 511
82 548
82 557
82 628
82 815
82 827
82 833
82 876
82 977
83 318
83 523
83 801
83 830
83 946
83 996
84 279
84 381
84 430
84 432
84 484
84 490
84 542
84 551
84 667
84 687
84 804
84 851
84 952
85 112
85 266
85 291
85 418
85 674
85 838
85 857
85 901
85 922
85 983
86 147
86 191
86 260
86 364
86 369
86 445
86 455
86 508
86 518
86 645
86 857
87 288
87 341
87 624
87 625
87 660
87 677
87 757
87 835
87 848
88 236
88 356
88 418
88 447
88 465
88 543
88 561
88 704
88 800
88 883
88 961
88 966
88 983
89 231
89 293
89 294
89 315
89 588
89 634
89 676
89 680
89 741
89 773
89 959
90 123
90 171
90 241
90 344
90 376
90 422
90 495
90 516
90 588
90 656
90 717
90 827
90 836
90 975
91 100
91 163
91 183
91 201
91 216
91 347
91 360
91 407
91 497
91 547
91 548
91 624
91 639
91 653
91 715
91 790
91 900
91 912
92 103
92 204
92 253
92 415
92 456
92 482
92 572
93 694
93 882
93 985
94 160
94 179
94 188
94 191
94 214
94 264
94 315
94 319
94 343
94 346
94 510
94 569
94 581
94 588
94 708
94 906
94 960
94 981
95 144
95 218
95 224
95 272
95 311
95 468
95 718
95 791
96 231
96 273
96 372
96 676
96 792
97 133
97 177
97 268
97 478
97 580
97 604
97 688
97 729
97 794
98 111
98 259
98 286
98 693
98 855
99 137
99 317
99 375
99 381
99 419
99 432
99 448
99 487
99 939
100 358
100 465
100 677
100 698
100 879
100 989
101 102
101 170
101 174
101 323
101 610
101 664
101 762
101 806
102 129
102 139
102 225
102 230
102 267
102 404
102 557
102 704
102 822
102 875
102 883
103 252
103 264
103 290
103 353
103 451
103 469
103 728
103 758
103 998
104 242
104 333
104 408
104 433
104 539
104 582
104 872
104 873
104 887
104 974
105 205
105 449
105 644
105 818
105 827
106 128
106 150
106 365
106 537
106 778
106 856
106 959
107 124
107 345
107 479
107 505
107 555
107 593
107 646
107 669
108 151
108 317
108 401
108 569
108 744
108 810
109 251
109 585
109 822
109 873
109 878
110 189
110 411
110 559
110 659
110 863
110 866
110 894
110 926
111 159
111 163
111 312
111 365
111 586
111 609
112 248
112 274
112 407
112 427
112 440
112 448
112 633
112 744
112 759
112 781
112 792
112 801
112 910
112 914
112 986
112 998
113 388
113 472
113 500
113 504
113 629
113 666
113 873
113 987
114 249
114 476
114 499
114 514
114 571
114 679
114 810
114 948
114 982
114 986
115 145
115 571
115 613
115 614
115 624
115 815
115 867
115 890
115 951
116 178
116 279
116 345
116 521
116 533
116 542
116 790
116 930
116 984
117 225
117 310
117 340
117 525
117 624
117 657
117 729
117 763
117 918
117 941
117 951
118 178
118 209
118 339
118 424
118 473
118 503
118 576
118 678
118 800
118 892
119 262
119 264
119 266
119 302
119 344
119 449
119 872
119 972
119 977
120 148
120 350
120 387
120 638
120 649
120 687
120 810
121 254
121 311
121 349
121 447
121 531
121 838
121 847
121 877
121 966
122 210
122 459
122 499
122 540
122 612
122 637
122 679
122 711
122 752
122 918
122 945
123 201
123 241
123 311
123 498
123 785
123 965
124 193
124 204
124 354
124 446
124 484
124 563
124 888
124 903
124 979
125 171
125 404
125 557
125 616
125 666
125 849
126 176
126 241
126 267
126 344
126 353
126 465
126 562
126 582
126 746
126 875
126 893
126 962
126 998
127 131
127 133
127 155
127 184
127 226
127 261
127 278
127 406
127 448
127 481
127 568
127 575
127 607
127 630
127 720
127 799
127 820
127 868
128 162
128 201
128 260
128 266
128 285
128 422
128 496
128 523
128 741
128 759
128 803
128 899
128 931
128 985
129 145
129 245
129 263
129 366
129 412
129 543
129 568
129 597
129 714
129 765
129 934
129 940
129 950
129 993
130 174
130 190
130 246
130 350
130 371
130 418
130 491
130 538
130 577
130 585
130 628
130 695
130 848
130 937
130 950
131 413
131 521
131 651
131 760
131 860
132 273
132 469
132 672
132 705
132 795
132 908
133 236
133 267
133 363
133 380
133 401
133 494
133 632
133 687
133 739
133 795
133 862
134 229
134 253
134 479
134 671
134 824
135 149
135 226
135 676
135 752
135 762
136 150
136 162
136 334
136 410
136 621
136 722
136 868
136 957
137 245
137 662
138 191
138 431
138 469
138 498
138 546
138 555
138 729
138 763
138 773
138 809
139 163
139 203
139 335
139 462
139 472
139 671
139 675
139 946
139 980
140 149
140 202
140 289
140 409
140 721
140 798
140 965
141 143
141 206
141 207
141 273
141 306
141 416
141 423
141 461
141 582
141 665
141 695
141 860
141 945
142 146
142 214
142 253
142 372
142 381
142 543
142 574
142 686
142 726
142 801
142 947
142 958
143 201
143 378
143 404
143 720
143 936
144 280
144 300
144 346
144 496
144 586
144 682
144 762
145 211
145 277
145 291
145 307
145 425
145 805
145 879
145 959
146 161
146 307
146 355
146 466
146 490
146 846
147 214
147 281
147 425
147 468
147 537
147 604
147 673
147 834
147 896
147 930
147 939
148 390
148 404
148 481
148 706
148 768
148 826
148 856
148 864
148 866
148 971
149 321
149 327
149 509
149 524
149 591
149 592
149 777
149 794
149 948
150 231
150 391
150 615
150 630
150 688
150 777
151 224
151 246
151 359
151 470
151 519
151 533
151 577
151 679
151 858
152 159
152 260
152 353
152 396
152 420
152 439
152 578
152 581
153 163
153 168
153 398
153 441
153 451
153 516
153 569
153 682
153 948
153 960
154 380
154 393
154 449
154 668
154 969
154 991
155 341
155 414
155 725
155 820
155 932
156 265
156 322
156 401
156 492
156 534
156 625
156 714
156 976
157 159
157 222
157 240
157 445
157 531
157 617
157 667
157 892
158 204
158 489
158 490
158 860
158 943
159 192
159 216
159 321
159 686
159 751
159 799
159 805
160 288
160 419
160 477
160 534
160 631
160 670
160 722
160 989
161 271
161 310
161 328
161 354
161 468
161 655
161 767
161 778
161 852
161 893
161 906
162 196
162 234
162 389
162 427
162 480
162 558
162 708
162 782
162 944
163 361
163 408
163 446
163 453
163 765
163 793
163 918
163 942
163 946
164 250
164 334
164 338
164 452
164 489
164 583
164 793
164 799
165 273
165 383
165 430
165 431
165 438
165 465
165 646
165 716
165 788
165 913
165 964
166 169
166 179
166 206
166 239
166 347
166 372
166 467
166 502
166 647
166 859
166 946
167 197
167 223
167 279
167 427
167 443
167 476
167 584
167 662
167 670
167 887
167 901
167 966
168 318
168 419
168 469
168 591
168 696
168 816
168 864
168 878
168 905
169 270
169 467
169 554
169 555
169 600
169 741
169 783
169 788
169 812
169 820
169 903
169 945
170 179
170 238
170 341
170 552
170 653
170 661
170 723
170 799
170 811
170 854
170 925
170 996
171 203
171 223
171 253
171 403
171 477
171 578
171 735
171 889
171 970
172 207
172 309
172 449
172 465
172 531
172 561
172 651
172 790
172 807
172 846
172 870
173 242
173 581
173 615
173 883
173 923
173 946
173 969
174 281
174 330
174 416
174 453
174 467
174 570
174 713
174 862
174 991
175 185
175 343
175 393
175 497
175 555
175 580
175 598
175 647
175 668
175 683
175 838
175 857
176 303
176 323
176 416
176 458
176 498
176 734
176 815
176 859
176 899
176 988
177 849
177 898
177 967
178 198
178 279
178 301
178 407
178 409
178 478
178 533
178 761
178 867
178 875
178 987
179 378
179 398
179 419
179 492
179 512
179 618
179 664
179 700
179 759
180 247
180 467
180 486
180 577
180 600
180 650
180 701
180 717
180 831
180 888
180 933
181 188
181 209
181 414
181 452
181 539
181 568
181 667
181 771
181 823
181 959
182 218
182 240
182 318
182 372
182 374
182 380
182 530
182 579
182 660
182 731
182 788
182 892
182 915
183 187
183 232
183 244
183 374
183 500
183 593
183 620
183 637
183 730
183 832
184 295
184 307
184 396
184 410
184 493
185 305
185 650
185 810
185 936
185 977
186 269
186 504
186 634
186 709
186 862
186 887
186 977
187 229
187 305
187 358
187 577
187 599
187 619
187 641
187 915
187 930
188 240
188 357
188 435
188 446
188 760
188 775
188 777
188 822
188 834
188 872
188 932
188 990
189 257
189 432
189 683
189 736
189 795
190 397
190 550
190 639
190 962
190 996
191 331
191 343
191 354
191 382
191 385
191 415
191 684
191 731
191 761
191 947
192 304
192 315
192 383
192 400
192 403
192 569
192 690
192 810
192 889
192 895
193 222
193 488
193 658
193 942
193 950
194 457
194 564
194 651
194 669
194 693
194 706
194 873
194 903
195 258
195 427
195 636
195 670
195 694
195 697
195 706
195 755
195 792
196 222
196 398
196 410
196 547
196 596
196 612
196 668
196 692
196 724
196 916
197 340
197 762
197 778
197 839
198 258
198 329
198 341
198 389
198 588
198 618
198 703
198 718
198 815
198 886
199 320
199 446
199 457
199 467
199 558
199 568
199 885
199 946
200 245
200 285
200 485
200 486
200 503
200 621
200 735
200 774
200 788
200 829
200 942
200 989
201 397
201 464
201 661
201 719
201 787
201 842
202 230
202 332
202 527
202 538
202 585
202 605
202 666
202 720
202 749
202 773
202 858
202 863
202 959
203 306
203 372
203 395
203 671
203 743
204 239
204 241
204 248
204 314
204 403
204 521
204 689
204 744
204 779
204 789
204 857
204 985
205 230
205 770
206 397
206 399
206 401
206 417
206 449
206 545
206 552
206 569
206 658
206 666
206 677
206 878
206 893
206 933
207 220
207 398
207 456
207 470
207 559
207 697
207 737
207 822
207 911
207 977
208 323
208 334
208 353
208 462
208 546
208 550
208 602
208 699
208 896
208 912
208 949
208 970
209 228
209 295
209 389
209 484
209 688
209 798
210 275
210 354
210 388
210 413
210 422
210 491
210 595
210 772
210 884
210 901
210 906
211 282
211 563
211 727
211 741
211 760
211 789
211 987
212 390
212 459
212 598
212 626
212 723
212 748
212 760
212 879
212 927
213 470
213 537
213 560
213 688
213 762
213 763
213 876
213 877
213 878
213 998
214 229
214 349
214 411
214 467
214 541
214 877
215 505
215 526
215 710
216 335
216 361
216 403
216 541
216 571
216 598
216 642
216 962
217 223
217 373
217 651
217 652
217 727
217 767
217 780
217 832
217 836
217 855
218 423
218 455
218 578
218 801
218 821
218 853
218 860
218 940
218 968
218 971
219 256
219 269
219 410
219 425
219 430
219 470
219 548
219 552
219 684
219 734
219 929
219 950
220 260
220 266
220 354
220 399
220 450
220 470
220 835
220 951
221 302
221 322
221 641
221 704
221 776
221 985
222 243
222 316
222 328
222 380
222 463
222 476
222 575
222 670
223 265
223 297
223 388
223 472
223 643
223 786
223 788
224 271
224 298
225 399
225 491
225 499
225 519
225 604
225 868
225 901
225 939
226 272
226 309
226 342
226 382
226 485
226 564
226 758
226 829
226 839
226 926
226 972
227 455
227 632
227 715
228 250
228 269
228 307
228 319
228 365
228 405
228 511
228 551
228 556
228 851
228 898
229 373
229 634
229 786
229 796
229 822
229 841
229 932
230 442
230 481
230 608
230 619
230 778
230 867
230 909
231 245
231 268
231 303
231 358
231 593
231 947
232 425
232 493
232 554
232 796
232 906
232 928
233 234
233 390
233 420
233 428
233 578
233 615
233 690
233 728
233 824
233 851
233 906
234 465
234 508
234 567
234 826
234 860
234 977
235 415
235 464
235 511
235 629
235 658
235 806
235 907
235 917
236 360
236 418
236 422
236 526
236 656
236 668
236 811
236 877
236 886
237 297
237 317
237 443
237 475
237 660
237 763
237 839
237 860
238 388
238 448
238 644
238 742
238 975
239 271
239 339
239 486
239 713
240 393
240 441
240 452
240 474
240 956
240 997
241 255
241 344
241 480
241 649
241 670
241 874
241 904
242 380
242 387
242 500
242 682
242 690
242 770
242 792
242 821
242 889
242 957
243 292
243 294
243 299
243 317
243 342
243 392
243 572
243 762
243 811
243 944
244 387
244 662
244 821
244 956
244 993
245 517
245 558
245 629
245 630
245 743
245 753
245 790
245 896
245 994
246 505
246 944
246 964
246 992
247 638
247 764
247 772
247 798
247 821
247 884
247 900
248 323
248 462
248 560
248 753
248 757
248 863
248 945
248 969
249 512
249 516
249 623
249 788
249 812
249 875
249 887
249 922
249 935
250 282
250 457
250 599
250 627
250 791
250 851
251 382
251 560
251 936
251 973
252 317
252 378
252 457
252 503
252 616
252 670
252 712
252 747
253 278
253 397
253 451
253 541
253 564
253 615
253 874
253 897
253 932
254 325
254 406
254 564
254 697
254 737
254 897
254 933
255 463
255 527
255 735
255 865
256 373
256 437
256 527
256 586
256 643
256 742
256 782
256 873
256 979
256 993
257 302
257 348
257 445
257 451
257 466
257 477
257 536
257 563
257 682
257 707
257 836
258 305
258 418
258 461
258 475
258 479
258 594
258 627
258 752
258 766
258 776
258 832
258 878
258 962
259 288
259 486
259 560
259 601
259 617
259 693
259 949
259 954
260 262
260 327
260 333
260 349
260 534
260 611
260 667
260 703
260 775
260 801
260 876
260 881
260 939
260 958
260 965
260 979
260 982
261 265
261 335
261 395
261 437
261 699
261 781
261 887
261 955
262 274
262 281
262 493
262 495
262 721
262 988
263 387
263 421
263 442
263 517
263 572
263 793
263 884
264 415
264 546
264 578
264 670
264 787
264 980
265 269
265 311
265 317
265 549
265 551
265 631
265 739
265 800
265 875
265 879
265 903
265 943
265 982
266 382
266 445
266 447
266 511
266 545
266 571
266 588
266 806
266 856
267 325
267 582
267 672
267 678
267 718
267 886
267 895
267 984
268 416
268 422
268 571
268 584
268 609
268 697
268 748
268 925
269 338
269 403
269 421
269 458
269 549
269 604
269 714
269 781
269 782
269 991
270 315
270 370
270 494
270 520
270 832
270 966
270 983
271 378
271 416
271 598
271 780
271 952
271 990
272 281
272 304
272 457
272 468
272 496
272 619
272 837
272 891
272 951
273 290
273 491
273 550
273 595
273 887
274 408
274 422
274 639
274 814
274 925
274 968
275 348
275 402
275 848
275 979
276 289
276 671
276 923
277 280
277 294
277 333
277 483
277 751
277 922
277 943
277 962
277 995
277 999
278 447
278 505
278 976
279 282
279 368
279 486
279 667
279 758
279 830
279 834
280 383
280 403
280 471
280 519
280 600
280 725
280 772
280 946
280 968
280 982
280 996
281 345
281 466
281 576
281 744
281 890
281 995
282 290
282 444
282 542
282 608
282 891
282 907
282 919
282 922
282 995
283 353
283 378
283 565
283 597
283 651
283 755
283 977
284 364
284 414
284 435
284 452
284 531
284 590
284 631
284 902
285 330
285 360
285 564
285 714
285 726
285 745
285 835
285 875
286 309
286 327
286 472
286 677
286 915
286 954
287 353
287 422
287 613
287 725
287 793
287 818
287 846
287 912
288 410
288 552
288 653
288 671
288 749
289 434
289 563
289 755
289 885
290 340
290 349
290 454
290 705
290 779
290 821
291 464
291 671
291 682
291 770
291 807
291 857
291 863
291 967
292 401
292 421
292 492
292 605
292 725
292 778
292 817
292 873
292 925
293 298
293 364
293 571
293 664
293 703
293 717
293 781
293 943
294 595
294 765
295 400
295 455
295 571
295 895
295 932
296 320
296 383
296 395
296 537
296 573
296 726
296 884
296 933
296 972
297 403
297 458
297 459
297 500
297 519
297 618
297 659
297 684
297 829
297 922
298 329
298 340
298 478
299 464
299 513
299 558
299 579
299 617
299 783
299 830
299 835
299 998
300 363
300 454
300 611
300 658
300 710
300 720
300 726
300 762
300 849
300 927
300 980
301 361
301 649
301 673
301 696
301 746
302 336
302 388
302 508
302 526
302 644
302 745
302 763
302 791
302 800
302 914
303 431
303 551
303 590
303 795
303 859
304 319
304 324
304 346
304 478
304 523
304 655
304 661
304 873
304 972
304 995
305 438
305 461
305 702
305 720
305 793
305 830
305 930
306 460
306 562
306 610
306 796
307 528
307 619
307 809
307 823
307 977
308 346
308 492
308 626
308 647
308 657
308 749
308 770
308 876
308 958
309 465
309 508
309 561
309 638
309 676
309 840
309 841
309 866
309 946
310 443
310 557
310 641
310 677
310 684
310 812
310 916
311 728
311 733
311 826
311 831
311 884
311 922
311 938
312 322
312 520
312 601
312 608
312 629
312 632
312 937
312 979
313 331
313 678
313 778
313 961
314 328
314 371
314 447
314 490
314 590
314 666
314 869
314 886
314 932
314 971
315 517
315 604
315 621
315 626
315 743
315 789
315 860
316 510
316 577
316 588
316 821
316 827
316 873
316 906
316 919
316 922
316 998
317 360
317 597
317 918
317 933
317 991
318 348
318 417
318 438
318 585
318 751
319 325
319 334
319 482
319 761
319 918
319 939
320 358
320 422
320 533
320 791
320 813
320 900
320 934
321 531
321 557
321 668
321 688
321 750
321 947
322 411
322 516
322 605
322 777
322 893
323 550
323 710
323 714
323 798
323 905
324 453
324 512
324 830
325 448
325 490
325 767
325 802
325 872
326 402
326 422
326 567
326 610
326 618
326 694
326 888
326 981
327 483
327 825
327 895
327 938
328 458
328 511
328 638
328 771
328 918
329 365
329 628
329 715
329 744
329 884
329 945
330 433
330 539
330 656
330 691
330 775
331 411
331 432
331 570
331 581
331 817
331 852
331 885
331 930
332 407
332 466
332 536
332 548
332 552
332 651
332 654
332 732
332 871
332 922
332 965
333 600
333 696
333 713
333 878
333 885
334 507
334 617
334 657
334 991
335 395
335 463
335 507
335 748
335 883
335 894
335 903
335 913
336 339
336 408
336 522
336 611
336 646
336 758
336 788
337 340
337 513
337 790
337 915
338 495
338 551
338 692
338 828
338 872
339 434
339 490
339 586
339 691
339 711
339 810
340 342
340 360
340 413
340 442
340 460
340 467
340 579
340 604
340 769
340 770
340 813
340 869
340 888
340 958
341 426
341 539
341 721
341 776
341 804
341 807
341 824
341 828
342 416
342 522
342 590
342 599
342 893
343 392
343 393
343 560
343 593
343 594
343 674
343 699
343 733
343 749
343 778
343 829
343 905
343 943
343 973
344 551
344 649
344 834
344 963
344 965
344 997
345 450
345 496
345 530
345 546
345 614
345 644
345 685
345 765
345 783
345 873
346 349
346 432
346 508
346 655
346 850
346 889
346 931
346 949
346 950
347 352
347 404
347 409
347 439
347 511
347 513
347 557
347 830
347 845
348 491
348 513
348 529
348 533
348 696
348 839
349 363
349 380
349 618
349 677
349 804
349 862
349 960
349 996
350 504
350 557
350 573
350 676
350 756
350 762
350 801
350 838
350 864
350 886
350 925
351 354
351 529
351 580
351 582
351 605
351 616
351 705
351 934
352 810
352 815
352 998
353 527
353 615
353 628
353 639
353 732
353 831
354 445
354 684
354 719
354 732
354 741
354 909
355 980
356 572
356 638
356 785
356 935
357 373
357 406
357 420
357 485
357 624
357 734
357 803
358 360
358 461
358 523
358 620
358 730
358 870
358 938
358 947
359 371
359 393
359 501
359 659
359 669
359 744
359 843
359 860
359 984
360 581
360 655
360 713
360 827
360 835
361 476
361 826
361 874
361 890
361 930
361 993
362 388
362 536
362 544
362 664
362 678
362 719
362 725
362 733
362 955
363 365
363 459
363 658
363 694
363 933
363 940
364 540
364 575
364 652
364 677
364 726
364 888
364 963
364 980
364 992
365 599
365 744
365 836
365 941
366 449
366 471
366 556
366 828
367 373
367 533
367 764
367 838
367 894
368 418
368 488
368 510
368 661
368 756
368 945
369 423
369 441
369 632
369 814
369 869
369 929
369 938
370 714
370 788
370 800
370 816
370 819
370 882
371 411
371 568
371 678
371 704
371 760
371 818
371 925
371 955
372 580
372 913
373 448
373 507
373 675
373 832
374 378
374 433
374 573
374 896
374 923
374 995
375 552
375 559
375 673
375 686
376 685
376 965
377 570
377 776
377 814
377 923
378 414
378 645
378 741
378 749
378 812
378 914
378 924
378 929
378 938
379 422
379 503
379 561
379 592
379 691
379 804
379 839
379 883
379 893
380 572
380 599
380 701
380 724
380 746
381 454
381 660
381 764
381 775
381 823
382 486
382 539
382 655
382 656
382 698
382 763
382 795
382 804
382 946
382 991
383 544
383 692
383 734
383 774
383 775
383 782
383 912
384 393
384 419
384 480
384 574
384 677
384 883
384 915
385 431
385 901
386 421
386 684
386 955
387 486
387 617
387 623
387 637
387 672
387 699
387 766
387 802
387 859
387 963
387 978
388 459
388 507
388 517
388 612
388 686
388 794
388 846
388 873
388 913
389 394
389 660
389 724
389 838
389 942
389 963
390 395
390 531
390 641
390 695
390 788
390 794
390 852
390 939
390 982
391 515
391 648
391 717
391 727
391 847
391 916
391 918
391 933
392 397
392 435
392 492
392 671
392 676
392 734
392 735
392 853
392 975
393 488
393 490
393 530
393 650
393 846
393 934
394 480
394 619
394 916
395 399
395 725
395 792
395 842
395 903
395 917
395 982
396 488
396 530
396 652
396 835
396 997
397 585
397 980
398 414
398 433
398 519
398 810
398 863
398 888
399 437
399 479
399 533
399 609
399 691
399 772
399 814
399 910
400 427
400 504
400 635
400 889
400 958
400 971
401 684
401 951
402 669
402 738
402 919
402 982
403 738
403 742
403 933
403 936
403 966
404 478
404 778
404 936
404 945
405 526
405 614
405 775
405 813
405 943
406 543
406 548
406 583
406 588
406 762
406 774
406 781
406 831
406 919
406 947
407 479
407 848
407 875
407 904
408 439
408 547
408 567
408 786
408 811
409 538
409 654
409 709
409 735
409 889
409 942
409 983
410 420
410 789
410 897
411 559
411 713
411 866
411 898
412 429
412 446
412 459
412 471
412 579
412 667
412 723
413 449
413 477
413 631
413 714
413 941
414 791
414 890
414 931
414 955
415 530
415 559
415 612
415 769
415 880
415 903
415 914
416 579
416 586
416 679
416 769
416 930
416 993
417 749
417 810
417 853
417 993
418 507
418 650
418 654
418 700
418 841
418 890
418 935
418 960
418 990
419 602
419 642
419 650
419 753
419 756
419 969
419 981
420 589
420 591
420 640
420 682
420 732
420 779
420 969
421 434
421 527
421 558
421 561
421 713
422 539
422 629
422 639
422 769
422 815
422 857
422 880
422 933
423 483
423 513
423 525
423 575
423 603
423 899
424 440
424 522
424 567
424 580
424 874
424 947
425 473
425 910
425 960
426 513
426 526
426 542
427 438
427 512
427 554
427 569
427 849
427 954
428 451
428 693
428 806
428 969
429 523
429 773
429 994
430 481
430 564
430 612
430 871
431 499
431 605
431 738
431 978
432 466
432 570
432 647
432 829
432 937
433 548
433 661
433 676
433 812
433 837
433 984
434 480
434 526
434 584
434 616
434 633
434 651
434 714
434 874
434 887
434 943
435 484
435 565
435 624
435 690
435 757
435 835
436 449
436 596
436 678
436 686
436 798
436 881
436 950
437 606
437 659
437 714
437 848
437 868
437 989
437 994
438 489
438 577
438 597
438 725
438 733
438 758
439 507
439 639
439 704
439 887
439 901
439 931
440 566
440 677
440 723
440 799
440 821
440 885
441 636
441 894
442 515
442 786
442 825
442 832
442 865
442 885
442 988
443 685
443 710
443 829
443 956
444 536
444 731
444 763
444 869
444 939
444 951
444 994
445 524
445 605
445 697
445 758
445 929
446 457
446 493
446 539
446 565
446 618
446 747
446 932
446 945
447 523
447 540
447 574
447 708
447 963
447 994
448 481
448 666
448 753
448 756
448 823
448 872
448 874
448 883
448 897
448 902
448 933
448 943
448 980
449 458
449 461
449 768
449 790
449 792
449 801
449 850
449 895
449 901
449 917
450 596
450 620
450 815
450 825
450 838
450 928
451 489
451 602
451 712
451 787
451 811
452 804
452 870
452 966
453 626
453 645
453 675
453 752
453 761
453 924
454 493
454 554
454 797
454 813
455 591
455 652
455 711
455 763
455 948
455 989
456 524
456 541
456 671
456 675
456 685
456 708
456 800
456 848
457 528
457 708
457 736
457 954
457 994
458 513
458 538
458 626
458 637
458 685
458 690
458 768
458 844
459 494
459 604
459 650
459 756
459 863
459 887
459 910
460 527
460 528
460 575
460 613
460 737
460 758
461 557
461 596
461 638
461 774
461 853
462 465
462 510
462 626
462 645
462 664
462 720
462 950
463 471
463 636
463 676
463 735
463 752
463 769
463 798
463 856
463 864
464 523
464 754
464 855
464 984
465 584
465 642
465 804
465 809
465 905
466 471
466 533
466 608
467 484
467 562
467 609
467 613
467 696
467 733
467 756
467 818
467 857
467 876
467 902
468 503
468 714
469 491
469 622
469 885
469 952
470 505
470 680
470 737
470 808
470 929
470 937
470 958
470 964
470 993
471 500
471 553
471 676
471 689
471 818
471 859
471 992
472 624
472 729
472 850
472 863
472 933
473 857
473 933
473 960
474 520
474 606
474 842
475 480
475 492
475 506
475 667
475 702
475 849
475 975
476 500
476 506
476 507
476 556
476 566
476 621
476 814
476 925
477 507
477 523
477 554
477 756
477 863
477 969
478 760
478 862
479 660
479 795
479 812
480 515
480 517
480 534
480 546
480 720
480 765
481 492
481 913
481 938
482 551
482 562
482 748
482 902
482 906
482 919
483 847
483 892
483 956
484 673
485 510
485 790
485 791
485 852
486 637
486 651
486 712
486 816
487 590
487 692
487 868
488 678
488 989
489 572
489 644
489 714
489 756
489 793
489 944
489 957
489 959
490 891
490 900
490 904
490 905
490 938
491 493
491 627
491 762
491 801
491 808
492 532
492 780
492 944
492 956
492 995
493 719
493 731
493 782
494 632
494 654
494 658
494 735
494 925
494 958
495 505
495 510
495 574
495 685
495 761
495 969
496 520
496 714
496 750
496 766
496 826
497 667
497 772
497 876
497 883
498 720
498 785
498 935
498 980
498 995
499 728
499 767
499 889
499 934
500 517
500 587
500 588
500 650
500 783
500 787
500 801
500 892
500 968
500 982
501 682
501 822
501 884
501 932
502 557
502 622
502 780
502 896
502 900
503 527
503 542
503 757
503 786
503 859
503 996
504 506
504 553
505 941
505 990
506 564
506 584
506 637
507 967
508 566
508 845
508 864
509 544
509 787
509 830
509 900
510 880
510 913
510 922
510 926
511 571
511 795
511 844
511 985
512 535
512 903
513 538
513 592
513 802
513 837
513 998
514 520
514 661
514 687
514 738
514 767
514 975
515 576
515 681
515 750
515 766
515 885
516 592
516 605
516 747
516 773
516 822
516 846
517 534
517 588
517 617
517 631
518 679
518 770
518 868
518 900
519 631
519 651
519 723
519 829
519 877
519 909
519 945
519 955
520 718
520 881
520 934
520 994
521 524
521 600
521 677
521 726
521 837
521 881
521 895
521 918
521 946
522 525
522 658
522 750
522 915
522 964
523 784
523 889
524 664
524 673
524 742
524 767
524 829
524 865
524 871
524 914
524 951
524 987
525 551
525 574
525 603
525 670
525 702
525 894
525 970
526 541
526 732
526 758
526 861
526 949
527 626
527 673
527 695
527 770
527 795
527 825
527 994
528 741
528 943
529 698
529 743
529 861
529 950
530 578
530 756
530 910
530 934
531 535
531 856
531 916
532 655
532 787
532 870
532 882
532 902
533 571
533 581
533 598
533 822
533 872
533 898
533 992
534 944
534 993
535 579
535 648
535 790
535 992
536 619
536 638
536 647
536 687
536 712
536 732
536 755
537 557
537 578
537 594
538 556
538 640
538 660
538 708
538 795
538 838
538 841
538 992
539 585
539 860
540 619
540 621
540 671
540 764
540 796
540 818
540 906
540 936
541 583
541 593
541 603
541 629
541 725
541 842
541 969
542 732
542 899
542 978
543 621
543 671
543 735
543 744
543 935
544 582
544 606
544 724
544 872
544 884
544 895
544 913
545 606
545 638
545 656
545 821
545 873
546 580
546 802
546 872
546 879
547 693
547 700
547 783
547 804
547 810
547 821
547 900
548 648
548 679
548 712
548 854
549 566
549 591
549 841
550 639
550 688
550 789
550 971
551 564
551 610
551 612
551 729
551 818
551 906
552 555
552 821
552 910
552 933
552 950
553 611
553 723
554 725
554 730
554 755
554 843
554 862
554 874
554 908
555 570
555 632
555 647
555 648
555 699
557 574
557 624
558 560
558 695
558 762
558 898
559 577
559 690
559 768
559 822
560 564
560 601
560 658
560 734
560 773
560 798
560 814
560 977
561 564
561 644
561 753
561 832
561 859
561 893
561 929
562 695
562 729
562 897
562 931
563 695
563 934
563 940
564 622
564 873
565 629
565 717
565 800
565 892
565 959
565 960
565 973
566 626
566 689
566 775
566 833
566 971
567 645
567 697
567 744
567 762
567 799
567 970
568 624
568 636
568 720
568 744
568 869
568 876
568 897
569 828
569 848
569 891
569 934
569 935
570 581
570 633
570 909
571 731
571 780
571 807
571 859
572 628
572 652
572 688
572 719
572 728
572 930
573 646
573 853
574 753
575 604
575 706
575 820
575 885
575 955
576 780
576 926
576 998
576 999
577 612
577 628
577 783
577 831
578 688
578 694
579 592
579 936
579 998
580 685
580 807
580 812
580 817
580 856
580 892
580 905
581 626
581 663
581 753
582 637
582 669
582 700
582 703
582 757
582 960
583 753
583 765
583 777
583 790
583 920
584 715
584 811
584 939
585 668
585 674
585 792
585 869
585 899
585 934
585 966
586 591
586 754
586 861
587 674
587 821
587 850
587 944
588 834
588 882
589 699
589 758
590 767
590 817
591 732
591 905
591 910
592 687
592 780
592 963
593 619
593 733
593 823
593 839
593 847
593 913
593 919
593 957
593 960
593 989
594 801
594 971
594 991
595 659
595 764
595 864
595 904
596 632
596 779
596 783
596 791
597 635
597 710
597 713
597 859
597 941
598 633
598 988
599 697
599 713
599 732
599 904
600 632
600 764
601 796
601 804
601 966
602 633
602 651
602 787
602 840
602 909
602 926
603 700
603 906
603 924
603 930
604 651
604 754
604 760
604 863
604 915
605 893
606 628
606 732
607 788
607 823
607 930
608 690
608 827
608 894
608 898
608 976
609 882
610 685
610 771
610 851
610 910
611 857
611 942
612 618
612 653
612 667
612 931
613 614
613 641
613 705
613 805
613 940
614 622
614 763
614 835
614 924
615 809
615 896
615 974
616 661
616 692
616 706
616 845
616 896
616 916
616 946
616 971
617 661
617 820
617 911
617 951
618 665
618 693
618 920
618 924
619 762
619 772
619 800
619 923
620 770
620 888
620 892
620 974
620 975
621 681
621 841
621 922
621 970
622 697
623 664
623 678
623 825
624 642
624 654
624 680
624 694
624 869
625 666
625 706
625 712
625 718
625 744
625 772
625 947
626 639
626 651
626 751
626 796
626 798
626 922
626 995
627 639
627 640
627 734
628 662
628 920
628 935
628 952
628 960
628 975
629 718
629 787
629 918
629 936
630 698
630 832
630 878
630 984
631 677
631 725
631 822
631 847
631 858
632 675
632 916
632 965
633 889
634 668
634 696
634 699
634 940
634 977
635 735
635 829
635 866
635 876
635 903
635 905
635 913
635 968
636 809
636 821
636 971
637 658
637 693
637 730
637 740
637 747
637 885
638 660
638 689
638 714
638 755
638 771
638 829
638 980
639 715
639 744
639 747
639 969
639 998
640 666
640 682
641 719
641 763
641 773
642 679
642 709
642 829
642 910
642 926
642 963
642 964
644 784
644 865
645 664
645 679
645 839
645 895
645 902
646 770
646 805
646 838
647 795
647 993
647 999
648 689
649 656
649 669
649 710
649 771
649 856
649 921
649 922
649 982
650 803
650 900
651 739
651 910
652 692
652 808
653 727
653 759
653 795
654 666
654 769
654 770
654 910
655 755
655 958
655 965
656 773
656 883
656 916
656 947
657 667
657 706
657 759
657 849
657 895
657 927
658 703
658 729
658 910
658 919
659 663
659 676
659 682
659 836
659 855
659 897
659 911
659 983
659 998
660 674
660 707
660 735
660 738
660 845
660 972
661 698
661 908
662 773
662 789
662 865
663 681
663 739
663 910
663 931
663 952
664 808
664 813
665 916
665 942
665 968
666 787
666 802
666 811
667 831
667 833
667 987
668 756
668 807
668 952
669 892
669 992
670 780
670 848
670 854
670 888
670 899
671 682
671 765
671 769
672 726
672 778
673 699
673 709
673 846
674 690
674 767
674 894
675 885
676 737
676 820
676 916
676 950
677 706
677 841
677 952
678 728
678 820
678 856
678 923
679 957
679 975
680 788
680 881
681 719
681 740
681 766
681 896
682 748
682 766
682 924
683 698
683 769
683 890
683 977
684 715
684 736
684 862
684 881
684 882
684 890
684 909
684 965
684 967
685 700
685 834
686 800
686 893
687 863
687 996
688 886
688 916
689 950
689 973
690 734
690 766
691 925
692 908
693 716
693 846
693 864
693 929
694 745
694 803
694 842
694 913
695 717
695 824
695 885
695 894
696 723
696 765
697 750
697 885
697 957
697 972
698 763
699 748
700 717
700 740
700 777
700 908
700 984
701 757
701 809
701 816
702 834
703 758
703 851
703 904
703 996
704 726
704 743
704 768
705 887
705 905
705 941
705 986
706 835
706 852
707 769
707 924
707 954
708 871
708 879
708 951
709 722
709 732
709 975
710 756
710 932
711 848
711 854
711 894
711 940
712 811
712 816
712 902
712 974
713 784
713 880
713 926
714 745
714 828
714 994
715 718
715 811
715 845
716 834
716 850
716 910
716 996
717 846
717 902
718 757
718 856
718 992
718 998
719 818
720 865
720 902
720 929
720 934
720 954
720 979
721 746
721 764
721 789
722 869
722 876
722 949
722 993
723 756
723 796
723 802
723 897
724 738
724 838
724 875
724 926
725 977
726 789
726 806
727 843
729 773
730 834
730 899
730 979
731 786
731 789
731 865
731 954
731 987
732 734
732 790
733 735
733 910
733 994
734 883
734 948
736 796
736 813
736 858
736 888
736 974
737 898
739 778
739 884
739 937
739 945
739 984
740 825
741 772
741 960
742 847
742 861
742 992
743 873
744 818
744 820
744 875
744 991
744 995
745 813
745 915
745 934
745 938
745 958
745 982
746 777
746 835
746 943
747 761
747 773
747 834
748 877
749 897
750 793
750 826
750 953
751 830
751 832
752 787
752 836
752 843
752 954
752 970
753 850
753 910
753 933
754 964
755 889
755 923
755 998
756 942
757 812
757 817
758 820
759 845
759 871
759 915
761 871
761 969
761 974
762 890
762 945
763 890
763 911
763 938
763 964
764 791
764 810
764 871
765 822
765 904
766 882
767 869
767 897
767 900
767 914
767 992
767 998
768 812
768 861
769 834
769 885
770 850
770 889
771 869
772 839
772 844
772 975
773 802
773 902
773 980
774 854
774 903
775 874
776 829
776 908
776 931
776 948
776 963
776 988
777 957
778 926
778 994
779 838
779 880
780 885
780 906
781 791
781 877
782 972
783 789
783 807
783 920
783 936
784 855
785 867
785 945
786 795
787 814
787 937
787 958
788 857
788 928
788 978
788 986
789 878
789 996
790 875
790 933
790 983
790 991
791 855
791 972
792 898
793 886
793 943
794 805
794 949
795 812
795 830
795 964
796 891
797 828
797 833
798 924
798 973
799 939
800 837
800 903
800 984
801 802
801 832
802 816
802 845
802 929
803 965
803 981
804 875
804 951
805 976
806 812
806 834
806 925
806 942
807 854
808 846
808 849
808 896
809 963
810 835
810 943
811 830
811 898
811 935
811 956
812 816
812 845
812 846
812 981
813 827
813 910
813 942
813 966
813 985
814 889
815 850
816 824
817 908
817 927
818 880
818 949
818 995
819 872
819 896
819 939
819 980
820 921
821 844
821 894
822 867
822 970
822 985
823 873
823 899
823 935
825 868
825 870
825 960
825 993
828 918
828 939
829 999
830 851
830 894
831 950
832 945
832 993
833 842
833 855
833 858
835 842
835 859
835 866
835 905
837 977
838 978
838 983
838 998
839 868
839 948
843 856
844 979
846 922
846 991
847 910
847 934
847 951
848 999
849 851
850 942
851 988
852 876
852 963
853 894
853 915
854 923
854 969
856 932
857 936
858 862
858 875
858 926
859 875
859 990
860 927
860 957
862 913
862 917
862 983
863 945
864 889
864 912
864 963
866 880
868 955
868 973
870 991
872 886
872 918
874 880
874 893
874 903
875 981
876 973
876 978
877 970
877 996
878 891
878 989
879 893
879 969
879 978
879 995
881 973
882 894
883 910
884 902
884 961
885 994
886 980
887 895
887 979
887 998
888 928
888 957
889 946
889 960
890 957
891 969
891 999
893 940
894 990
897 918
897 930
897 985
899 998
901 947
901 980
903 930
904 940
905 932
906 925
907 935
908 941
908 945
908 961
910 969
911 969
913 987
914 995
915 996
917 987
917 997
919 941
919 946
919 974
920 940
921 979
924 928
924 946
930 953
931 954
931 976
931 983
931 994
937 953
940 975
941 949
943 957
945 992
945 996
946 976
946 996
947 993
950 975
950 978
952 965
952 972
953 969
954 972
956 966
967 998
973 997
974 976
976 993
