0
1000
6445
0
1
0
0 7
0 10
0 24
0 289
0 429
0 440
0 568
0 760
0 876
0 958
0 978
1 99
1 275
1 334
1 412
1 518
1 537
1 563
1 627
1 629
1 743
1 817
2 296
2 327
2 349
2 360
2 426
2 443
2 575
2 667
2 680
2 775
2 776
3 168
3 198
3 245
3 270
3 413
3 448
3 500
3 625
3 721
3 772
4 531
4 753
4 843
4 993
5 20
5 144
5 145
5 240
5 298
5 376
5 415
5 430
5 459
5 464
5 519
5 533
5 553
5 559
5 644
5 657
5 743
5 750
5 844
5 863
6 16
6 209
6 311
6 417
6 433
6 484
6 542
6 745
6 763
6 802
6 853
6 870
6 913
7 37
7 155
7 161
7 191
7 366
7 377
7 431
7 506
7 590
7 615
7 629
7 656
7 682
7 906
8 125
8 381
8 462
8 700
8 714
8 833
8 846
8 934
8 975
8 982
9 106
9 158
9 278
9 394
9 426
9 509
9 519
9 529
9 604
9 650
9 655
9 698
9 749
9 817
9 875
9 912
9 928
9 967
9 977
10 81
10 150
10 232
10 257
10 278
10 386
10 455
10 803
10 817
10 951
11 85
11 109
11 112
11 116
11 119
11 226
11 352
11 433
11 450
11 563
11 632
11 658
11 708
11 810
11 869
11 950
12 22
12 23
12 56
12 215
12 303
12 343
12 372
12 373
12 453
12 454
12 475
12 626
12 757
12 893
13 169
13 202
13 259
13 439
13 519
13 565
13 626
13 649
13 710
13 829
13 863
13 872
13 890
13 945
13 960
13 961
13 985
14 31
14 118
14 550
14 563
14 564
14 615
14 667
14 690
14 709
14 718
14 761
14 845
14 872
14 918
14 954
14 993
15 47
15 52
15 200
15 202
15 213
15 226
15 268
15 352
15 374
15 465
15 471
15 493
15 496
15 503
15 565
15 591
15 712
15 724
15 782
15 792
15 794
15 973
16 35
16 404
16 423
16 706
16 833
16 876
16 945
16 986
17 61
17 187
17 215
17 218
17 234
17 296
17 344
17 442
17 542
17 578
17 612
17 683
17 775
17 776
17 800
17 825
17 981
18 40
18 102
18 238
18 262
18 268
18 270
18 495
18 503
18 534
18 641
18 743
18 761
18 970
19 40
19 56
19 65
19 125
19 131
19 132
19 286
19 434
19 441
19 476
19 543
19 565
19 592
19 727
19 792
19 848
19 864
19 913
20 57
20 311
20 415
20 565
20 819
20 857
20 938
20 996
21 66
21 96
21 98
21 225
21 233
21 259
21 276
21 323
21 344
21 723
21 858
21 882
21 996
22 66
22 124
22 137
22 309
22 398
22 425
22 632
22 636
22 661
22 785
22 843
23 59
23 96
23 120
23 147
23 172
23 191
23 192
23 248
23 337
23 448
23 820
23 948
23 963
24 136
24 177
24 233
24 519
24 549
24 569
24 733
24 782
24 825
24 901
25 28
25 78
25 120
25 132
25 258
25 353
25 448
25 464
25 624
25 803
25 934
25 999
26 36
26 80
26 321
26 372
26 409
26 415
26 465
26 543
26 577
26 710
26 773
26 785
26 790
26 995
27 45
27 156
27 181
27 254
27 322
27 389
27 607
27 612
27 642
27 668
27 698
27 723
27 784
27 794
27 819
27 862
27 961
28 96
28 109
28 218
28 305
28 328
28 415
28 499
28 555
28 685
28 776
28 830
29 59
29 177
29 267
29 295
29 298
29 399
29 461
29 542
29 571
29 630
29 697
29 714
29 733
29 857
29 916
29 931
30 105
30 253
30 273
30 309
30 415
30 541
30 559
30 562
30 598
30 702
30 786
30 832
30 870
30 907
30 930
30 986
30 994
30 999
31 45
31 83
31 174
31 244
31 387
31 408
31 512
31 531
31 642
31 688
31 738
31 792
31 968
32 138
32 295
32 570
32 587
32 807
32 819
32 854
32 865
32 878
32 987
33 39
33 199
33 208
33 227
33 314
33 327
33 439
33 479
33 524
33 542
33 653
33 714
33 761
33 778
33 795
33 902
34 123
34 393
34 432
34 585
34 894
34 900
35 37
35 53
35 99
35 209
35 231
35 527
35 612
35 788
35 971
36 81
36 92
36 95
36 135
36 191
36 249
36 393
36 517
36 579
36 736
36 823
37 113
37 158
37 165
37 169
37 210
37 254
37 423
37 552
37 595
37 640
37 649
37 678
37 683
37 788
37 811
37 919
37 950
38 63
38 68
38 85
38 134
38 154
38 171
38 186
38 216
38 251
38 295
38 372
38 373
38 443
38 462
38 511
38 524
38 557
38 649
38 875
38 951
38 980
39 51
39 69
39 83
39 97
39 104
39 148
39 209
39 218
39 368
39 378
39 557
39 704
39 738
39 824
39 838
39 919
39 953
40 89
40 136
40 303
40 540
40 579
40 591
40 604
40 606
40 644
40 843
40 849
40 890
40 922
40 996
41 144
41 168
41 226
41 273
41 642
41 683
41 780
41 872
41 953
42 125
42 339
42 484
42 547
42 598
42 604
42 617
42 673
42 748
42 759
43 60
43 64
43 71
43 212
43 227
43 424
43 500
43 616
43 628
43 697
43 758
43 791
43 810
43 872
43 935
43 939
44 62
44 527
44 539
44 709
44 785
44 814
44 827
44 856
44 941
45 125
45 137
45 260
45 288
45 430
45 487
45 488
45 492
45 511
45 542
45 546
45 624
45 687
45 727
45 732
45 824
46 81
46 227
46 237
46 279
46 286
46 374
46 474
46 648
46 688
46 759
46 854
46 857
47 67
47 78
47 176
47 197
47 307
47 318
47 369
47 388
47 391
47 460
47 654
47 670
47 751
47 794
47 808
47 812
47 885
47 919
47 925
47 933
47 967
48 73
48 216
48 412
48 421
48 607
48 739
48 777
48 807
48 833
48 882
49 89
49 150
49 244
49 262
49 263
49 334
49 372
49 384
49 485
49 489
49 494
49 510
49 566
49 716
50 77
50 104
50 206
50 247
50 257
50 275
50 278
50 287
50 583
50 616
50 629
50 870
50 891
51 434
51 455
51 457
51 632
51 641
51 704
51 757
51 938
52 136
52 263
52 267
52 323
52 325
52 410
52 426
52 431
52 448
52 491
52 565
52 619
52 623
52 708
52 735
52 883
52 939
52 999
53 198
53 726
53 846
53 952
53 995
54 67
54 99
54 103
54 197
54 240
54 274
54 294
54 321
54 337
54 384
54 434
54 472
54 474
54 624
54 706
54 800
54 902
54 954
54 999
55 69
55 210
55 220
55 367
55 380
55 421
55 475
55 498
55 600
55 602
55 623
55 664
55 713
55 792
55 949
56 85
56 100
56 371
56 543
56 673
56 715
56 934
56 985
56 990
57 98
57 396
57 450
57 463
57 531
57 547
57 674
57 846
57 878
58 197
58 351
58 430
58 465
58 509
58 668
58 705
58 831
58 931
59 226
59 273
59 303
59 434
59 461
59 472
59 475
59 578
59 762
59 775
59 780
59 785
59 856
59 986
60 120
60 209
60 278
60 285
60 298
60 487
60 537
60 674
60 680
60 889
60 944
60 968
61 88
61 153
61 176
61 349
61 449
61 505
61 532
61 569
61 661
61 748
61 933
62 89
62 91
62 261
62 280
62 471
62 485
62 542
62 548
62 637
62 717
62 722
62 742
62 812
62 864
62 872
63 118
63 294
63 338
63 349
63 362
63 390
63 393
63 449
63 459
63 486
63 526
63 580
63 582
63 604
63 627
63 629
63 704
64 66
64 186
64 246
64 392
64 421
64 445
64 452
64 460
64 498
64 588
64 809
64 867
64 886
64 996
65 110
65 143
65 326
65 473
65 475
65 515
65 538
65 598
65 613
65 662
65 748
65 851
65 929
66 81
66 133
66 342
66 389
66 394
66 521
66 522
66 690
66 700
66 746
66 877
66 884
66 976
67 121
67 141
67 171
67 184
67 418
67 476
67 498
67 505
67 624
67 659
67 698
67 707
67 807
67 815
67 825
67 878
68 101
68 114
68 233
68 487
68 818
68 841
68 879
68 925
69 106
69 448
69 499
69 505
69 799
70 149
70 236
70 271
70 287
70 428
70 448
70 610
70 830
70 858
70 893
70 959
70 978
71 80
71 135
71 296
71 307
71 383
71 453
71 473
71 659
71 670
71 717
71 865
71 874
72 136
72 149
72 172
72 212
72 351
72 372
72 417
72 670
72 685
72 719
72 747
72 792
72 883
72 888
72 975
73 81
73 106
73 215
73 217
73 332
73 346
73 471
73 475
73 555
73 710
73 870
73 943
74 169
74 203
74 221
74 231
74 294
74 328
74 332
74 462
74 591
74 630
74 648
74 649
74 673
74 710
74 731
74 906
74 941
75 90
75 292
75 304
75 338
75 381
75 454
75 456
75 470
75 551
75 613
75 788
75 937
75 971
76 92
76 93
76 166
76 237
76 275
76 299
76 353
76 394
76 401
76 413
76 441
76 444
76 449
76 490
76 545
76 696
76 729
76 795
77 110
77 201
77 202
77 339
77 413
77 445
77 466
77 475
77 567
77 592
77 764
77 873
77 909
77 942
78 187
78 221
78 227
78 231
78 297
78 356
78 361
78 482
78 491
78 674
78 794
78 869
78 921
79 305
79 359
79 369
79 417
79 558
79 616
79 832
79 844
79 882
79 914
79 940
79 969
79 971
79 990
80 222
80 387
80 473
80 516
80 531
80 624
80 652
80 655
80 661
80 694
80 699
80 792
80 805
81 99
81 101
81 141
81 213
81 234
81 288
81 308
81 472
81 583
81 739
81 836
81 885
81 895
81 900
81 988
82 114
82 151
82 173
82 195
82 247
82 321
82 371
82 444
82 467
82 580
82 592
82 703
82 709
82 749
82 761
82 809
82 972
83 148
83 430
83 441
83 533
83 539
83 587
83 603
83 691
83 758
83 765
83 780
83 954
84 94
84 135
84 277
84 284
84 304
84 373
84 469
84 490
84 505
84 724
84 736
84 913
84 917
85 292
85 326
85 526
85 778
85 877
85 923
85 952
85 974
85 976
86 120
86 154
86 273
86 296
86 527
86 828
86 845
86 851
86 910
86 949
86 986
86 987
87 97
87 101
87 116
87 177
87 196
87 387
87 583
87 718
87 721
87 847
87 917
87 946
87 990
88 208
88 234
88 264
88 431
88 503
88 612
88 613
88 837
88 894
89 129
89 282
89 302
89 307
89 454
89 521
89 537
89 602
89 645
89 710
89 726
89 813
89 863
89 892
89 974
90 171
90 365
90 372
90 487
90 513
90 551
90 590
90 659
90 689
90 704
90 741
90 773
90 870
90 893
90 900
90 946
90 982
91 504
91 547
91 625
91 645
91 647
91 711
91 881
91 886
91 890
91 960
91 983
92 168
92 359
92 433
92 496
92 592
92 749
92 756
92 887
92 923
93 140
93 142
93 157
93 367
93 498
93 632
93 692
93 738
93 872
93 900
93 987
93 992
94 148
94 211
94 361
94 428
94 551
94 560
94 631
94 650
94 679
94 780
94 928
94 958
94 967
95 332
95 414
95 423
95 456
95 470
95 475
95 744
95 824
95 852
95 855
95 885
95 897
95 914
95 974
96 130
96 195
96 305
96 335
96 454
96 491
96 499
96 542
96 603
96 731
96 809
96 829
96 862
96 946
96 960
97 101
97 178
97 212
97 238
97 268
97 283
97 375
97 389
97 454
97 577
97 722
97 864
97 873
97 907
97 954
98 190
98 235
98 346
98 380
98 389
98 396
98 665
98 677
98 732
98 792
98 817
98 854
99 118
99 229
99 335
99 362
99 491
99 524
99 533
99 534
99 672
99 693
99 726
99 872
99 881
99 898
99 905
100 130
100 168
100 277
100 383
100 435
100 506
100 610
100 615
100 709
100 767
100 788
100 905
100 922
100 929
100 945
101 111
101 142
101 154
101 227
101 459
101 466
101 683
101 712
101 750
101 834
101 899
102 105
102 228
102 301
102 344
102 440
102 465
102 515
102 559
102 803
103 242
103 437
103 670
103 793
103 921
103 985
104 181
104 267
104 443
104 467
104 648
105 138
105 158
105 395
105 457
105 573
105 629
105 812
105 896
106 168
106 226
106 271
106 425
106 471
106 527
106 549
106 564
106 711
106 785
106 926
107 180
107 259
107 598
107 653
107 655
107 747
107 807
107 901
107 936
107 974
108 141
108 390
108 434
108 456
108 491
108 536
108 701
108 811
108 819
108 820
108 882
108 981
109 212
109 291
109 330
109 376
109 812
109 929
109 985
110 113
110 131
110 487
110 574
110 598
110 661
110 785
110 827
110 925
111 247
111 581
111 644
111 721
111 864
111 905
111 909
111 913
111 987
112 129
112 141
112 265
112 420
112 476
112 579
112 581
112 594
112 601
112 631
112 715
112 752
112 920
112 927
112 934
112 943
112 982
113 332
113 398
113 557
113 610
113 639
113 770
113 819
114 293
114 363
114 559
114 570
114 617
114 699
114 702
114 743
114 926
114 933
114 949
114 996
115 199
115 300
115 530
115 698
115 775
115 825
115 969
116 486
116 529
116 531
116 620
116 660
116 732
116 775
116 811
116 820
116 850
116 898
116 932
116 967
116 985
117 122
117 307
117 324
117 440
117 474
117 480
117 512
117 575
117 580
117 622
117 642
117 754
117 786
117 788
117 860
118 121
118 218
118 226
118 275
118 321
118 439
118 621
118 640
118 698
118 788
118 883
118 936
118 958
119 187
119 282
119 330
119 688
119 849
119 879
119 888
119 928
120 133
120 270
120 497
120 531
120 809
120 931
120 966
121 202
121 270
121 351
121 370
121 423
121 473
121 483
121 484
121 627
121 926
121 979
122 137
122 156
122 294
122 316
122 354
122 543
122 567
122 602
122 724
122 732
122 899
122 901
122 914
122 969
123 238
123 258
123 272
123 337
123 339
123 537
123 578
123 588
123 632
123 795
123 919
123 945
124 164
124 201
124 498
124 554
124 660
124 691
124 842
124 977
125 150
125 169
125 193
125 337
125 347
125 379
125 767
125 782
125 794
125 805
125 908
126 373
126 376
126 407
126 528
126 595
126 920
127 213
127 220
127 245
127 315
127 319
127 429
127 471
127 497
127 501
127 719
127 805
127 862
127 873
127 944
128 188
128 232
128 234
128 306
128 351
128 378
128 450
128 682
128 701
128 738
128 801
128 985
129 217
129 220
129 323
129 364
129 419
129 449
129 532
129 543
129 666
129 729
129 749
129 762
129 774
129 832
129 862
129 868
129 953
129 967
129 971
130 151
130 179
130 291
130 355
130 357
130 446
130 452
130 530
130 540
130 604
130 615
130 739
130 824
130 894
130 933
130 993
131 223
131 497
131 548
131 663
131 745
131 752
131 801
131 851
132 257
132 351
132 364
132 601
132 634
132 699
132 795
132 812
132 821
133 143
133 401
133 446
133 470
133 471
133 568
133 612
133 639
133 889
133 992
134 221
134 442
134 469
134 666
134 680
134 721
134 781
134 831
134 833
135 140
135 214
135 243
135 298
135 330
135 398
135 498
135 553
135 675
135 729
135 769
135 811
135 870
135 947
136 166
136 180
136 233
136 297
136 354
136 571
136 647
136 731
136 755
136 779
136 784
136 797
136 854
136 970
137 153
137 234
137 348
137 395
137 589
137 596
137 616
137 680
137 790
137 884
137 890
137 910
137 948
138 216
138 444
138 493
138 604
138 645
138 673
138 676
138 754
138 776
138 803
138 811
138 960
139 145
139 161
139 363
139 519
139 531
139 624
139 695
139 848
140 185
140 191
140 360
140 517
140 618
140 717
140 735
140 791
140 867
140 925
140 973
140 981
141 151
141 154
141 228
141 315
141 333
141 353
141 789
141 819
141 876
141 897
141 961
142 184
142 224
142 233
142 254
142 359
142 467
142 484
142 568
142 632
142 633
142 659
142 692
142 704
142 798
143 149
143 254
143 326
143 344
143 357
143 371
143 458
143 541
143 580
143 595
143 600
143 665
143 840
143 855
143 884
143 901
143 970
143 986
144 165
144 248
144 284
144 517
144 607
144 771
144 851
144 870
144 887
144 943
145 150
145 179
145 218
145 235
145 398
145 446
145 462
145 829
145 894
145 971
146 148
146 278
146 461
146 577
146 581
146 667
146 724
146 817
146 839
146 891
146 899
146 906
146 987
147 227
147 346
147 499
147 526
147 642
147 651
147 814
147 890
148 197
148 270
148 280
148 342
148 348
148 356
148 374
148 437
148 480
148 501
148 505
148 798
148 924
149 233
149 340
149 387
149 606
149 732
149 867
149 873
150 155
150 244
150 435
150 707
150 748
150 868
150 869
150 896
150 900
150 911
151 166
151 323
151 355
151 370
151 407
151 490
151 505
151 566
151 734
151 778
151 782
151 793
151 846
151 852
151 869
151 876
152 243
152 347
152 471
152 540
152 568
152 571
152 678
152 763
152 769
152 776
152 909
152 914
153 155
153 288
153 311
153 354
153 383
153 465
153 558
153 725
153 845
153 875
154 165
154 168
154 317
154 336
154 350
154 405
154 571
154 675
154 714
154 899
154 959
154 989
155 222
155 330
155 406
155 463
155 486
155 717
155 748
155 751
155 900
155 911
156 607
156 633
156 901
156 946
157 242
157 277
157 469
157 521
157 598
157 667
157 705
157 717
157 726
157 741
157 845
157 910
157 918
157 959
157 982
158 216
158 231
158 243
158 258
158 310
158 549
158 554
158 583
158 728
158 734
158 889
158 961
158 965
159 168
159 248
159 272
159 273
159 385
159 391
159 521
159 526
159 625
159 691
159 742
159 878
159 918
160 183
160 210
160 606
160 680
160 809
160 863
160 945
160 974
161 213
161 228
161 246
161 410
161 413
161 525
161 632
161 756
161 801
161 810
161 953
162 287
162 579
162 637
162 733
162 921
162 931
162 963
163 216
163 235
163 328
163 354
163 516
163 752
163 789
164 200
164 210
164 246
164 332
164 422
164 537
164 622
164 638
164 676
164 785
164 860
164 866
165 200
165 210
165 227
165 271
165 302
165 613
165 848
165 856
165 870
165 906
165 923
166 300
166 313
166 352
166 428
166 455
166 460
166 476
166 478
166 575
166 832
166 845
166 910
166 969
167 170
167 269
167 322
167 419
167 444
167 537
167 570
167 821
167 863
167 986
167 991
168 309
168 421
168 437
168 499
168 685
168 890
169 195
169 308
169 442
169 479
169 504
169 625
169 680
169 701
169 754
169 857
169 878
169 886
169 981
170 293
170 302
170 311
170 610
170 621
170 703
170 708
170 757
170 918
171 251
171 445
171 477
171 677
171 756
171 779
171 785
171 827
171 833
171 879
171 890
171 942
172 355
172 401
172 597
172 658
172 696
172 855
172 972
173 225
173 262
173 288
173 415
173 446
173 490
173 499
173 545
173 562
173 614
173 783
173 987
174 178
174 202
174 269
174 476
174 504
174 628
174 697
175 234
175 367
175 456
175 471
175 609
175 844
175 905
175 974
176 188
176 228
176 376
176 431
176 477
176 610
176 623
176 650
176 753
176 773
177 347
177 351
177 540
177 563
177 616
177 681
177 886
177 938
178 229
178 484
178 526
178 600
178 626
178 663
178 682
178 769
178 897
179 191
179 539
179 569
179 635
179 644
179 685
179 751
179 780
179 793
179 800
179 891
179 974
180 384
180 389
180 652
180 747
180 793
180 808
180 840
181 230
181 330
181 431
181 438
181 507
181 570
181 572
181 616
181 646
181 827
181 837
181 921
182 259
182 417
182 679
182 967
183 197
183 269
183 271
183 290
183 310
183 334
183 453
183 483
183 516
183 595
183 625
183 642
183 669
183 802
183 841
184 226
184 291
184 400
184 478
184 500
184 532
184 690
184 785
185 206
185 499
185 602
185 689
185 813
185 900
185 942
185 965
186 224
186 318
186 473
186 585
186 602
186 634
186 648
186 678
186 825
186 882
186 914
187 229
187 296
187 317
187 499
187 585
187 673
187 710
187 711
187 744
187 791
187 831
187 837
187 902
187 944
187 986
188 263
188 321
188 353
188 465
188 516
188 632
188 713
188 801
189 254
189 266
189 395
189 453
189 503
189 589
189 608
189 690
189 733
189 765
189 783
189 852
189 925
189 953
190 392
190 665
190 717
190 882
190 980
190 995
191 230
191 238
191 280
191 313
191 358
191 367
191 451
191 704
191 725
191 726
191 734
191 743
191 768
191 943
191 954
192 281
192 289
192 468
192 548
192 837
192 977
192 993
193 213
193 259
193 356
193 394
193 414
193 449
193 518
193 695
193 737
193 754
193 819
193 962
193 982
194 237
194 433
194 438
194 727
194 803
194 851
194 864
194 897
194 914
195 253
195 277
195 402
195 415
195 418
195 547
195 619
195 744
195 792
195 819
196 220
196 308
196 328
196 435
196 464
196 575
196 678
196 844
197 254
197 323
197 497
197 506
197 507
197 508
197 529
197 556
197 590
197 623
197 705
197 718
197 720
197 914
197 918
197 950
198 251
198 322
198 418
198 700
198 832
198 846
198 945
198 993
199 219
199 297
199 303
199 342
199 402
199 453
199 546
199 640
199 769
199 885
199 995
200 221
200 227
200 291
200 317
200 358
200 391
200 456
200 533
200 543
200 596
200 843
200 899
200 901
200 914
200 996
201 430
201 553
201 606
201 724
201 797
201 814
201 848
201 893
201 913
202 213
202 214
202 249
202 323
202 409
202 444
202 574
202 621
202 671
202 678
202 719
202 812
202 817
202 863
202 916
202 926
202 950
202 995
203 257
203 305
203 349
203 406
203 619
203 867
203 883
203 923
203 932
203 945
204 213
204 506
204 576
204 661
204 771
204 864
204 869
204 958
204 982
205 236
205 297
205 358
205 440
205 476
205 513
205 708
205 730
205 969
206 227
206 242
206 291
206 319
206 322
206 367
206 579
206 680
206 764
206 790
206 829
206 838
206 907
206 938
206 976
206 992
207 387
207 462
207 503
207 532
207 556
207 563
207 601
207 605
207 619
207 627
207 738
207 758
207 918
207 971
208 214
208 315
208 353
208 365
208 417
208 421
208 438
208 562
208 613
208 809
208 834
208 913
208 926
209 231
209 438
209 753
210 276
210 386
210 440
210 467
210 476
210 612
210 639
210 653
210 842
211 436
211 454
211 513
211 524
211 556
211 628
211 887
211 932
212 302
212 306
212 414
212 472
212 500
212 547
212 625
212 751
212 989
212 995
213 351
213 365
213 430
213 441
213 780
213 822
213 923
214 357
214 460
214 485
214 486
214 618
214 698
214 770
214 809
214 898
214 943
215 231
215 235
215 374
215 640
215 707
215 847
216 264
216 279
216 307
216 310
216 311
216 463
216 471
216 514
216 670
216 738
216 864
216 936
217 270
217 319
217 408
217 602
217 623
217 835
217 866
218 254
218 304
218 435
218 557
218 770
218 825
218 836
218 964
219 274
219 376
219 393
219 652
219 871
219 994
220 265
220 306
220 513
220 527
220 554
220 646
220 676
220 775
220 827
220 842
221 324
221 326
221 378
221 430
221 440
221 451
221 692
221 710
221 969
221 973
221 989
222 231
222 324
222 341
222 392
222 449
222 450
222 592
222 706
222 983
223 227
223 277
223 370
223 507
223 698
223 763
223 830
223 890
223 912
223 956
223 960
224 432
224 516
224 519
224 541
224 554
224 592
224 649
224 684
224 715
224 731
224 754
225 238
225 266
225 269
225 307
225 384
225 489
225 546
225 574
225 676
225 718
225 747
225 799
225 824
226 319
226 355
226 441
226 592
226 628
226 779
226 896
226 960
226 984
227 375
227 388
227 438
227 458
227 520
227 838
228 229
228 234
228 241
228 397
228 399
228 474
228 503
228 572
228 577
228 592
228 610
228 693
228 802
228 820
229 398
229 642
229 807
229 930
229 961
229 969
230 501
230 569
230 732
230 733
230 816
231 344
231 398
231 403
231 530
231 768
231 863
232 266
232 364
232 417
232 454
232 457
232 529
232 690
232 705
232 761
232 802
232 822
232 944
232 981
233 241
233 269
233 317
233 368
233 506
233 626
233 670
233 777
234 313
234 341
234 344
234 430
234 483
234 706
234 717
234 778
234 782
235 248
235 384
235 403
235 470
235 502
235 512
235 642
235 798
235 892
235 912
235 935
235 961
235 994
236 303
236 319
236 453
236 622
236 645
236 713
236 766
236 807
236 903
236 945
237 343
237 412
237 554
237 923
237 960
238 241
238 311
238 334
238 400
238 573
238 780
238 843
238 927
238 995
239 295
239 348
239 414
239 560
239 645
239 716
239 762
239 923
239 959
240 290
240 435
240 454
240 496
240 566
240 610
240 707
240 857
240 958
240 964
241 294
241 381
241 397
241 401
241 517
241 533
241 609
241 718
241 734
241 819
241 893
241 983
242 401
242 584
242 646
242 758
242 831
243 325
243 448
243 882
243 892
243 985
244 284
244 385
244 432
244 453
244 656
244 731
244 735
244 784
244 876
244 883
244 965
245 296
245 427
245 475
245 481
245 597
245 940
246 253
246 306
246 412
246 436
246 469
246 525
246 639
246 648
246 677
246 686
246 938
246 998
247 290
247 435
247 579
247 640
247 768
247 899
247 907
247 968
248 316
248 411
248 569
248 815
248 860
248 865
248 874
248 917
248 957
248 961
249 303
249 446
249 454
249 520
249 623
249 668
249 694
249 916
249 942
250 371
250 419
250 426
250 606
250 752
250 918
250 987
251 328
251 371
251 408
251 421
251 535
251 752
251 801
251 841
251 862
251 942
251 987
252 268
252 345
252 346
252 393
252 402
252 419
252 436
252 517
252 549
252 643
252 790
252 863
252 865
252 980
253 263
253 546
253 565
253 631
253 638
253 694
253 732
253 759
253 819
253 895
254 504
254 615
254 628
254 661
254 744
254 824
254 825
254 837
254 924
255 430
255 453
255 463
255 583
255 599
255 603
255 636
255 657
255 800
255 929
255 996
256 416
256 447
256 478
256 655
256 677
256 946
257 468
257 583
257 630
257 708
257 723
257 732
257 955
257 997
258 610
258 617
258 767
258 807
258 852
258 935
259 350
259 358
259 527
259 613
259 617
259 654
259 660
259 674
259 891
259 974
260 286
260 661
260 846
260 977
261 287
261 420
261 447
261 491
261 742
261 801
261 841
261 843
261 870
261 888
261 910
262 419
262 524
262 707
262 734
262 797
263 319
263 481
263 618
263 635
263 636
263 768
263 829
264 287
264 405
264 414
264 481
264 487
264 634
264 660
264 771
264 786
264 791
264 826
264 841
264 846
264 881
264 889
265 374
265 387
265 440
265 509
265 609
265 646
265 652
265 711
265 728
265 791
265 856
265 876
265 920
265 933
266 330
266 415
266 424
266 445
266 500
266 548
266 665
266 689
266 724
266 765
266 807
266 822
266 886
266 923
266 935
267 293
267 308
267 365
267 434
267 572
267 587
267 642
267 721
267 723
267 750
267 778
267 793
267 913
267 991
268 306
268 372
268 411
268 564
268 585
268 744
268 781
268 792
268 813
268 821
268 887
268 947
268 962
268 995
269 418
269 542
269 575
269 590
269 616
269 638
269 721
269 724
269 779
269 791
269 813
269 827
269 839
270 398
270 574
270 583
270 730
270 806
270 817
270 914
270 938
270 962
271 283
271 431
271 451
271 691
271 703
271 843
272 353
272 508
272 640
273 309
273 353
273 362
273 415
273 617
273 671
273 693
273 701
273 728
273 867
273 887
273 929
273 976
274 319
274 365
274 663
275 350
275 411
275 752
275 777
275 854
275 946
275 955
276 383
276 508
276 604
276 622
276 672
276 695
276 750
277 365
277 604
277 717
277 750
277 850
278 381
278 403
278 490
278 497
278 535
278 615
278 637
278 672
278 684
278 718
278 905
278 933
278 937
278 996
279 367
279 369
279 405
279 407
279 422
279 483
279 531
279 725
279 790
279 820
279 937
279 964
280 288
280 412
280 417
280 529
280 576
280 684
280 728
280 786
280 820
280 827
280 910
280 979
281 313
281 315
281 473
281 503
281 566
281 613
281 649
281 680
281 695
281 781
281 816
281 862
282 301
282 367
282 532
282 564
282 630
282 694
282 701
282 706
282 776
282 804
283 479
283 584
283 602
283 718
283 748
283 789
283 824
283 898
283 941
284 294
284 381
284 383
284 413
284 441
284 446
284 648
284 705
284 733
284 736
284 893
285 402
285 838
285 858
286 292
286 345
286 354
286 420
286 523
286 549
286 563
286 621
286 655
286 684
286 730
286 842
286 940
286 975
287 310
287 366
287 555
287 568
287 594
287 670
287 679
287 722
287 794
287 877
287 921
287 937
287 975
287 992
287 996
288 359
288 428
288 539
288 569
288 577
288 749
288 826
288 972
289 324
289 365
289 460
289 470
289 663
289 678
289 694
290 363
290 449
290 499
290 512
290 539
290 546
290 666
290 670
290 789
290 912
290 924
290 987
291 377
291 404
291 436
291 453
291 512
291 542
291 716
291 804
292 343
292 419
292 692
292 747
292 807
292 825
293 297
293 379
293 610
293 626
293 718
293 743
293 969
294 305
294 466
294 513
294 684
294 685
294 769
294 900
294 918
294 930
294 981
295 300
295 471
295 530
295 809
295 816
295 861
295 903
295 999
296 403
296 430
296 437
296 515
296 618
296 636
296 705
296 791
297 332
297 413
297 481
297 506
297 649
297 828
297 964
298 299
298 365
298 465
298 577
298 627
298 631
298 751
298 778
298 877
298 939
298 978
299 333
299 361
299 364
299 366
299 488
299 648
299 722
299 754
299 913
299 926
299 959
300 314
300 319
300 330
300 373
300 413
300 498
300 554
300 751
300 944
300 991
301 445
301 522
301 577
301 624
301 732
301 774
301 838
301 932
302 330
302 337
302 488
302 520
302 580
302 606
302 725
302 891
302 902
302 923
303 401
303 422
303 483
303 499
303 545
303 601
303 650
303 926
303 981
304 432
304 498
304 610
304 672
304 705
304 738
305 426
305 581
305 754
305 768
305 801
305 847
305 887
305 956
305 978
305 994
306 358
306 372
306 414
306 431
306 606
306 818
306 890
306 964
307 315
307 374
307 400
307 418
307 561
307 591
307 595
307 663
307 693
307 757
307 773
307 888
307 939
308 569
308 917
308 937
309 371
309 529
309 587
309 635
309 693
309 737
309 746
309 758
309 801
309 832
309 850
309 876
309 975
309 997
310 365
310 387
310 431
310 457
310 460
310 547
310 566
310 582
310 594
310 938
310 941
311 322
311 391
311 459
311 605
311 620
311 634
311 660
311 836
311 904
311 921
311 936
312 525
312 562
312 594
312 604
312 712
312 886
313 470
313 495
313 571
313 647
313 652
313 890
313 921
314 343
314 400
314 439
314 649
314 688
314 764
314 829
314 960
314 992
315 519
315 556
315 568
315 574
315 688
315 807
315 811
315 872
316 427
316 449
316 556
316 606
316 609
316 661
316 735
316 745
316 825
316 832
316 858
316 922
316 942
317 448
317 459
317 614
317 658
317 678
317 829
317 912
317 921
318 395
318 400
318 436
318 446
318 525
318 642
318 983
319 326
319 372
319 482
319 492
319 496
319 519
319 564
319 682
319 701
319 743
319 749
320 362
320 406
320 608
320 685
320 748
320 870
321 352
321 401
321 470
321 571
321 660
321 684
321 773
321 784
321 788
321 819
321 869
321 882
321 921
321 931
321 938
321 942
321 982
322 347
322 428
322 577
322 810
322 863
322 961
323 369
323 451
323 466
323 484
323 510
323 584
323 652
323 840
323 876
323 946
324 379
324 403
324 438
324 485
324 783
324 865
324 964
325 433
325 453
325 594
325 659
325 663
325 709
325 842
325 985
326 355
326 446
326 507
326 517
326 702
326 733
326 812
326 927
326 942
326 962
327 405
327 618
327 661
327 695
327 750
327 852
328 412
328 436
328 530
328 572
328 595
328 637
328 638
328 672
328 757
328 764
328 786
328 851
328 881
328 888
329 333
329 366
329 367
329 374
329 597
329 613
329 653
329 743
329 821
329 838
330 429
330 508
330 597
330 683
330 856
330 885
330 893
331 348
331 401
331 494
331 510
331 566
331 686
331 977
332 436
332 477
332 504
332 582
332 618
332 765
332 903
332 939
332 957
332 964
333 374
333 478
333 502
333 584
333 637
334 357
334 460
334 466
334 633
334 702
334 767
334 855
335 508
335 513
335 567
335 609
335 627
335 655
335 665
336 614
336 659
336 709
336 712
336 825
336 967
337 361
337 577
337 677
337 688
337 707
337 725
337 766
337 790
337 939
338 345
338 348
338 723
338 772
338 797
338 826
338 834
338 940
338 979
338 999
339 349
339 373
339 414
339 438
339 452
339 466
339 469
339 470
339 479
339 548
339 588
339 635
339 796
339 835
339 854
339 978
340 448
340 690
340 709
340 712
340 744
340 763
340 837
340 858
340 948
341 413
341 433
341 493
341 622
341 644
341 798
341 836
341 919
341 950
341 994
342 353
342 425
342 487
342 514
342 712
342 762
342 769
342 783
342 924
342 997
342 998
343 401
343 436
343 770
343 867
344 482
344 523
344 768
344 782
345 473
345 521
345 559
345 628
345 667
345 672
345 854
345 907
345 913
346 386
346 411
346 599
346 727
346 846
346 999
347 367
347 415
347 455
347 540
347 559
347 644
347 657
347 662
347 814
347 965
348 498
348 523
348 627
348 656
348 686
348 693
348 702
348 730
348 733
348 769
348 806
348 841
348 948
349 462
349 529
349 551
349 555
349 589
349 753
349 800
349 804
349 844
349 858
349 959
350 401
350 553
350 559
350 785
350 805
350 896
350 999
351 455
351 475
351 507
351 553
351 651
351 856
351 875
351 937
351 957
351 969
352 508
352 634
352 650
352 675
352 812
352 835
352 836
352 938
353 357
353 441
353 503
353 540
353 654
353 819
353 895
353 942
353 951
354 433
354 508
354 544
354 564
354 681
354 876
355 472
355 641
355 667
355 707
355 829
355 863
355 938
356 417
356 614
356 630
356 756
356 825
356 988
357 380
357 390
357 503
357 566
357 640
357 648
357 653
357 826
357 883
357 969
358 376
358 444
358 451
358 499
358 528
358 533
358 553
358 636
358 899
358 907
358 915
358 975
359 427
359 498
359 514
359 743
359 867
359 872
359 940
360 375
360 412
360 497
360 527
360 572
360 624
360 721
360 754
360 770
360 800
360 858
360 908
360 935
360 964
361 614
361 677
361 823
362 468
362 704
362 814
362 831
362 840
362 912
362 914
363 531
363 739
363 751
363 789
363 804
363 861
363 953
363 982
364 511
364 532
364 560
364 724
364 729
364 779
364 806
364 893
365 597
365 604
366 548
366 576
366 588
366 602
366 613
366 934
367 381
367 426
367 439
367 547
367 660
367 726
367 829
367 859
367 929
368 573
368 574
368 580
368 584
368 624
368 632
368 686
368 713
368 781
368 788
368 793
368 849
368 882
368 919
368 931
368 989
369 414
369 420
369 421
369 697
369 719
369 779
369 874
370 384
370 407
370 417
370 456
370 508
370 529
370 578
370 591
370 708
370 813
370 868
370 916
370 988
371 454
371 593
371 609
371 684
371 719
371 725
371 834
371 861
371 863
371 888
372 453
372 600
372 620
372 625
372 659
372 727
372 945
372 948
372 949
372 985
373 416
373 447
373 477
373 537
373 587
373 605
373 610
373 869
373 894
373 935
374 543
374 648
374 662
374 705
374 825
374 839
374 899
374 928
374 936
375 410
375 432
375 549
375 568
375 634
375 775
375 897
375 952
375 954
376 443
376 519
376 540
376 688
376 689
376 714
376 965
377 418
377 490
377 517
377 532
377 626
377 667
377 766
377 830
377 852
378 394
378 476
378 551
378 573
378 587
378 742
378 826
378 946
379 497
379 572
379 681
379 787
379 790
379 911
380 406
380 459
380 481
380 601
380 664
380 705
380 733
380 754
380 760
380 937
380 992
380 994
381 459
381 460
381 465
381 604
381 731
381 735
381 791
381 854
382 383
382 384
382 445
382 449
382 497
382 508
382 674
382 680
382 742
382 865
382 871
382 890
382 917
383 408
383 419
383 420
383 511
383 694
383 706
383 813
383 913
384 400
384 490
384 508
384 551
384 622
384 684
384 727
384 765
384 769
384 851
384 863
384 972
384 978
384 985
385 497
385 521
385 525
385 528
385 574
385 610
385 734
385 736
385 818
386 438
386 445
386 572
386 617
386 696
386 872
386 935
387 583
387 606
387 656
387 794
387 877
388 390
388 397
388 453
388 489
388 501
388 508
388 667
388 671
388 773
388 817
388 854
388 951
388 977
388 982
389 483
389 503
389 703
389 816
389 869
389 944
390 418
390 518
390 569
390 605
390 705
390 747
390 795
391 458
391 531
391 568
391 665
391 688
391 830
391 980
391 990
392 430
392 475
392 498
392 596
392 613
392 633
392 864
392 890
393 456
393 590
393 737
393 745
393 783
393 814
393 820
393 867
393 888
393 931
394 580
394 589
394 693
394 699
394 700
394 810
394 833
394 899
394 937
394 943
395 439
395 441
395 976
395 986
396 404
396 497
396 499
396 517
396 585
396 625
396 678
396 776
396 790
396 986
397 544
397 561
397 617
397 737
397 738
397 794
397 864
397 874
398 423
398 431
398 519
398 526
398 604
398 828
398 875
398 911
398 946
398 953
398 972
398 976
399 479
399 503
399 591
399 654
399 724
399 765
399 961
399 973
400 453
400 529
400 592
400 634
400 653
400 686
400 779
400 810
401 413
401 423
401 429
401 528
401 617
401 634
401 680
401 917
402 496
402 543
402 692
402 758
402 771
402 857
402 874
402 891
403 434
403 675
403 758
403 873
403 914
404 603
404 627
404 679
404 746
404 757
404 853
404 876
404 884
404 936
404 960
405 466
405 558
405 614
405 627
405 726
405 820
405 829
406 415
406 424
406 535
406 623
406 700
406 714
406 718
406 780
406 813
407 460
407 580
407 597
407 627
407 664
407 719
407 819
407 911
408 521
408 647
408 677
408 915
409 460
409 511
409 622
409 813
409 835
410 507
410 558
410 623
410 692
410 769
410 801
410 844
411 435
411 479
411 481
411 534
411 667
411 738
411 825
411 830
411 836
411 907
411 950
412 418
412 433
412 454
412 458
412 584
412 636
412 644
412 696
412 744
412 784
412 966
412 990
413 417
413 441
413 471
413 651
413 665
413 741
413 809
413 861
413 910
414 506
414 567
414 582
414 607
414 868
414 898
415 560
415 772
415 852
415 938
415 942
415 974
416 459
416 517
416 603
416 762
416 838
416 842
416 896
417 441
417 465
417 624
417 881
417 891
417 914
417 947
418 513
418 572
418 592
418 598
418 645
418 745
418 772
418 812
418 814
418 847
418 876
418 896
418 997
419 514
419 698
419 710
419 767
419 787
419 792
419 925
419 977
420 431
420 472
420 694
420 869
420 939
421 450
421 609
421 657
421 726
421 741
421 816
421 839
421 859
421 896
421 921
421 924
422 507
422 550
422 630
422 983
423 634
423 670
423 895
423 955
423 960
424 471
424 492
424 559
424 725
424 840
424 849
424 873
424 954
424 976
425 472
425 696
425 759
425 797
425 872
425 921
426 538
426 575
426 648
426 743
426 846
427 465
427 477
427 753
427 758
427 919
428 672
428 858
429 509
429 520
429 525
429 762
429 771
429 874
429 894
429 951
429 958
430 530
430 667
430 671
431 497
431 535
431 568
431 590
431 620
431 736
431 771
431 844
431 912
431 921
431 985
432 478
432 633
432 681
432 856
432 972
433 546
433 700
433 999
434 458
434 702
434 737
434 755
434 781
434 893
434 895
434 905
434 970
435 493
435 496
435 535
435 551
435 613
435 617
436 503
436 625
436 686
436 749
437 493
437 597
437 640
437 689
437 761
437 897
437 928
437 961
438 482
438 647
438 714
438 994
439 469
439 485
439 562
439 583
439 771
439 907
439 962
440 467
440 619
440 851
440 887
440 930
440 978
440 996
441 484
441 561
441 622
441 865
441 919
441 931
441 994
442 660
442 687
442 726
442 765
442 980
443 520
443 544
443 700
443 742
443 847
443 903
443 974
444 462
444 464
444 533
444 545
444 610
444 644
444 656
444 791
444 915
444 963
445 467
445 556
445 590
445 657
445 671
445 693
445 702
445 790
445 892
445 897
445 950
446 468
446 744
446 762
446 788
446 922
446 961
447 458
447 459
447 498
447 554
447 563
447 603
447 696
447 776
447 790
447 813
447 834
447 857
447 987
448 616
448 650
448 779
448 937
449 610
449 646
449 682
449 820
449 892
450 483
450 564
450 613
450 672
450 689
450 735
450 900
451 714
451 733
451 968
452 537
452 541
452 770
452 796
452 865
452 867
452 890
452 941
452 976
453 616
453 623
453 634
453 700
454 535
454 558
454 679
454 705
454 708
454 823
454 990
454 999
455 499
455 529
455 548
455 556
455 610
455 695
455 791
455 896
455 923
455 928
455 975
456 488
456 545
456 618
456 681
456 698
456 819
456 924
456 945
456 948
457 558
457 594
457 775
457 814
458 476
458 513
458 612
458 642
458 789
458 946
459 549
459 692
459 754
459 818
459 909
459 932
459 957
459 977
460 486
460 495
460 506
460 576
460 788
460 806
460 868
460 934
461 518
461 585
461 760
461 885
461 886
461 898
461 902
462 470
462 603
462 625
462 784
463 518
463 526
463 539
463 786
463 825
463 951
464 626
464 635
464 780
464 889
464 938
465 697
465 711
465 739
465 760
465 795
465 839
466 487
466 566
466 618
466 688
466 780
466 853
466 862
466 895
466 935
466 985
466 992
467 677
467 679
467 739
467 805
467 851
467 879
467 882
468 615
468 774
468 775
468 847
468 936
469 558
469 629
469 690
469 963
470 475
470 606
470 667
470 819
470 902
471 474
471 483
471 532
471 554
471 825
471 873
471 903
471 973
472 542
472 555
472 582
472 634
472 669
472 696
472 818
472 883
472 916
473 596
473 639
473 739
473 806
473 848
473 858
473 891
473 912
474 634
475 507
475 692
475 713
475 816
476 626
476 656
476 759
476 916
476 939
477 759
477 964
478 608
478 786
478 800
478 819
479 508
479 573
479 587
479 622
479 644
479 667
479 713
479 906
480 602
480 869
480 907
481 648
481 665
481 682
481 759
481 796
481 884
481 978
482 561
482 583
482 598
482 599
482 670
482 850
482 955
483 534
483 748
483 768
483 793
483 821
483 826
483 938
483 944
484 501
484 571
484 791
484 886
484 897
484 899
484 927
484 930
484 935
484 980
485 488
485 493
485 619
485 750
485 825
485 852
485 896
486 559
486 662
486 810
487 964
488 632
488 768
488 875
488 958
488 967
488 969
489 499
489 533
489 649
489 662
489 694
489 737
489 897
489 904
490 520
490 578
490 579
490 582
490 636
490 676
490 697
490 709
490 741
490 759
490 874
490 897
491 576
491 668
492 497
492 576
492 680
492 707
492 765
492 828
492 882
492 940
493 603
493 822
493 831
493 841
493 871
494 549
494 598
494 606
494 706
494 949
495 577
495 801
495 802
495 945
496 603
496 653
496 814
496 838
496 967
497 498
497 697
497 948
497 962
497 999
498 505
498 582
498 639
498 712
498 806
498 847
498 881
498 888
498 889
498 895
499 737
499 809
499 830
499 893
499 950
499 988
499 991
500 678
500 849
500 857
500 895
500 899
500 906
500 922
501 792
501 801
501 864
501 969
501 970
502 705
502 743
502 762
502 859
502 911
502 985
503 520
503 627
503 684
503 781
503 872
503 914
503 984
504 653
504 677
504 748
504 860
505 526
505 535
505 740
505 853
506 544
506 645
506 849
506 947
507 544
507 611
507 673
507 731
507 772
507 819
507 825
507 994
508 576
508 766
508 775
509 534
509 629
509 659
509 738
509 948
509 981
510 527
510 553
510 808
510 926
511 558
511 629
511 805
511 831
511 921
512 573
512 611
512 763
512 834
512 970
512 981
513 516
513 526
513 532
513 720
513 796
513 813
513 857
513 858
513 942
514 518
514 525
514 537
514 549
514 618
514 764
514 857
514 945
515 590
515 629
515 716
515 720
515 742
515 834
515 996
516 595
516 617
516 899
517 552
517 565
517 640
517 922
518 546
518 614
518 812
518 955
519 861
519 868
519 934
520 536
520 598
520 630
520 696
520 697
520 727
520 749
520 778
520 894
521 637
521 687
521 701
521 715
521 823
521 947
521 991
522 555
522 566
522 620
522 652
522 725
522 772
522 809
522 860
522 861
522 983
523 532
523 599
523 603
523 777
523 860
524 577
524 597
524 629
524 640
524 652
524 740
524 756
524 761
524 898
524 998
525 627
525 646
525 705
525 894
525 923
525 945
526 601
526 745
526 809
526 824
526 851
526 928
526 939
527 569
527 612
527 627
527 628
527 747
527 794
527 801
527 917
527 921
527 958
527 983
528 537
528 580
529 625
529 711
529 737
529 816
529 825
529 883
529 886
529 933
529 943
530 551
530 583
530 599
530 753
530 815
530 998
531 718
531 720
531 759
531 886
531 889
531 945
531 952
531 985
532 639
532 728
532 758
532 767
532 948
533 615
533 642
533 655
533 780
533 903
533 942
533 955
534 590
534 661
534 856
534 912
535 537
535 724
535 770
535 851
536 557
536 611
536 639
536 642
536 660
536 748
536 781
536 817
536 892
536 966
537 568
537 719
537 940
538 551
538 587
538 607
538 857
538 870
539 542
539 557
539 571
539 601
539 644
539 764
540 551
540 691
540 744
540 760
540 800
540 962
541 565
541 601
541 728
541 803
541 965
542 672
542 722
542 788
543 546
543 758
543 771
543 795
543 893
543 991
543 997
544 627
544 660
544 740
544 769
544 779
544 895
544 905
544 921
545 631
545 637
545 640
545 675
545 717
545 834
545 932
546 578
546 635
546 787
546 865
547 560
547 595
547 623
547 626
547 728
547 738
547 912
547 913
547 993
548 589
548 648
548 704
548 712
548 717
548 737
548 788
548 896
549 587
549 589
549 748
549 810
550 552
550 596
550 613
550 743
550 797
550 836
550 890
551 710
551 829
551 864
552 554
552 622
552 641
552 698
552 705
552 712
552 755
552 974
552 983
553 590
553 628
553 729
553 838
553 986
554 593
554 741
554 830
554 853
555 627
555 635
555 690
555 699
555 849
555 864
555 934
555 938
555 960
556 564
556 578
556 614
556 650
556 658
556 704
556 887
556 914
557 660
557 729
557 852
557 871
558 579
558 614
558 647
558 713
558 835
558 860
558 864
558 928
558 954
559 659
559 723
559 771
559 806
560 624
560 663
560 669
560 730
560 987
561 587
561 622
561 665
561 797
561 822
561 842
562 642
563 632
563 659
563 724
563 847
563 926
563 948
564 701
564 719
564 809
565 688
565 697
565 703
565 843
565 876
565 881
565 915
566 585
566 700
566 953
567 655
567 718
567 744
568 805
568 813
568 820
568 894
568 930
568 993
569 987
569 998
570 730
570 888
571 646
571 670
571 797
572 612
572 630
572 786
572 810
572 979
572 981
573 915
573 991
574 636
574 958
575 774
575 834
575 836
575 880
575 990
576 581
576 585
576 630
576 654
576 736
576 796
576 807
576 818
576 845
576 875
576 979
577 669
577 773
577 789
577 943
577 959
578 852
578 941
578 980
579 630
579 636
579 694
579 727
579 750
579 787
579 807
579 856
579 871
579 933
579 990
580 679
580 840
580 905
580 999
581 617
581 710
581 746
581 777
581 802
581 805
581 808
581 854
581 952
582 668
582 704
582 726
582 742
582 851
582 857
582 871
582 929
583 665
583 725
583 878
583 942
584 694
584 702
584 728
584 850
584 965
585 596
585 708
585 787
586 708
586 748
586 881
586 894
586 926
586 994
587 618
587 759
587 763
587 915
587 989
588 621
588 711
588 907
588 999
589 623
589 627
589 633
589 675
589 676
589 685
589 819
589 824
589 871
589 937
589 982
590 764
590 826
590 937
590 948
591 610
591 737
591 816
591 819
591 892
592 654
592 833
592 958
592 967
593 601
593 627
593 705
593 760
593 815
593 817
593 834
594 639
594 740
594 976
595 676
595 758
595 826
595 846
595 862
595 889
596 640
596 673
596 780
596 949
596 974
597 619
597 853
597 962
598 665
598 752
598 826
598 940
598 968
599 615
599 794
599 842
599 963
599 997
600 611
600 620
600 803
600 841
600 880
601 661
601 862
601 928
602 669
602 734
602 755
602 905
603 731
603 835
603 978
604 610
604 659
604 720
605 824
605 911
605 974
605 985
606 766
606 938
606 963
606 997
607 624
607 643
607 695
607 837
607 876
607 910
607 935
607 946
608 700
608 867
608 994
609 873
609 953
609 954
610 745
610 747
610 762
610 973
610 990
611 691
611 781
612 641
612 676
612 747
612 763
612 961
613 630
613 684
613 718
613 726
613 741
613 777
613 833
613 928
613 930
613 931
613 937
614 886
614 940
615 682
615 730
615 825
615 872
616 658
616 772
617 737
617 832
617 866
617 898
617 899
617 966
618 679
618 839
618 912
619 731
619 764
619 841
619 870
619 913
620 630
620 642
620 709
620 738
620 844
620 884
620 974
621 939
622 631
622 669
622 690
622 700
622 738
622 819
622 921
623 662
623 742
623 776
623 937
624 642
624 796
624 814
624 854
624 876
624 943
624 951
625 666
625 707
625 925
625 999
626 965
627 633
627 864
627 910
628 658
628 788
628 825
629 671
629 922
629 928
629 944
629 954
629 986
630 801
630 893
630 943
631 747
632 726
632 777
632 881
633 845
633 864
634 671
634 798
634 897
635 702
635 746
635 754
635 761
635 818
635 835
635 997
636 645
636 936
637 653
637 822
637 867
637 890
638 683
638 758
638 844
638 845
638 851
638 866
639 681
639 704
639 740
639 757
639 858
640 666
640 743
640 910
640 926
641 703
641 722
641 857
641 985
642 644
642 807
642 818
642 866
643 790
643 820
643 856
643 912
643 925
643 932
644 646
644 671
644 821
644 864
644 869
644 916
644 974
644 976
645 730
645 934
646 876
646 894
646 897
647 687
647 732
647 749
647 813
647 872
647 984
647 994
648 825
648 857
648 911
648 922
649 670
649 731
649 841
649 939
649 966
650 672
650 688
650 727
650 790
650 804
650 920
650 953
650 983
651 667
651 690
651 735
651 922
652 727
652 840
653 691
653 777
653 858
653 931
653 990
654 710
654 768
654 794
654 906
654 991
655 791
655 910
656 676
656 713
656 830
656 842
656 885
656 942
656 991
657 719
657 749
657 760
657 915
658 679
658 730
658 852
658 987
659 731
659 791
659 846
659 867
659 906
660 688
660 702
660 849
660 977
661 740
661 807
661 950
661 964
661 985
661 998
662 670
662 695
662 730
662 788
662 798
662 811
663 743
663 799
663 824
663 841
663 842
663 849
664 676
664 734
664 745
664 796
664 805
664 890
664 897
664 985
665 673
665 696
665 701
665 704
665 776
665 795
665 862
665 892
665 977
665 981
665 989
666 690
666 771
666 851
666 874
666 887
667 741
667 821
667 850
667 974
668 731
668 763
668 822
668 933
668 957
668 971
669 772
669 949
670 743
670 772
670 816
670 934
670 982
671 677
671 869
671 907
672 728
672 749
672 830
672 927
673 684
673 885
673 956
674 718
674 722
674 798
674 819
674 866
675 747
675 754
675 818
675 873
675 885
675 888
675 889
675 894
675 976
676 793
676 808
676 827
676 880
676 904
677 702
677 926
677 940
677 997
678 704
678 886
678 976
679 686
679 886
679 921
680 708
680 715
680 768
680 932
681 883
681 950
681 963
682 934
683 691
683 765
683 797
683 818
683 830
683 886
683 906
683 952
683 954
684 830
684 944
684 958
684 986
685 716
685 720
685 744
685 747
686 688
686 915
687 725
687 858
687 876
687 885
688 728
688 842
688 901
688 956
689 888
689 918
689 931
689 976
689 989
690 843
690 995
691 824
691 835
691 890
691 895
692 694
692 866
692 956
692 957
693 758
693 834
694 797
694 894
694 916
694 949
695 758
695 784
695 906
696 865
696 945
696 954
696 959
697 754
697 846
697 880
697 948
697 991
698 734
698 860
698 883
698 888
698 891
699 724
699 725
699 780
700 807
700 840
700 844
700 859
700 915
701 747
701 886
702 712
702 757
702 794
702 900
702 907
702 939
703 797
703 870
703 897
703 912
704 768
704 792
704 946
704 979
705 768
705 769
705 787
705 866
705 870
705 975
705 980
706 814
707 800
707 828
707 831
707 845
707 887
707 992
708 844
708 910
708 958
709 734
709 821
709 826
709 878
710 886
710 973
711 792
711 972
712 747
712 820
712 881
712 906
712 939
713 730
713 826
713 830
713 839
713 853
713 887
714 730
714 791
714 857
714 880
714 881
715 762
715 866
716 896
717 749
719 729
719 769
719 929
719 965
720 786
720 853
720 908
720 912
720 939
720 956
721 839
721 882
721 920
722 803
722 808
722 935
722 947
722 989
723 842
723 866
723 988
723 991
724 867
724 945
724 968
725 880
725 955
726 854
726 863
727 857
727 940
728 756
728 778
728 789
728 805
728 811
728 824
728 861
728 884
728 953
729 740
729 808
729 917
729 935
730 819
730 864
730 871
730 985
731 788
731 918
731 938
731 971
732 839
732 854
732 953
733 765
733 792
733 822
733 850
733 853
733 856
733 890
733 918
733 921
734 782
734 910
734 985
735 785
735 821
736 760
736 815
736 963
737 772
737 794
737 858
738 890
738 911
738 920
738 925
738 991
739 815
740 794
740 820
741 749
741 787
741 799
741 804
741 877
741 886
741 891
741 911
741 941
742 758
742 784
742 816
742 949
742 958
742 999
743 769
743 892
743 898
743 986
743 996
744 786
744 849
744 961
744 972
745 882
745 900
745 977
746 787
746 789
746 849
746 876
748 763
748 786
748 998
749 795
749 797
749 875
750 785
751 792
751 823
751 899
751 915
751 944
751 966
752 837
752 970
752 971
753 788
753 792
753 931
753 975
753 996
754 980
755 866
755 879
755 981
756 857
757 805
757 871
757 888
758 766
758 785
758 831
758 908
758 920
758 937
758 960
759 790
759 844
759 924
760 833
760 847
760 850
761 818
761 976
762 840
762 869
763 959
764 776
764 917
764 949
764 972
765 776
765 811
765 927
766 796
766 896
767 989
768 778
768 856
768 980
769 896
771 783
771 822
771 980
772 858
772 921
772 946
772 972
773 781
773 853
773 964
774 826
774 882
774 910
774 913
774 919
774 992
775 878
776 806
776 913
776 919
777 838
777 859
777 899
778 787
778 825
779 858
779 936
780 789
780 981
781 824
781 887
781 893
782 820
782 887
783 804
783 820
783 886
783 896
783 913
784 813
784 970
785 827
785 870
785 943
786 892
786 935
786 940
787 948
788 801
788 935
789 956
789 981
790 888
790 948
790 993
791 932
792 856
792 900
792 930
792 973
793 857
793 870
793 960
795 966
796 835
796 891
796 914
796 949
797 800
797 863
797 935
797 969
798 812
798 830
798 875
798 923
798 957
799 902
799 909
799 950
800 801
800 977
801 865
801 879
801 885
801 897
801 906
801 949
801 955
802 984
803 881
803 892
804 839
804 905
805 896
806 896
806 930
807 844
807 934
807 950
807 999
808 900
808 983
809 894
809 929
809 977
809 996
810 821
810 831
810 867
810 917
811 816
811 879
811 929
811 960
812 829
812 873
812 887
812 973
813 874
813 890
813 931
814 911
814 945
816 896
817 828
817 935
818 914
818 991
819 859
819 874
819 936
820 832
820 966
821 848
821 903
821 953
822 830
822 856
823 842
824 941
824 974
824 987
825 932
825 962
825 985
827 828
827 836
827 946
828 881
829 834
829 857
829 899
830 880
830 966
831 872
831 884
832 980
834 853
834 885
835 964
836 898
837 856
837 948
838 964
839 857
840 958
841 891
841 955
842 848
842 858
842 911
842 915
842 941
842 942
843 844
843 873
843 882
843 922
843 975
844 938
845 921
846 890
846 895
846 918
846 921
846 997
846 998
847 903
847 954
848 850
848 854
848 865
848 872
848 998
849 851
849 910
851 879
852 960
852 972
853 857
854 880
854 992
855 880
856 918
857 873
857 875
858 875
858 975
859 891
859 975
861 976
861 986
862 905
862 947
863 905
863 924
863 971
863 976
864 867
864 886
864 946
864 960
865 870
865 897
865 969
866 910
866 934
866 975
867 929
868 877
869 905
869 930
870 896
871 882
872 905
872 925
872 926
872 949
872 964
872 969
872 986
872 987
873 884
875 883
876 900
876 930
877 908
877 949
878 880
878 940
879 967
880 971
881 983
882 919
882 952
882 957
883 919
883 976
886 912
887 920
887 948
887 951
888 915
890 915
891 899
891 942
891 960
892 910
892 976
892 998
894 955
895 925
896 911
896 935
897 958
899 947
899 968
900 909
900 958
900 978
901 961
901 980
902 976
904 968
905 921
906 915
907 955
907 958
908 930
909 941
910 970
910 972
911 945
912 955
913 959
915 971
916 930
916 953
916 973
917 998
918 925
919 963
919 994
921 945
923 939
924 970
925 963
927 938
930 964
930 993
931 972
931 976
932 970
933 959
934 940
936 971
938 983
939 947
943 955
943 988
945 955
947 964
950 962
950 973
952 959
953 960
955 977
955 982
955 991
957 986
959 967
960 986
964 983
966 987
968 999
970 994
971 978
973 988
974 979
975 979
984 995
986 996
986 999
