0
1000
5000
0
1
0
0 52
0 59
0 145
0 179
0 241
0 279
0 390
0 441
0 534
0 629
0 937
0 962
0 966
1 55
1 77
1 82
1 112
1 277
1 579
1 587
1 695
1 796
1 856
1 860
1 892
1 996
2 72
2 529
2 567
2 757
2 787
2 846
2 871
3 214
3 382
3 448
3 571
3 943
3 954
4 43
4 87
4 200
4 216
4 843
4 863
4 867
4 876
4 929
4 955
5 125
5 177
5 196
5 395
5 397
5 480
5 543
5 565
5 812
5 909
6 40
6 60
6 74
6 337
6 382
6 471
6 472
6 565
6 622
6 752
6 854
6 996
7 556
7 612
7 624
7 705
7 706
7 810
8 94
8 141
8 150
8 154
8 190
8 381
8 432
8 485
8 547
8 586
8 697
8 717
8 878
8 880
8 905
8 952
9 207
9 344
9 424
9 542
9 555
9 578
9 610
9 754
9 783
9 868
9 906
10 61
10 100
10 331
10 359
10 500
10 552
10 611
10 730
10 755
10 858
10 892
10 957
11 80
11 196
11 257
11 268
11 401
11 423
11 546
11 633
11 663
11 740
11 993
12 21
12 137
12 183
12 291
12 478
12 614
12 813
13 19
13 30
13 113
13 194
13 257
13 301
13 384
13 510
13 641
13 700
14 126
14 286
14 480
14 502
14 745
14 781
14 876
14 950
15 149
15 459
15 474
15 483
15 533
15 698
15 828
15 895
15 919
15 941
16 27
16 108
16 176
16 317
16 622
16 753
16 808
16 834
16 944
17 228
17 269
17 368
17 492
17 505
17 540
17 642
17 649
17 787
17 910
18 19
18 169
18 177
18 322
18 389
18 427
18 496
18 604
18 941
19 556
19 581
19 801
19 821
19 872
20 52
20 89
20 252
20 259
20 293
20 403
20 413
20 453
20 558
20 588
20 643
20 729
20 982
21 200
21 311
21 394
21 405
21 440
21 742
21 948
22 88
22 126
22 136
22 234
22 407
22 456
22 489
22 553
22 784
22 926
22 931
22 967
22 977
23 363
23 462
23 690
23 726
23 730
23 744
23 813
24 40
24 78
24 162
24 169
24 396
24 530
24 643
24 682
24 955
24 988
25 151
25 169
25 238
25 254
25 278
25 503
25 526
25 551
25 564
25 571
25 624
25 637
25 707
25 748
25 764
25 769
25 858
25 896
25 937
25 999
26 42
26 277
26 320
26 322
26 378
26 476
26 502
26 534
26 586
26 607
26 761
26 778
26 862
26 916
27 446
27 693
27 698
27 707
27 794
27 853
27 932
27 954
27 960
27 996
28 109
28 255
28 315
28 657
28 671
28 687
28 709
28 782
28 821
28 879
28 913
29 114
29 118
29 302
29 319
29 427
29 495
29 560
29 697
29 710
29 752
30 51
30 122
30 294
30 830
30 921
31 75
31 91
31 216
31 336
31 352
31 384
31 528
31 823
31 872
31 931
31 941
31 956
31 978
32 398
32 404
32 408
32 429
32 505
32 583
32 718
33 78
33 142
33 172
33 181
33 235
33 310
33 387
33 450
33 558
33 668
33 880
34 96
34 130
34 134
34 313
34 482
34 520
34 563
34 602
34 605
34 922
34 947
34 950
34 953
35 157
35 281
35 338
35 341
35 350
35 443
35 449
35 479
35 499
35 507
35 719
35 987
36 41
36 295
36 299
36 447
36 455
36 552
36 717
36 725
36 850
36 889
36 955
37 155
37 293
37 328
37 342
37 551
37 561
37 668
37 766
37 931
37 991
38 67
38 73
38 214
38 217
38 331
38 333
38 425
38 449
38 472
38 580
38 704
38 859
38 974
39 199
39 451
39 463
39 504
39 551
39 588
39 807
39 841
39 973
40 162
40 202
40 439
40 557
40 920
41 55
41 162
41 168
41 286
41 296
41 363
41 519
41 524
41 571
41 881
41 951
42 85
42 103
42 184
42 187
42 192
42 249
42 554
42 636
42 684
43 62
43 165
43 184
43 262
43 583
43 605
43 769
43 821
44 46
44 96
44 142
44 226
44 402
44 469
44 639
44 743
44 745
44 802
44 912
44 976
44 992
45 313
45 459
45 462
45 559
45 636
45 706
45 746
45 812
45 897
46 66
46 314
46 509
46 515
46 581
46 588
46 607
46 704
46 815
46 922
46 983
47 52
47 139
47 778
48 108
48 251
48 479
48 555
48 567
48 758
48 900
49 97
49 297
49 334
49 360
49 400
49 482
49 710
49 749
49 756
49 848
49 866
49 931
49 978
50 113
50 114
50 324
50 340
50 356
50 409
50 633
50 718
50 763
51 57
51 85
51 88
51 346
51 566
51 590
51 629
51 795
51 856
51 928
52 70
52 296
52 426
52 476
52 805
52 848
52 922
53 314
53 708
53 717
53 814
53 901
53 969
54 182
54 240
54 318
54 335
54 418
54 467
54 641
54 650
54 854
54 889
54 922
54 923
54 995
55 272
55 372
55 461
55 762
56 84
56 163
56 192
56 193
56 221
56 232
56 304
56 316
56 349
56 381
56 383
56 387
56 456
56 699
56 722
56 730
56 787
57 129
57 247
57 260
57 305
57 366
57 379
57 467
57 826
57 935
57 943
57 972
58 62
58 176
58 178
58 247
58 608
58 760
58 996
59 194
59 204
59 230
59 281
59 339
59 575
59 585
59 602
60 149
60 320
60 606
60 774
60 793
60 918
60 974
61 140
61 152
61 341
61 410
61 411
61 768
61 893
62 244
62 299
62 531
62 550
62 551
62 571
62 616
62 633
62 680
63 233
63 423
63 567
63 668
63 729
64 103
64 167
64 176
64 270
64 293
64 332
64 491
64 507
64 707
64 760
64 766
64 957
65 209
65 271
65 548
65 599
65 979
66 81
66 252
66 312
66 468
66 629
66 658
66 807
66 834
67 102
67 116
67 751
67 871
67 889
68 88
68 281
68 433
68 522
68 532
68 709
68 764
68 790
68 830
68 946
68 993
69 89
69 95
69 99
69 151
69 520
69 535
69 693
69 827
69 872
69 938
70 171
70 246
70 278
70 451
70 469
70 641
70 912
70 957
71 78
71 85
71 427
71 431
71 437
71 485
71 555
71 650
71 759
71 768
71 773
71 880
72 163
72 652
72 666
72 728
73 186
73 248
73 403
73 472
73 482
73 565
73 631
73 688
73 691
73 738
73 815
73 820
73 906
74 82
74 256
74 354
74 402
74 516
74 599
74 621
74 725
74 873
75 95
75 288
75 310
75 400
75 546
75 579
75 674
76 343
76 465
76 506
76 655
76 668
76 836
77 186
77 343
77 358
77 367
77 443
77 542
77 563
77 589
77 681
77 791
77 821
77 916
78 108
78 143
78 158
78 252
78 270
78 305
78 457
78 783
78 886
78 966
79 362
79 364
79 395
79 684
79 870
79 936
79 954
79 971
80 96
80 110
80 132
80 308
80 369
80 380
80 558
80 587
80 671
80 682
80 715
80 910
81 83
81 109
81 284
81 347
81 459
81 483
81 536
81 567
81 577
81 731
81 768
81 933
82 875
83 110
83 355
83 538
83 693
83 717
83 799
83 957
83 997
84 117
84 192
84 208
84 437
84 537
84 702
84 844
84 907
84 945
84 963
85 131
85 158
85 284
85 314
85 483
85 547
85 784
85 869
85 989
86 91
86 93
86 158
86 214
86 236
86 244
86 412
86 574
86 585
86 642
86 722
86 842
87 179
87 192
87 199
87 260
87 300
87 318
87 335
87 569
87 581
87 590
87 669
87 674
87 676
87 733
87 821
88 170
88 322
88 418
88 513
88 636
89 96
89 104
89 280
89 348
89 568
89 661
89 685
89 943
90 226
90 268
90 435
90 452
90 492
90 586
90 826
90 940
91 258
91 297
91 298
91 549
91 600
91 650
91 769
91 970
91 985
92 176
92 507
92 560
92 640
92 667
92 745
92 842
92 881
92 921
92 949
92 952
92 989
93 211
93 304
93 358
93 432
93 447
93 580
93 735
93 836
94 100
94 113
94 115
94 166
94 357
94 415
94 604
94 662
94 717
94 825
94 880
95 98
95 204
95 247
95 346
95 464
95 634
95 681
95 862
95 932
96 178
96 405
96 515
96 664
96 689
96 710
96 777
96 836
96 853
96 904
96 914
96 974
97 211
97 378
97 428
97 487
97 558
97 607
97 763
97 799
97 940
97 999
98 148
98 177
98 227
98 250
98 323
98 543
98 549
98 723
98 851
98 913
98 953
98 957
99 211
99 264
99 271
99 287
99 384
99 503
99 687
99 786
99 894
99 912
100 119
100 445
100 594
100 667
100 827
100 863
101 157
101 291
101 301
101 561
101 577
102 111
102 367
102 488
102 606
102 729
103 274
103 464
103 557
103 637
103 685
103 725
103 726
103 929
104 318
104 382
104 673
104 784
104 824
104 893
104 911
105 139
105 186
105 189
105 197
105 297
105 481
105 629
105 835
105 865
105 870
105 950
106 169
106 360
106 427
106 481
106 501
106 518
106 841
106 876
106 939
107 117
107 167
107 169
107 193
107 230
107 424
107 469
107 578
107 845
107 863
108 216
108 248
108 263
108 395
108 396
108 423
108 426
108 446
108 784
108 942
109 190
109 218
109 221
109 245
109 247
109 336
109 405
109 414
109 566
109 607
109 701
109 763
109 771
109 795
109 860
110 180
110 653
110 716
110 977
111 164
111 577
111 586
111 767
111 786
112 191
112 460
112 472
112 738
112 840
112 979
113 133
113 175
113 340
113 366
113 426
113 479
113 631
113 678
113 759
113 791
114 149
114 257
114 282
114 638
114 839
114 928
114 997
115 231
115 351
115 380
115 424
115 776
115 936
115 968
115 990
116 248
116 278
116 311
116 371
116 502
116 576
116 665
116 791
117 165
117 335
117 461
117 627
117 770
117 862
118 119
118 140
118 200
118 255
118 290
118 307
118 394
118 416
118 417
118 470
118 512
118 561
118 598
118 652
118 658
118 714
118 809
119 129
119 293
119 297
119 401
119 561
119 666
119 823
120 321
120 463
120 467
120 509
120 682
120 993
121 128
121 185
121 267
121 283
121 391
121 594
121 693
121 713
121 715
121 877
121 986
122 198
122 208
122 254
122 282
122 285
122 296
122 625
122 683
122 773
122 782
122 791
122 925
122 935
122 969
123 129
123 174
123 233
123 242
123 287
123 356
123 705
123 882
123 900
123 923
124 205
124 218
124 240
124 365
124 541
124 578
124 616
124 789
124 939
124 978
125 148
125 208
125 252
125 308
125 384
125 404
125 495
125 521
125 564
125 586
125 653
125 657
125 800
125 882
125 987
126 235
126 240
126 388
126 398
126 507
126 733
126 769
126 834
127 150
127 157
127 169
127 209
127 250
127 267
127 381
127 494
127 518
127 600
127 622
127 959
128 208
128 213
128 271
128 747
128 765
128 950
129 181
129 279
129 320
129 347
129 528
129 720
129 790
129 820
129 906
130 175
130 241
130 461
130 650
130 757
130 782
130 819
131 153
131 246
131 294
131 298
131 356
131 387
131 531
131 579
131 591
131 607
131 610
131 618
131 715
131 732
131 882
131 916
132 147
132 170
132 325
132 434
132 445
132 585
132 630
132 773
133 272
133 770
133 843
133 909
133 970
134 153
134 178
134 187
134 244
134 484
134 591
134 683
134 808
134 998
135 189
135 221
135 386
135 493
135 561
135 607
135 636
135 936
135 942
136 159
136 196
136 220
136 289
136 388
136 389
136 463
136 715
136 751
136 949
137 156
137 200
137 250
137 331
137 623
137 645
137 729
137 844
137 878
137 995
138 152
138 368
138 373
138 825
138 843
138 892
138 920
138 963
139 189
139 193
139 244
139 266
139 352
139 405
139 429
139 610
139 622
139 688
139 977
140 185
140 223
140 275
140 297
140 308
140 317
140 351
140 524
140 530
140 607
140 808
140 897
141 205
141 241
141 289
141 359
141 375
141 380
141 638
141 728
141 829
141 974
142 156
142 228
142 252
142 293
142 621
142 834
142 995
143 162
143 163
143 190
143 473
143 718
144 382
144 409
144 465
144 497
144 600
144 705
144 875
144 955
145 258
145 285
145 310
145 355
145 356
145 383
145 386
145 701
145 745
145 793
145 881
145 926
145 985
146 193
146 211
146 260
146 307
146 436
146 437
147 179
147 229
147 284
147 963
147 980
148 209
148 315
148 504
148 597
148 602
148 609
148 625
148 656
148 757
148 789
148 877
149 194
149 365
149 621
149 715
149 843
149 895
149 897
149 898
149 930
150 384
150 490
150 617
151 515
151 520
151 632
151 726
151 924
151 950
151 969
152 369
152 423
152 594
152 616
152 806
152 883
153 246
153 252
153 283
153 304
153 431
153 490
153 621
153 815
153 920
154 320
154 507
154 565
154 686
154 725
154 785
154 794
154 868
154 877
154 993
155 197
155 220
155 327
155 392
155 475
155 496
155 745
155 759
155 779
155 801
155 853
155 885
155 988
156 251
156 296
156 362
156 465
156 530
156 618
156 672
156 786
156 878
156 987
157 406
157 630
157 779
157 784
157 986
158 221
158 469
158 620
158 692
158 912
158 941
159 212
159 242
159 490
159 690
159 692
159 820
159 824
159 913
160 186
160 238
160 305
160 524
160 847
160 876
160 917
160 922
160 969
161 233
161 307
161 363
161 530
161 538
161 548
161 577
161 595
161 758
161 829
161 840
161 859
161 891
161 991
162 166
162 172
162 212
162 233
162 274
162 387
162 412
162 429
162 601
162 805
162 895
163 221
163 266
163 408
163 486
163 678
163 736
163 747
163 806
163 842
163 856
164 185
164 237
164 344
164 417
164 591
164 769
165 421
165 659
165 702
165 704
165 762
165 828
165 829
165 874
165 975
166 248
166 491
166 759
166 826
166 866
166 867
166 925
167 294
167 361
167 743
168 177
168 223
168 270
168 334
168 493
168 495
168 514
168 528
168 534
168 565
168 654
168 801
168 999
169 315
169 352
169 395
169 397
169 512
169 853
169 955
170 294
170 391
170 452
170 495
170 713
170 779
170 797
171 224
171 242
171 409
171 608
171 682
171 785
172 183
172 243
172 345
172 464
172 495
172 622
172 721
172 780
172 824
172 956
173 186
173 212
173 314
173 318
173 406
173 503
173 570
173 709
173 717
173 769
173 776
173 834
173 967
173 978
174 301
174 384
174 422
174 737
174 746
174 877
174 988
175 291
175 358
175 426
175 672
175 895
175 994
176 231
176 270
176 376
176 427
176 445
176 485
176 674
176 820
176 893
176 975
177 525
177 611
177 844
177 934
177 980
178 212
178 235
178 436
178 448
178 450
178 476
178 610
178 781
178 787
178 868
178 914
179 360
179 655
179 725
179 850
179 852
180 271
180 365
180 389
180 391
180 580
180 629
180 726
180 856
180 882
180 995
181 184
181 306
181 341
181 442
181 506
181 535
181 714
182 243
182 269
182 329
182 347
182 411
182 459
182 719
182 779
182 882
182 904
182 996
183 412
183 493
183 531
183 610
183 617
183 678
183 807
183 821
184 236
184 339
184 386
184 500
184 584
184 638
184 869
184 915
185 601
185 696
185 822
186 214
186 262
186 344
186 391
186 427
186 479
186 583
186 668
186 856
186 990
187 257
187 364
187 480
187 496
187 579
187 625
187 681
187 760
187 786
187 867
187 868
187 943
188 284
188 558
188 714
188 763
188 791
188 867
188 985
189 609
189 678
189 945
190 195
190 313
190 412
190 420
190 468
190 602
190 738
190 795
191 537
191 555
191 748
191 753
192 227
192 270
192 293
192 429
192 436
192 634
192 671
192 761
192 799
192 866
193 248
193 594
193 678
193 703
193 870
193 929
194 344
194 488
194 514
194 543
194 619
194 870
194 927
194 962
195 404
195 415
195 609
195 834
195 944
196 349
196 436
196 566
196 937
196 952
197 219
197 278
197 352
197 421
197 560
197 597
197 599
197 771
197 865
198 199
198 246
198 307
198 479
198 503
198 668
198 725
198 979
199 228
199 302
199 323
199 450
199 578
199 907
199 950
200 237
200 259
200 299
200 411
200 433
200 474
200 529
200 642
200 741
201 357
201 379
201 440
201 488
201 560
201 606
201 640
201 652
202 266
202 354
202 658
202 721
202 753
202 788
202 810
202 928
203 320
203 455
203 492
203 667
204 270
204 289
204 363
204 696
204 718
204 835
204 901
204 914
204 939
205 284
205 469
205 498
205 599
205 621
205 972
206 252
206 283
206 303
206 407
206 433
206 508
206 555
206 743
206 756
206 820
206 896
207 623
207 663
207 746
207 819
208 242
208 283
208 333
208 678
208 766
208 975
209 276
209 356
209 420
209 464
209 517
209 613
209 668
209 764
209 815
209 819
209 947
209 983
210 258
210 283
210 287
210 435
210 757
210 868
210 964
211 303
211 364
211 540
211 562
211 755
211 881
212 261
212 268
212 292
212 324
212 348
212 627
212 701
212 765
212 830
212 882
212 888
212 976
213 583
213 660
213 697
213 729
213 886
213 925
213 938
214 247
214 294
214 419
214 427
214 592
214 890
214 974
215 284
215 320
215 359
215 452
215 508
215 575
215 584
215 616
215 843
216 229
216 244
216 258
216 303
216 305
216 405
216 471
216 617
216 621
216 681
216 696
217 393
217 420
217 616
217 879
217 961
218 262
218 310
218 349
218 422
218 979
219 630
219 684
219 947
219 948
220 272
220 402
220 501
220 654
220 703
220 872
220 993
221 261
221 353
221 373
221 457
221 557
221 714
221 731
221 759
221 762
221 807
221 986
222 310
222 474
222 684
222 724
222 882
222 904
223 293
223 316
223 378
223 562
223 642
223 716
223 825
224 248
224 351
224 376
224 501
224 647
224 849
225 255
225 295
225 313
225 631
225 673
225 766
225 968
226 232
226 302
226 325
226 345
226 464
226 527
226 693
226 759
226 863
226 896
227 236
227 278
227 308
227 536
227 703
227 815
227 868
227 957
228 258
228 268
228 272
228 679
228 822
228 992
229 333
229 471
229 591
229 759
229 924
230 353
230 398
230 539
230 628
230 818
230 824
230 857
230 930
231 274
231 297
231 357
231 439
231 444
231 536
231 558
231 621
231 666
231 750
231 789
231 853
231 929
231 966
231 977
232 314
232 358
232 439
232 542
232 548
232 583
232 621
232 669
232 773
232 831
232 883
232 901
232 947
233 316
233 334
233 439
233 544
233 679
233 698
233 843
233 883
233 973
233 996
234 473
234 495
234 789
234 969
235 343
235 465
235 531
235 538
235 582
235 617
236 284
236 409
236 627
236 647
236 702
236 750
236 763
236 993
237 264
237 714
237 877
237 898
238 458
238 480
238 554
238 734
238 770
238 832
239 261
239 305
239 341
239 562
239 776
239 849
239 895
239 906
239 999
240 294
240 356
240 382
240 390
240 489
240 583
240 609
240 806
241 418
241 574
241 653
241 696
242 334
242 417
242 422
242 568
242 672
242 775
243 359
243 411
243 413
243 509
243 561
243 562
243 749
243 880
243 882
244 529
244 655
244 663
245 270
245 391
245 395
245 606
245 651
245 812
245 880
245 895
245 903
246 267
246 280
246 340
246 369
246 404
246 766
246 893
247 320
247 364
247 557
247 639
247 723
247 748
247 943
248 254
248 360
248 507
248 575
248 698
248 826
249 365
249 448
249 729
249 795
249 919
249 947
250 260
250 372
250 392
250 460
250 663
250 891
250 904
251 428
251 457
251 462
251 520
251 538
251 666
252 313
252 371
252 686
252 744
252 849
252 891
252 966
252 984
253 285
253 331
253 348
253 499
253 751
253 791
253 802
253 827
253 875
253 897
253 970
254 621
254 664
254 714
254 842
254 951
255 266
255 515
255 635
255 672
255 758
255 827
255 832
255 839
255 863
256 277
256 343
256 474
256 634
256 644
256 739
256 803
257 452
257 494
257 701
257 727
257 779
257 872
258 289
258 318
258 375
258 409
258 416
258 510
258 520
258 616
258 672
258 836
258 858
258 938
258 971
259 402
259 437
259 450
259 470
259 598
259 663
259 866
259 958
260 421
260 491
260 529
260 574
260 580
260 620
260 950
260 963
260 968
261 559
261 636
261 900
261 985
262 365
262 378
262 505
262 582
262 692
262 724
262 863
262 877
262 917
262 923
263 266
263 359
263 425
263 448
263 462
263 522
263 612
263 618
263 810
263 812
263 832
263 958
264 291
264 326
264 417
264 473
264 493
264 635
264 699
264 729
264 802
264 806
265 388
265 434
265 458
265 555
265 817
265 903
265 977
265 996
266 305
266 337
266 402
266 428
266 528
266 546
266 641
266 705
266 789
266 875
266 921
266 944
267 397
267 432
267 647
267 794
267 818
267 856
267 892
267 961
268 275
268 305
268 410
268 548
268 662
268 836
268 914
268 946
269 399
269 431
269 611
269 665
269 773
269 788
269 928
270 297
270 513
270 639
270 821
271 788
271 813
271 844
271 936
272 377
272 493
272 625
272 627
272 676
272 914
273 329
273 482
273 545
273 572
273 614
273 644
273 688
273 715
273 730
273 751
273 945
274 441
274 565
274 650
274 714
274 784
274 821
274 861
275 331
275 332
275 559
275 741
275 757
275 804
275 878
276 883
277 378
277 455
277 597
277 664
277 742
277 753
277 847
277 891
277 941
278 482
278 538
278 571
278 643
278 650
278 835
278 848
279 403
279 496
279 556
279 675
279 746
279 869
280 290
280 386
280 466
280 674
280 792
280 860
280 887
281 289
281 361
281 395
281 687
281 982
282 601
282 662
282 929
282 970
283 314
283 649
283 682
283 693
283 722
284 331
284 484
284 613
284 785
284 793
284 828
284 910
285 627
285 641
285 681
285 687
285 768
285 866
285 918
286 376
286 476
286 555
286 601
286 605
286 625
286 860
286 928
286 947
286 952
286 954
287 354
287 508
287 563
287 739
287 868
288 304
288 399
288 479
288 490
288 659
288 943
289 625
289 667
289 819
289 842
289 865
289 962
290 483
290 662
290 728
290 768
290 789
291 337
291 377
291 383
291 388
291 504
291 664
291 738
291 812
292 362
292 404
292 412
292 453
292 530
292 676
292 717
292 793
292 798
292 880
292 899
292 918
293 416
293 446
293 526
293 564
293 615
293 785
293 814
293 973
294 311
294 442
294 765
294 775
294 787
294 815
294 818
294 828
294 872
294 880
295 325
295 352
295 362
295 369
295 392
295 457
295 606
295 626
295 661
295 665
295 908
296 352
296 363
296 438
296 441
296 447
296 505
296 610
296 726
296 876
296 913
297 355
297 463
297 492
297 694
297 839
297 900
298 318
298 325
298 342
298 657
298 782
298 933
299 408
299 578
299 865
299 882
299 934
299 942
300 317
300 440
300 581
300 663
300 737
300 748
300 872
300 969
301 360
301 396
301 699
301 722
301 886
302 451
302 502
302 547
302 566
302 645
302 745
302 798
302 802
302 875
302 968
303 470
303 489
303 625
303 816
304 529
304 578
304 786
304 857
305 488
305 754
305 895
305 915
306 567
306 697
306 759
306 761
306 785
306 799
306 822
306 863
306 864
306 951
307 399
307 523
307 713
308 452
308 635
308 698
308 737
308 760
308 826
308 935
308 952
309 414
309 504
309 600
309 630
309 857
309 909
309 913
310 327
310 456
310 475
310 539
310 571
310 726
310 958
311 333
311 432
311 454
311 635
311 650
311 691
311 838
312 340
312 457
312 487
312 716
312 836
312 880
312 917
313 505
313 619
313 663
313 770
313 836
313 898
314 348
314 445
314 508
314 745
314 747
314 773
314 776
314 811
314 815
314 879
314 987
315 371
315 552
315 556
315 592
315 617
315 639
315 780
316 479
316 577
316 802
317 333
317 368
317 491
317 714
317 900
318 408
318 492
318 502
318 892
318 935
319 333
319 364
319 507
319 575
319 713
319 994
320 392
320 417
320 793
320 976
321 324
321 353
321 361
321 405
321 417
321 471
321 479
321 595
321 712
321 882
321 937
322 517
322 850
322 917
323 386
323 403
323 430
323 457
323 693
323 800
324 469
324 476
324 612
324 707
324 760
324 931
325 371
325 394
325 406
325 424
325 444
325 516
325 539
325 566
325 573
325 737
326 332
326 352
326 505
326 520
326 625
326 790
326 856
326 899
326 907
327 450
327 490
327 530
327 584
327 639
327 677
327 716
328 605
328 618
328 634
328 654
328 669
328 791
328 819
328 845
328 982
329 429
329 626
329 646
329 887
329 949
329 950
330 387
330 412
330 535
330 565
330 643
330 664
330 702
330 719
330 911
331 485
331 494
331 571
331 602
331 733
331 869
331 908
332 355
332 415
332 470
332 478
332 818
332 823
332 875
332 938
333 339
333 520
333 627
333 699
333 722
333 751
333 783
333 949
334 417
334 463
334 556
334 641
334 665
334 741
334 800
334 867
334 935
335 448
335 537
335 674
335 703
335 738
335 849
335 932
335 974
335 996
336 358
336 565
336 569
336 992
337 354
337 366
337 605
337 701
337 977
338 564
338 658
338 818
338 906
338 928
339 449
339 469
339 521
339 527
339 556
339 817
339 819
339 963
339 972
339 976
340 358
340 552
340 639
340 723
340 800
341 349
341 446
341 503
341 561
341 678
341 782
341 990
342 496
342 509
342 548
342 711
342 743
342 818
342 824
342 990
343 429
343 476
343 504
343 507
343 631
343 676
343 764
343 872
343 950
343 968
343 982
344 397
344 469
344 677
345 383
345 421
345 545
345 555
345 903
345 924
346 499
346 679
346 790
346 848
347 355
347 367
347 587
347 650
347 699
347 714
347 995
348 353
348 460
348 469
348 586
348 636
348 729
348 938
348 949
349 375
349 486
349 618
349 715
349 721
349 747
349 782
349 832
349 921
350 474
350 477
350 777
350 873
350 887
350 901
350 924
350 942
350 969
351 493
351 683
351 879
351 887
351 908
352 505
352 551
352 579
352 630
352 688
352 755
352 756
352 809
352 936
352 966
353 486
354 426
354 660
354 795
355 413
355 566
355 599
355 694
355 747
355 918
355 970
356 362
356 534
356 702
356 730
357 586
357 709
357 757
357 886
357 918
357 961
358 573
358 704
358 942
358 996
359 385
359 548
359 703
359 784
359 867
359 933
360 393
360 731
360 732
360 826
360 902
360 921
360 995
361 480
361 606
361 689
362 778
362 798
363 375
363 440
363 480
363 488
363 507
363 514
363 516
363 519
363 620
363 645
363 713
363 750
363 757
363 980
364 524
364 578
364 632
364 922
364 961
364 965
364 984
365 406
365 601
365 907
366 482
366 515
366 526
366 541
366 565
366 624
366 701
366 772
366 914
366 919
367 368
367 529
367 559
367 605
367 693
367 745
367 805
367 840
368 431
368 509
368 510
368 561
368 587
368 802
368 901
369 410
369 418
369 612
369 879
370 592
370 755
370 834
370 929
371 407
371 413
371 600
371 796
371 828
371 882
371 944
371 985
372 375
372 649
372 658
372 703
372 729
372 983
373 492
373 543
373 678
373 789
373 899
374 438
374 457
374 717
375 433
375 442
375 471
375 477
375 483
375 486
375 522
375 700
375 771
375 775
375 849
375 850
375 878
375 925
375 934
376 410
376 429
376 445
376 544
376 676
376 703
376 834
376 847
376 915
376 917
376 965
376 991
376 997
377 443
377 655
377 894
378 457
378 616
378 667
378 672
378 787
378 823
378 948
379 478
379 495
379 558
379 615
379 732
379 751
379 952
379 987
380 397
380 591
380 820
380 902
380 912
380 936
380 965
381 593
381 756
381 794
382 392
382 476
382 770
382 845
382 922
383 662
383 831
383 917
383 943
384 394
384 773
384 791
384 852
384 902
384 979
385 414
385 459
385 465
385 578
385 580
385 770
385 831
385 848
385 910
385 913
385 959
386 429
386 797
386 851
386 917
387 559
387 646
387 752
387 804
387 965
388 401
388 462
388 531
388 554
388 570
388 578
388 808
388 817
389 758
389 775
389 857
389 921
389 977
390 399
390 416
390 457
390 507
390 606
390 971
391 444
391 531
391 596
391 721
391 809
391 812
391 936
392 395
392 406
392 569
392 583
392 624
392 652
392 655
392 676
392 741
392 761
392 853
392 881
392 884
393 551
393 851
393 960
393 986
394 516
394 581
394 611
394 656
394 727
394 926
395 636
395 727
395 745
395 802
395 967
396 553
396 683
396 771
396 789
396 832
396 851
396 894
396 962
397 621
397 630
397 832
397 859
397 920
397 945
398 511
398 638
398 711
398 729
398 817
398 967
398 969
399 473
399 548
399 587
399 643
399 684
399 688
399 851
399 888
400 516
400 803
400 835
400 966
400 968
401 492
401 546
401 549
401 698
401 816
401 955
401 964
401 969
402 496
402 543
402 572
402 728
402 875
402 886
402 916
402 978
403 534
403 564
403 573
403 654
403 826
403 998
404 542
404 603
404 606
404 663
404 840
404 912
404 956
404 965
404 982
405 406
405 496
405 555
405 855
405 878
405 916
406 485
406 591
406 603
406 648
406 784
406 851
407 502
407 617
407 623
407 657
407 706
407 757
407 873
407 891
408 602
408 788
408 800
408 965
409 540
409 596
409 606
409 608
409 810
409 894
409 929
410 536
410 566
410 614
410 723
410 882
410 906
411 569
411 746
411 827
411 833
411 917
412 604
412 712
412 759
412 911
412 938
413 439
413 558
413 658
413 842
413 872
413 887
413 912
413 916
413 994
414 646
414 663
414 886
414 893
414 983
415 431
415 455
415 921
416 552
416 881
417 489
417 612
417 628
417 635
417 712
417 803
417 842
417 856
417 894
417 975
418 562
418 734
418 860
419 626
419 719
419 943
419 980
420 516
420 530
420 542
420 736
420 738
420 840
420 882
421 608
421 666
421 879
421 998
422 426
422 492
422 614
422 673
422 847
423 442
423 536
423 575
423 586
423 779
423 877
423 920
423 938
424 563
424 598
425 427
425 755
425 819
425 898
425 910
425 923
425 940
425 964
426 496
426 519
426 581
426 607
426 642
426 692
426 852
426 932
427 758
427 807
427 832
427 973
428 631
428 988
429 453
429 482
429 642
429 726
429 786
430 527
430 593
430 664
430 790
430 880
431 547
431 695
431 794
431 812
431 949
431 978
432 445
432 501
432 506
432 665
432 684
432 794
432 925
433 609
433 613
433 656
433 736
433 739
433 886
434 499
434 584
434 663
434 698
434 757
434 868
435 656
435 667
435 752
435 789
435 872
435 929
436 781
436 984
437 531
437 624
437 677
437 794
437 865
437 894
437 946
437 971
438 507
438 511
438 536
438 628
438 642
438 825
438 937
439 443
439 563
439 737
439 759
439 801
439 891
440 456
440 695
440 944
441 447
441 767
442 473
442 591
442 689
442 727
443 506
443 533
443 563
443 655
443 656
443 712
443 757
443 808
443 875
443 944
443 964
444 492
444 664
444 666
444 676
444 752
444 780
444 783
444 898
444 952
445 519
445 530
445 578
445 616
445 625
445 951
446 601
446 613
446 687
446 689
446 758
446 773
446 872
447 452
447 535
447 639
447 652
447 660
447 915
448 466
448 726
448 801
449 545
449 627
449 684
449 697
449 738
449 754
449 772
449 793
449 802
449 892
450 455
450 499
450 515
450 647
450 683
450 703
450 714
450 764
450 773
450 781
451 461
451 705
451 793
451 931
452 664
452 701
452 764
452 980
453 574
453 641
453 772
453 786
453 913
453 947
454 470
454 519
454 862
454 907
454 920
454 948
454 951
454 952
454 981
455 625
455 747
455 899
455 959
456 602
456 643
456 653
456 750
456 899
456 947
456 990
457 507
457 508
457 570
457 652
457 683
457 717
457 732
457 737
457 766
457 928
457 997
458 561
458 798
458 878
459 491
459 571
460 511
460 561
460 781
460 813
460 980
461 471
461 514
461 769
461 884
461 961
461 978
462 676
463 471
463 566
463 664
463 674
463 740
463 788
463 820
463 933
463 952
464 487
464 529
464 626
464 635
464 636
464 706
464 783
464 819
465 603
465 615
465 729
465 750
465 827
465 840
465 851
466 468
466 685
466 708
466 740
466 961
467 597
467 724
467 808
467 918
467 943
468 622
468 818
469 495
469 596
469 597
469 616
469 751
469 765
469 938
470 483
470 686
470 726
470 780
470 809
470 906
470 914
470 939
470 970
471 544
471 599
471 747
471 936
471 946
472 507
472 509
472 548
472 558
472 711
472 750
472 826
472 948
472 989
473 552
473 590
473 787
473 835
473 852
473 859
473 873
473 877
473 997
474 707
474 828
474 938
475 573
475 574
475 949
475 970
476 540
476 549
476 665
476 754
476 985
477 547
477 637
477 719
477 721
478 506
478 510
478 542
478 662
478 785
478 904
478 966
479 602
479 665
479 720
479 832
479 848
479 870
479 928
479 974
480 648
480 753
480 797
480 818
480 849
481 489
481 509
481 621
481 782
481 803
481 835
481 995
482 874
483 569
483 602
483 646
483 738
483 761
483 823
483 839
483 864
483 948
483 990
484 696
484 725
484 807
484 841
484 872
485 618
485 635
485 681
485 718
485 768
485 793
485 857
486 504
486 506
486 509
486 547
486 689
486 744
486 895
487 551
487 642
487 689
487 880
487 898
488 523
488 709
488 771
488 886
489 620
489 658
489 660
489 896
489 939
490 521
490 576
490 666
490 678
490 715
490 826
491 531
491 566
491 703
491 763
491 790
491 883
491 910
492 533
492 549
492 630
492 716
492 815
493 583
493 672
493 899
493 910
493 976
493 990
494 548
494 573
494 613
494 640
494 681
494 916
494 921
494 996
495 588
495 650
496 734
496 840
496 921
496 923
497 515
497 667
497 688
498 505
498 608
498 610
498 733
498 758
498 773
498 814
498 960
499 604
499 694
499 858
499 875
499 902
499 935
499 969
500 588
500 651
500 755
500 930
501 529
501 616
501 673
501 910
501 955
502 893
502 976
503 519
503 591
503 616
503 841
504 641
504 792
504 834
504 960
505 533
505 623
506 839
506 844
506 859
506 885
506 889
506 938
507 513
507 556
507 720
507 751
507 837
508 514
508 533
508 655
508 674
508 747
508 800
508 812
508 823
508 861
508 949
509 616
510 692
510 760
510 788
510 791
511 536
511 581
511 602
511 695
511 804
511 875
512 526
512 541
512 584
512 586
512 638
512 875
512 998
513 580
513 632
514 515
514 689
514 794
515 579
515 680
515 845
515 846
516 563
516 564
516 587
516 625
516 685
516 966
517 618
517 624
517 771
517 880
517 909
518 580
518 581
518 647
518 885
518 955
519 657
519 705
519 757
519 948
520 625
520 652
521 764
521 784
521 785
521 797
521 879
523 530
523 814
523 817
523 839
524 531
524 603
524 613
524 690
524 741
524 845
525 613
525 659
525 688
525 811
525 844
525 932
525 943
526 574
526 579
526 755
526 771
526 871
527 545
527 746
527 972
528 787
528 794
528 800
528 804
528 806
528 823
528 831
528 858
529 640
529 734
529 983
530 604
530 650
530 672
530 845
531 770
532 547
532 660
532 702
532 720
532 731
532 783
532 791
533 584
533 757
533 776
533 850
533 890
533 919
533 952
534 539
534 574
534 648
534 666
534 675
534 777
534 862
534 915
534 974
535 771
536 633
536 801
536 944
537 721
537 729
537 754
537 765
537 790
538 571
538 656
538 777
539 627
539 847
539 911
539 994
540 667
540 971
540 998
541 755
541 839
541 884
541 913
542 620
542 664
542 686
542 945
542 988
543 884
544 558
544 752
544 885
544 924
545 627
545 959
546 932
547 566
547 614
547 638
547 718
547 760
547 938
547 940
547 967
547 993
548 564
548 828
548 922
549 765
549 890
550 563
550 566
550 573
550 587
550 734
550 761
550 839
551 552
551 831
552 557
552 644
552 724
552 755
552 785
553 714
553 732
553 904
553 909
553 973
553 995
554 822
554 913
554 939
555 696
555 764
556 756
556 857
556 904
557 832
557 870
557 901
557 910
557 955
557 980
558 848
559 593
559 646
559 707
559 864
560 799
560 837
560 856
561 610
561 698
561 740
562 569
562 685
562 749
562 809
562 838
563 702
563 782
563 934
563 980
564 848
564 884
564 981
564 992
565 730
565 772
565 786
565 911
565 918
565 936
565 980
566 723
566 725
566 762
566 880
566 918
566 953
566 968
566 981
567 595
568 612
568 687
568 696
568 792
568 900
568 925
569 590
569 661
569 820
570 679
570 785
570 920
571 650
571 795
571 842
571 886
571 918
571 997
572 692
572 772
572 786
572 863
572 908
573 779
573 784
573 833
573 940
573 986
573 990
574 584
574 594
574 681
574 876
574 980
575 579
575 628
575 853
575 889
576 726
576 874
577 621
577 629
577 791
577 830
577 984
578 680
578 883
579 620
579 791
579 811
579 883
579 910
580 581
580 670
580 912
580 960
581 586
581 762
582 752
582 804
582 838
582 893
583 633
583 635
583 772
583 798
584 588
584 678
584 731
584 787
584 884
584 918
584 925
585 705
585 789
585 829
586 625
586 799
586 891
587 727
587 835
587 862
588 883
588 915
589 590
589 635
589 678
589 775
589 832
589 892
590 607
591 681
591 694
591 702
591 729
592 679
592 698
592 749
592 845
592 927
592 931
592 980
593 730
593 803
593 906
593 936
594 710
594 807
594 876
594 908
594 934
595 654
595 861
595 884
595 993
596 856
596 880
596 947
596 958
597 648
597 783
597 827
598 649
598 703
598 822
598 866
599 811
599 863
599 903
599 932
600 612
600 848
600 905
600 919
600 977
601 732
601 821
601 840
602 728
602 832
602 851
602 888
603 668
603 748
603 807
603 828
603 896
603 904
603 959
604 741
604 762
604 817
604 826
604 894
604 905
605 748
605 791
605 959
606 656
606 757
607 627
607 854
608 744
608 866
608 914
609 668
609 671
609 727
609 786
609 816
609 837
609 862
609 965
610 739
610 899
610 998
611 713
611 802
611 934
611 983
611 994
612 810
612 902
613 751
613 777
613 778
613 917
613 968
614 860
614 928
615 622
615 751
615 869
615 982
616 674
616 679
616 701
616 715
618 635
618 796
618 992
618 993
619 633
619 742
619 749
619 857
619 903
620 783
621 746
621 847
621 893
621 900
621 907
621 978
622 669
623 794
623 813
623 826
623 872
623 981
624 638
624 667
624 672
624 717
624 811
624 865
624 870
625 803
625 877
625 886
626 773
626 892
627 640
627 686
627 756
627 763
627 869
627 967
627 990
628 711
628 804
628 833
629 642
629 645
629 692
629 886
630 962
630 998
631 936
632 640
632 737
632 947
632 974
632 994
633 724
633 745
633 805
633 906
633 910
634 689
634 922
634 955
635 676
635 719
635 856
635 894
635 959
636 727
636 797
636 852
636 931
636 993
637 902
637 930
637 933
638 706
638 806
638 954
638 961
639 682
639 862
639 936
639 948
639 952
640 643
640 760
640 762
640 788
640 791
640 803
640 811
640 931
640 941
641 647
641 880
641 949
641 959
642 650
642 693
642 791
642 795
642 840
642 868
642 871
643 710
643 798
643 822
643 982
644 709
644 792
644 917
644 933
644 997
645 835
645 946
645 981
646 804
646 862
647 653
647 821
647 832
647 899
648 982
649 762
649 793
649 939
649 958
651 771
651 879
651 964
651 985
652 958
653 691
653 873
654 783
654 794
654 846
654 859
654 878
654 953
654 965
655 663
655 667
655 829
655 848
655 853
655 945
656 748
656 928
657 658
657 662
657 692
657 861
657 989
657 992
658 780
658 871
658 962
659 673
659 897
660 866
660 878
661 702
661 728
661 809
661 864
661 989
662 721
662 780
662 784
662 921
662 928
663 676
663 838
664 715
664 758
664 798
664 808
664 878
665 877
666 748
666 767
666 832
666 871
666 887
666 986
667 700
667 734
667 787
667 927
668 746
668 823
668 890
668 944
669 704
669 837
669 897
670 687
670 876
670 895
670 910
670 911
671 748
671 827
671 844
671 914
673 708
673 771
673 808
673 818
673 918
674 969
675 698
675 780
676 697
676 860
676 939
676 961
677 698
677 777
677 837
677 839
677 983
678 783
678 823
679 875
679 926
679 948
680 692
680 764
680 785
680 804
680 820
680 824
680 878
680 884
680 891
681 933
682 833
682 868
682 955
682 959
683 883
683 905
684 965
685 749
685 897
685 930
686 823
686 839
686 951
686 989
687 700
687 855
687 879
687 893
687 937
688 799
688 931
689 821
689 941
689 964
689 978
690 815
690 887
691 741
691 824
691 830
692 811
692 949
692 951
693 835
693 844
694 732
694 801
694 928
694 947
695 879
695 955
695 963
696 738
696 772
696 956
697 738
697 887
697 913
698 704
699 737
699 945
701 998
702 797
702 959
703 719
703 753
703 835
703 954
703 994
703 995
704 705
704 786
704 857
704 880
705 745
705 978
706 771
706 879
707 939
708 761
708 795
708 805
708 874
708 916
709 722
709 768
709 828
709 839
709 873
711 724
711 853
712 792
712 993
713 845
713 954
714 730
714 753
714 824
715 783
715 860
715 965
716 821
716 911
716 924
717 769
717 896
718 816
718 817
718 868
718 908
719 973
720 756
721 862
721 928
722 784
722 798
722 839
723 840
724 729
724 873
725 731
725 758
726 997
727 747
727 965
728 800
728 886
729 809
731 732
731 750
731 972
732 970
732 973
733 791
733 830
733 900
734 798
734 806
734 865
734 952
734 960
734 970
734 992
736 795
736 864
736 910
737 768
737 872
737 922
737 990
738 750
738 759
738 986
739 880
739 958
739 961
739 962
739 970
740 878
741 748
741 836
741 971
742 750
742 876
743 752
743 775
743 805
743 819
743 962
744 749
744 797
744 862
744 962
745 801
745 909
746 929
746 956
747 835
748 875
748 959
749 772
749 826
749 975
750 799
750 966
751 967
752 875
752 932
754 959
755 794
756 901
757 793
757 903
758 817
759 786
759 840
759 854
759 913
760 817
761 769
761 890
761 965
762 799
762 817
762 873
762 999
763 889
763 939
763 949
764 913
764 944
764 957
765 778
765 910
765 954
765 990
766 819
766 871
766 987
767 874
767 998
768 818
768 921
768 970
769 922
770 828
770 830
770 924
771 782
773 791
773 843
773 850
773 878
773 881
773 891
774 861
774 929
774 935
774 970
774 971
775 967
775 972
776 850
776 895
776 898
776 906
776 922
777 821
777 884
777 910
777 916
777 925
777 956
778 834
778 847
778 923
779 884
780 798
781 882
781 967
781 986
783 785
783 820
783 849
783 897
783 907
783 908
783 974
784 840
784 918
784 937
784 947
786 806
786 848
788 808
788 813
788 907
789 844
789 981
789 992
790 903
791 967
792 937
792 947
793 803
793 856
794 865
795 854
795 885
795 955
796 855
796 877
797 857
798 831
799 827
799 840
800 999
801 907
802 803
802 841
802 890
802 953
803 853
803 913
804 853
804 943
804 970
805 842
805 956
805 988
807 905
807 912
807 963
807 998
808 896
809 963
809 983
809 991
810 995
811 883
811 950
812 861
812 886
813 820
813 927
814 825
814 881
814 899
814 948
814 993
815 877
815 901
815 952
815 974
816 934
816 989
817 901
817 994
819 921
822 876
822 880
822 964
824 936
828 861
828 909
829 835
829 856
829 914
829 918
830 850
830 855
830 918
833 867
833 982
835 922
835 981
836 946
837 888
837 983
837 987
838 970
839 944
840 926
840 986
842 955
842 972
843 862
844 900
845 855
845 901
845 927
845 932
847 852
847 918
847 960
848 902
849 971
851 856
851 863
851 949
851 987
852 986
853 924
853 953
853 959
853 982
854 949
855 984
856 946
856 965
857 861
857 867
857 939
858 876
858 898
858 911
859 863
860 881
861 870
862 884
862 980
862 995
863 986
864 929
864 969
865 930
865 945
865 980
865 986
866 908
866 923
866 933
867 966
868 884
874 876
874 931
874 966
875 960
876 907
877 917
878 933
880 889
881 901
884 997
885 922
885 980
886 946
887 943
887 999
888 889
889 912
889 931
889 932
889 993
891 955
892 968
893 981
894 912
895 899
895 903
895 923
898 999
899 945
900 991
903 987
905 962
905 972
906 964
908 942
908 991
909 911
911 919
911 945
911 947
911 950
913 934
913 959
915 994
916 917
916 936
916 974
918 981
922 941
922 958
922 978
923 931
923 952
923 991
923 995
924 951
924 994
925 930
925 949
927 981
929 989
931 971
934 980
935 959
936 957
937 969
938 985
939 991
942 972
946 981
947 964
947 971
952 966
953 974
954 994
955 986
956 979
958 983
959 998
961 970
963 973
964 982
969 976
970 971
977 986
980 998
981 991
984 986
988 991
992 996
