0
1000
3729
0
1
0
0 208
0 269
0 273
0 314
0 362
0 547
0 605
0 645
0 828
1 113
1 266
1 422
1 509
1 531
1 921
1 963
2 89
2 148
2 162
2 318
2 558
2 593
2 601
2 949
3 35
3 207
3 288
3 317
3 629
4 60
4 104
4 811
5 90
5 331
5 349
5 463
5 520
5 552
5 625
5 893
5 922
6 69
6 548
6 710
6 761
6 792
6 817
6 823
6 843
6 894
6 990
7 279
7 292
7 321
7 341
7 344
7 735
7 781
7 842
7 962
7 973
8 73
8 150
8 201
8 325
8 630
8 635
8 747
8 753
9 11
9 66
9 297
9 318
9 337
9 740
9 754
9 769
9 967
10 294
10 297
10 305
10 510
10 623
11 51
11 75
11 139
11 347
11 403
11 440
11 669
11 858
11 989
12 20
12 35
12 124
12 353
12 430
12 608
12 627
13 40
13 394
13 427
13 481
13 655
13 860
14 57
14 214
14 234
14 309
14 449
14 654
14 976
15 194
15 416
15 442
15 755
16 128
16 558
16 597
16 687
16 759
17 150
17 537
17 575
17 709
18 491
18 556
18 763
18 812
18 985
19 212
19 263
19 522
19 638
19 790
20 69
20 304
20 420
20 453
20 503
20 530
20 658
20 758
20 883
20 906
21 516
21 541
21 601
21 661
21 815
21 828
21 849
21 989
22 63
22 177
22 197
22 211
22 339
22 398
22 725
22 847
23 185
23 316
23 317
23 525
23 559
23 736
23 983
24 380
24 420
24 665
24 704
24 868
25 201
25 219
25 247
25 430
25 648
25 738
25 959
26 47
26 148
26 182
26 273
26 378
26 384
26 680
26 703
26 778
27 53
27 82
27 150
27 169
27 440
27 798
27 853
27 988
27 996
28 186
28 216
28 310
28 484
28 520
28 644
28 649
28 773
28 775
28 790
29 166
29 249
29 428
30 320
30 892
30 955
31 51
31 79
31 82
31 292
31 622
31 743
31 798
32 306
32 318
32 350
32 521
32 712
32 925
33 122
33 163
33 187
33 632
33 693
33 726
33 783
34 513
34 735
35 218
35 224
35 250
35 254
35 632
35 735
35 779
35 839
35 922
36 132
36 206
36 275
37 302
37 368
37 456
37 463
37 608
37 854
37 891
37 993
38 301
38 378
38 960
39 80
39 207
39 698
39 699
39 765
39 948
39 963
40 92
40 145
40 546
40 560
40 693
40 919
40 991
41 73
41 121
41 187
41 196
41 345
41 585
41 713
41 759
41 964
42 86
42 124
42 242
42 390
42 541
42 636
42 652
42 784
42 990
43 66
43 103
43 125
43 477
43 642
43 668
44 155
44 410
44 445
44 504
44 568
44 599
44 722
44 833
45 286
45 391
45 442
45 734
46 370
46 554
46 650
46 685
46 848
46 921
47 275
47 384
47 447
47 748
47 796
47 920
47 973
47 994
48 106
48 132
48 336
48 342
48 361
48 742
48 791
48 793
49 220
49 461
49 558
49 671
49 966
50 59
50 70
50 136
50 145
50 162
50 189
50 223
50 281
50 788
50 936
50 974
51 174
51 203
51 366
51 398
51 560
51 879
51 946
52 122
52 124
52 228
52 483
52 527
52 844
52 896
53 469
53 478
53 497
53 617
53 773
53 990
54 201
54 213
54 418
54 697
54 758
54 806
54 901
54 979
55 82
55 229
55 250
55 633
55 806
55 814
55 822
56 244
56 320
56 371
56 511
56 523
56 648
56 983
57 192
57 228
57 297
57 350
57 375
57 612
57 726
57 830
57 953
57 971
58 60
58 178
58 464
58 556
58 866
58 989
59 86
59 89
59 388
59 405
59 659
59 912
60 164
60 306
60 573
61 101
61 227
61 387
61 679
62 156
62 286
62 469
62 590
62 610
62 705
62 896
63 177
63 425
63 515
63 753
63 822
63 894
63 922
63 925
63 930
64 106
64 224
64 361
64 529
64 634
64 773
65 105
65 210
65 459
65 478
65 556
65 606
65 639
65 669
65 700
65 935
66 516
66 565
66 622
66 696
66 825
66 842
67 247
67 329
67 472
67 799
67 935
67 936
68 107
68 198
68 420
68 520
68 610
68 635
68 874
69 201
69 217
69 342
69 496
69 622
69 914
70 71
70 122
70 179
70 234
70 450
70 619
70 727
70 801
70 825
70 974
71 364
71 578
71 614
71 624
71 694
72 331
72 479
72 484
72 540
72 757
72 784
72 867
72 903
73 110
73 112
73 206
73 263
73 309
73 511
73 563
73 715
73 747
73 805
73 851
73 896
73 966
74 161
74 185
74 240
74 522
74 592
74 685
74 913
74 917
74 993
75 83
75 134
75 264
76 158
76 190
76 277
76 321
76 380
76 663
77 133
77 154
77 182
77 185
77 230
77 773
77 983
78 156
78 216
78 482
78 495
78 502
78 680
78 804
78 826
79 344
79 416
79 500
79 527
79 549
79 652
79 696
79 830
79 887
79 907
79 982
80 102
80 286
80 333
80 338
80 366
80 369
80 411
80 427
80 504
80 560
80 610
80 749
80 923
80 955
81 429
81 953
82 525
82 826
83 188
83 310
83 371
83 378
83 530
83 681
83 902
84 91
84 185
84 247
84 538
84 591
84 593
84 635
84 690
84 762
84 923
84 971
85 316
85 366
85 390
85 430
85 453
85 625
85 640
85 661
86 150
86 530
86 988
87 250
87 311
87 423
87 525
87 647
87 716
87 952
88 208
88 479
88 704
88 727
88 989
89 174
89 186
89 262
89 504
89 535
89 631
89 813
89 880
89 919
89 955
90 354
90 420
90 559
91 107
91 126
91 152
91 252
91 708
91 761
91 762
91 873
92 185
92 753
93 187
93 564
93 614
93 734
93 814
94 99
94 285
94 764
94 823
95 319
95 569
95 873
95 878
95 893
95 979
96 475
96 710
96 821
96 987
97 172
97 186
97 284
97 465
97 548
97 760
97 880
97 891
97 895
98 176
98 188
98 374
98 779
98 875
99 243
99 417
99 528
99 667
99 689
99 698
99 847
99 951
100 387
100 389
100 486
100 540
100 553
100 723
100 725
100 743
101 236
101 244
101 326
101 439
101 764
101 829
101 881
102 106
102 149
102 426
102 523
102 574
102 698
102 746
102 857
102 946
103 270
103 350
103 406
103 438
103 672
104 336
104 493
104 615
104 754
104 840
105 457
105 468
105 540
105 614
105 628
105 735
105 777
105 840
105 930
106 324
106 425
106 473
106 656
106 663
106 794
106 870
106 882
106 894
107 122
107 487
107 824
107 858
107 860
108 261
108 463
108 548
108 629
108 663
108 738
108 768
108 904
109 173
109 368
109 448
109 465
109 548
109 624
109 737
109 882
109 930
109 941
110 372
110 380
110 455
110 570
110 712
110 853
110 879
110 903
111 272
111 387
111 647
111 721
111 962
111 973
112 619
112 757
112 953
113 118
113 334
113 619
113 637
113 776
113 894
113 940
113 992
114 270
114 366
114 378
114 601
115 177
115 246
115 261
115 334
115 592
115 806
116 207
116 341
116 432
116 534
116 561
116 588
116 633
116 750
116 804
116 843
116 917
116 956
117 158
117 166
117 219
117 477
117 780
117 813
117 899
118 123
118 372
118 678
118 761
118 826
118 951
119 431
119 478
119 880
119 928
120 173
120 300
120 506
120 556
120 684
121 127
121 452
121 571
121 585
121 706
121 806
121 841
121 890
121 949
121 999
122 170
122 336
122 416
122 524
122 635
122 642
122 804
122 861
122 914
122 977
123 741
123 777
123 868
124 137
124 156
124 454
124 470
124 519
124 737
124 809
125 179
125 242
125 261
125 311
125 589
125 619
125 651
125 835
125 851
125 924
126 149
126 362
126 467
126 515
126 597
126 743
126 789
127 161
127 255
127 510
127 598
127 781
127 911
128 220
128 303
128 487
128 602
128 653
128 662
128 737
128 741
129 587
129 873
130 420
130 421
130 472
130 533
130 542
131 223
131 285
131 309
131 318
131 350
131 473
131 612
131 634
131 762
131 890
132 310
132 408
132 470
132 478
132 675
132 726
132 921
132 982
133 221
133 282
133 554
133 939
134 190
134 200
134 288
135 226
135 385
135 522
135 578
135 664
135 779
135 789
136 235
136 600
136 786
137 138
137 140
137 308
137 368
137 531
137 597
137 760
137 870
137 928
138 506
138 525
138 756
138 869
138 899
139 171
139 263
139 611
139 828
139 863
139 886
140 188
140 250
140 307
140 815
140 892
140 901
140 913
141 156
141 177
141 409
141 530
141 635
141 649
141 874
142 338
142 400
142 455
142 650
142 721
142 779
142 844
142 919
143 440
143 587
143 688
143 703
143 717
143 816
143 835
144 149
144 509
145 150
145 662
145 673
145 723
145 729
145 816
145 883
145 968
146 171
146 241
146 333
146 525
146 638
147 314
147 812
147 828
147 883
147 908
148 320
148 367
148 375
148 384
148 546
148 644
148 873
148 979
149 153
149 254
149 346
149 379
149 480
149 492
149 506
149 545
149 759
149 980
150 157
150 329
150 344
150 544
150 555
150 652
150 815
150 985
150 988
151 153
151 393
151 630
151 768
151 881
151 898
151 999
152 496
152 573
152 617
152 805
152 807
152 827
152 987
153 211
153 429
153 491
153 516
153 561
153 591
153 706
153 764
153 823
153 848
154 163
154 196
154 254
154 492
155 603
155 711
155 796
155 815
156 170
156 261
156 321
156 342
156 345
156 420
157 279
157 564
157 566
158 160
158 362
158 368
158 791
158 859
158 898
158 899
159 170
159 180
159 287
159 413
159 485
159 496
159 567
159 580
159 684
159 844
159 895
159 980
160 235
160 518
160 612
160 634
160 729
160 794
160 909
160 933
160 980
161 486
161 585
161 663
161 764
162 542
162 573
162 593
162 596
162 656
162 756
162 762
162 995
163 265
163 433
163 621
163 896
164 411
164 478
164 495
164 659
164 684
164 799
164 881
164 968
164 994
165 272
165 410
165 448
165 494
165 625
166 207
166 208
166 517
166 541
166 637
166 686
166 792
166 900
166 909
167 342
167 394
167 409
167 771
167 915
168 179
168 188
168 259
168 352
168 456
168 666
168 690
168 733
168 735
168 807
168 972
169 235
169 290
169 324
169 551
169 602
169 651
170 183
170 234
170 267
170 616
170 744
170 822
170 944
171 241
171 412
171 503
171 613
171 787
171 856
171 989
172 706
172 809
172 822
172 861
172 868
172 904
172 979
172 986
173 339
173 418
173 448
173 635
173 645
173 822
174 199
174 324
174 389
174 413
174 460
174 488
174 491
174 687
174 761
174 795
174 824
174 831
174 844
174 949
175 275
175 475
175 499
175 662
175 705
175 928
175 951
176 284
176 339
176 423
176 481
176 527
176 741
176 931
177 711
177 820
177 932
178 261
178 332
178 347
178 735
178 764
178 908
179 289
179 325
179 327
179 400
179 430
179 481
179 590
179 666
179 770
179 783
179 885
179 965
180 250
180 252
180 257
180 258
180 674
180 697
180 774
180 873
180 906
181 372
181 554
181 707
181 842
182 512
182 597
182 614
182 676
182 680
183 383
183 385
183 388
183 389
183 401
183 556
183 666
183 685
183 964
184 360
184 447
184 726
184 771
185 380
185 408
185 424
185 728
185 913
186 606
186 771
186 958
187 641
187 642
187 671
187 764
188 347
188 409
188 431
188 954
189 199
189 259
189 340
189 793
189 976
190 372
190 422
190 477
190 566
190 570
190 607
190 675
191 310
191 443
191 473
191 535
191 576
191 711
191 820
191 958
191 976
192 199
192 289
192 459
192 816
193 458
193 499
193 592
193 610
193 690
193 717
193 901
193 928
193 949
193 972
194 273
194 325
194 449
194 541
194 574
194 848
194 916
195 258
195 430
195 472
195 763
195 979
196 328
196 388
196 723
197 198
197 479
197 616
197 804
197 841
197 983
198 234
198 386
198 390
198 421
198 503
198 525
198 527
198 608
198 667
198 932
199 460
199 471
199 662
199 965
200 282
200 315
200 347
200 401
200 426
200 497
200 617
200 694
200 696
200 781
200 786
200 793
200 859
201 452
201 759
201 908
201 960
201 994
202 555
203 359
203 445
203 466
203 656
203 712
203 718
204 286
204 337
204 371
204 396
204 423
204 435
204 500
204 666
204 677
204 685
205 215
205 297
205 305
205 419
205 646
205 935
205 994
206 290
206 660
206 733
206 735
207 257
207 410
207 462
208 505
208 724
208 973
209 341
209 359
209 499
209 644
209 707
209 802
209 832
209 847
210 251
210 318
210 554
210 868
212 219
212 550
212 695
212 838
213 221
213 652
213 779
213 944
213 981
214 411
214 552
214 597
214 620
214 644
214 808
214 891
215 497
215 627
215 759
215 781
215 797
215 991
216 286
216 422
216 680
216 682
216 974
217 436
217 490
217 499
217 598
217 608
217 617
217 670
217 727
217 749
217 981
218 287
218 323
218 492
218 574
218 589
218 622
218 630
218 770
218 950
219 327
219 373
219 507
219 685
220 332
220 361
220 485
220 771
220 927
221 294
221 324
221 409
221 552
221 764
221 814
221 899
221 985
222 430
222 509
222 526
222 722
222 759
223 379
223 423
223 529
223 575
223 772
223 846
223 876
224 278
224 480
224 715
224 876
224 922
225 379
225 468
225 553
225 701
225 728
225 945
226 294
226 401
226 466
226 634
226 635
226 789
226 839
226 876
227 387
227 529
227 757
227 820
228 248
228 617
228 623
228 747
228 820
228 964
229 301
229 302
229 450
229 582
229 725
229 797
230 415
230 481
230 706
231 349
231 532
231 733
231 747
231 775
231 778
231 930
231 943
231 981
232 240
232 302
232 426
232 528
232 649
232 863
233 323
233 385
233 399
233 482
233 584
234 247
234 298
234 410
234 464
234 483
234 640
234 672
234 740
234 744
234 788
234 870
235 617
236 257
236 393
236 652
237 243
237 275
237 280
237 591
237 592
237 604
237 628
237 656
237 659
237 986
238 670
238 927
238 958
239 285
239 295
239 561
239 605
239 637
239 859
240 267
240 346
240 589
240 712
240 740
241 363
241 485
241 910
242 441
242 475
242 577
242 815
242 881
242 920
242 993
243 261
243 264
243 461
243 483
243 524
243 704
243 818
243 939
243 972
243 988
244 343
244 352
244 480
244 602
244 716
244 798
244 914
244 924
244 975
245 373
245 464
245 786
246 324
246 531
246 547
246 771
246 868
246 945
247 384
247 480
247 677
247 804
247 830
248 377
248 433
248 492
248 520
248 630
248 637
248 688
248 963
249 407
249 485
249 621
249 859
249 893
249 957
250 387
250 834
250 911
250 933
251 782
251 953
252 321
252 367
252 368
252 459
252 484
252 661
252 708
252 869
252 908
252 912
252 973
252 995
253 681
253 866
253 870
253 871
253 922
253 967
254 390
254 498
254 622
254 637
254 717
254 753
254 885
254 888
254 910
254 934
254 949
255 265
255 310
255 368
255 456
255 458
255 483
255 586
255 696
255 776
255 943
256 385
256 528
256 541
256 559
256 602
256 701
256 907
257 386
257 499
257 562
257 594
257 621
257 750
257 996
258 481
258 489
259 816
260 269
260 288
260 413
260 542
260 597
260 795
260 899
260 922
260 975
260 983
261 448
261 461
261 467
261 711
261 801
262 325
262 491
262 527
262 587
262 673
262 744
262 988
263 341
263 563
263 864
264 335
264 343
264 424
264 489
264 567
265 477
265 811
265 930
265 962
266 402
266 522
266 529
266 599
266 606
266 717
267 294
267 372
267 549
267 595
267 653
267 835
267 891
267 933
268 419
268 578
268 649
268 760
268 863
268 975
268 996
269 312
269 359
269 385
269 547
269 879
270 514
270 611
270 673
270 800
270 926
271 356
271 425
271 860
271 934
271 965
272 333
272 470
272 492
272 638
272 710
272 813
273 360
273 515
273 662
273 767
273 866
273 872
274 395
274 511
275 326
275 447
275 522
275 884
275 979
276 328
276 505
276 660
276 665
276 934
277 343
277 641
277 783
277 844
278 391
278 514
278 550
278 588
278 745
278 820
279 366
279 636
279 652
279 663
279 668
279 999
280 347
280 494
280 545
280 581
281 320
281 374
281 549
281 610
281 731
281 812
281 907
282 319
282 443
282 703
282 738
283 292
283 454
283 474
283 554
283 973
284 334
284 448
284 490
284 517
285 375
285 444
285 448
285 741
285 962
286 354
286 380
286 473
286 493
286 679
286 787
286 912
287 396
287 419
287 560
287 576
287 788
287 976
288 379
288 422
288 428
288 447
288 510
288 512
288 854
288 873
288 877
289 356
289 382
289 425
289 741
289 789
290 296
290 578
290 801
291 318
291 433
291 628
291 911
291 930
291 993
292 313
292 482
292 492
292 510
292 513
292 559
292 806
292 875
292 922
293 836
293 883
293 965
294 343
294 704
294 763
295 698
295 734
295 747
295 874
296 330
296 432
296 459
296 523
296 582
296 764
296 873
297 326
297 613
297 845
297 943
298 510
298 609
298 789
298 798
298 841
298 990
299 368
299 748
299 799
299 822
300 373
300 699
300 777
300 836
300 895
300 897
300 937
300 942
300 989
300 998
301 363
301 668
301 812
301 945
302 325
302 335
302 374
302 492
302 640
302 720
302 826
302 934
302 996
303 377
303 391
303 489
303 507
303 725
303 898
304 378
304 411
304 457
305 574
305 621
305 912
305 951
306 355
306 633
306 871
307 325
307 337
307 471
307 591
307 594
307 698
307 969
308 412
308 481
308 525
308 661
308 715
308 896
309 315
310 394
310 460
310 581
310 595
310 678
310 873
310 997
311 359
311 516
311 663
311 936
311 951
311 969
312 352
312 450
312 593
312 621
312 923
312 973
313 350
313 382
313 592
313 743
313 753
313 821
313 892
313 962
314 477
314 562
314 586
314 718
314 817
314 987
315 479
315 671
315 735
315 788
315 902
315 986
316 427
316 475
316 843
316 867
316 969
317 328
317 754
317 872
317 902
318 566
318 571
318 578
318 642
318 750
318 997
319 391
319 649
319 758
319 774
320 443
320 590
320 643
320 644
320 685
320 734
320 754
320 960
320 996
321 329
321 396
321 491
321 564
321 651
321 727
322 349
322 354
322 476
322 488
322 552
322 804
323 341
323 443
323 694
323 703
324 368
324 408
324 429
324 594
324 754
324 771
324 934
324 985
325 384
325 588
325 760
326 336
326 491
326 627
326 694
326 767
326 838
326 917
326 976
327 342
327 493
327 609
327 814
327 838
327 881
327 951
327 963
328 359
328 367
328 521
328 961
328 994
329 571
329 607
329 641
329 699
329 783
329 884
329 979
330 360
330 389
330 438
330 451
330 529
331 417
331 481
332 374
332 440
332 653
332 956
332 969
332 977
333 367
333 379
333 608
333 737
333 788
333 847
334 345
334 377
334 393
334 528
334 847
334 867
334 996
335 618
335 822
335 848
335 852
336 402
336 637
336 758
336 931
336 938
336 982
337 371
337 386
337 502
337 618
337 754
337 872
338 392
338 408
338 476
338 544
338 553
338 591
338 603
338 615
338 655
338 854
339 583
339 590
339 646
339 691
339 700
339 864
339 989
340 412
340 448
340 517
340 528
340 698
340 714
340 761
341 404
341 652
341 815
342 487
342 730
342 826
343 584
343 967
344 484
344 535
344 583
344 665
344 866
344 883
345 471
345 532
345 585
345 778
346 362
346 503
346 583
346 661
346 684
346 691
346 741
347 582
347 644
348 395
348 417
348 525
348 539
348 668
348 785
348 854
348 939
348 955
349 844
349 933
349 976
350 559
350 748
350 756
350 760
351 440
351 519
351 808
351 940
351 993
352 387
352 421
352 426
352 530
352 819
352 988
353 453
353 717
353 876
353 951
354 426
354 458
354 521
354 705
354 757
354 772
354 809
355 679
355 907
355 918
355 978
356 479
356 631
356 866
356 959
357 669
357 758
357 976
358 406
358 439
358 535
358 722
358 762
359 367
359 659
359 697
359 712
359 889
360 722
361 463
361 557
361 747
361 833
362 394
362 451
362 606
362 688
363 533
363 602
363 675
363 718
363 850
364 802
364 818
364 874
364 905
365 371
365 375
365 961
366 601
366 637
366 649
367 387
367 400
367 579
367 647
367 708
368 383
368 436
368 475
368 657
368 772
368 824
368 913
369 454
369 622
369 660
369 972
369 990
370 430
370 634
370 635
370 686
370 723
370 735
370 789
371 559
371 791
371 837
372 450
372 538
372 778
372 794
373 394
373 659
373 912
374 665
374 811
374 872
375 557
375 712
376 455
376 519
376 695
376 754
376 995
377 445
377 720
378 434
378 449
378 520
378 677
378 721
378 811
378 915
379 390
379 479
379 502
379 674
379 901
380 615
380 943
380 970
381 406
381 416
381 503
381 627
381 771
381 890
382 449
382 469
382 549
382 734
382 851
382 932
383 402
383 579
383 741
383 807
383 808
383 855
383 926
383 949
383 951
384 411
384 864
384 878
384 954
385 569
385 750
385 819
385 831
386 987
387 602
387 723
387 786
387 940
388 518
388 525
388 540
388 579
388 919
389 577
389 661
389 737
389 965
390 398
390 466
390 949
391 549
391 671
391 893
391 924
391 932
392 400
392 468
392 525
392 762
392 969
392 984
393 650
393 745
393 831
393 890
394 527
394 585
394 752
394 763
396 581
396 647
396 653
397 448
397 542
397 945
398 411
398 432
398 630
398 687
398 734
398 771
398 782
398 855
398 868
398 880
398 927
399 788
399 933
400 627
400 643
400 686
400 754
400 898
401 431
401 436
401 456
401 467
401 687
401 935
401 978
401 986
402 472
402 943
402 954
403 464
403 634
403 980
404 684
404 709
404 852
404 976
405 457
405 634
406 525
406 790
406 847
406 921
406 967
406 968
408 453
408 661
408 732
408 831
409 421
409 766
409 920
409 936
410 424
410 600
410 604
410 763
410 881
411 672
411 674
411 699
411 793
412 807
412 868
413 457
413 685
413 816
413 899
413 983
413 988
414 773
414 865
415 610
415 671
415 711
415 835
415 856
416 887
417 520
417 571
417 771
417 801
418 419
418 598
418 683
418 737
418 967
419 504
419 553
419 569
419 593
419 724
419 801
419 810
420 448
420 618
420 670
420 753
420 855
420 913
420 934
421 442
421 534
421 636
421 756
421 836
422 656
423 720
423 947
424 466
424 593
424 655
424 697
424 703
424 787
424 877
424 935
425 568
425 749
425 788
426 682
426 686
426 862
427 445
427 498
427 696
427 892
427 991
428 533
428 599
428 706
429 621
429 724
430 469
430 484
430 605
430 620
430 887
430 907
430 963
431 622
431 625
431 851
431 991
432 436
432 538
432 672
432 680
432 784
433 816
433 913
434 520
434 702
434 866
434 885
434 898
434 906
434 945
435 524
435 745
435 822
435 902
435 941
436 478
436 519
436 643
436 837
436 863
436 908
436 969
437 469
438 530
438 634
438 932
439 473
439 827
439 833
439 988
439 989
440 446
440 533
440 591
440 656
440 747
440 855
440 899
440 970
441 912
441 941
442 743
442 771
442 774
442 787
442 860
442 968
443 537
443 718
443 766
443 858
444 593
445 571
445 721
446 887
446 908
447 470
447 651
447 685
447 728
447 758
447 880
447 920
448 616
448 694
449 814
449 882
449 954
450 594
450 638
450 664
450 899
451 498
451 557
451 636
451 661
451 709
451 812
451 942
452 642
452 747
452 829
453 507
453 802
453 814
453 821
453 910
454 589
454 602
454 691
454 714
454 872
455 494
455 896
455 919
456 577
456 732
456 742
456 860
456 898
457 594
457 703
457 712
457 995
458 537
458 646
458 771
458 835
458 844
458 855
458 866
458 890
458 952
459 575
459 647
459 826
459 829
460 574
460 613
460 734
460 742
460 837
460 970
460 996
461 472
461 496
461 575
461 589
461 618
461 633
461 636
461 666
461 781
461 782
462 486
462 688
462 737
462 787
463 712
463 765
463 810
463 828
464 667
464 699
464 700
464 887
464 910
464 942
464 951
465 559
465 670
465 812
466 568
466 597
466 849
467 626
467 772
467 858
467 870
467 954
468 477
468 547
468 621
468 663
468 793
468 886
469 516
469 738
469 938
469 986
470 578
470 643
470 677
470 750
470 800
470 867
471 939
472 541
472 613
472 676
472 892
473 487
473 844
474 635
474 985
475 549
475 599
475 613
475 615
475 818
475 860
475 873
475 887
476 506
476 522
476 624
476 650
476 909
477 733
477 856
477 874
478 645
478 760
478 850
478 952
478 970
479 618
479 696
479 783
479 868
479 978
480 572
480 764
481 485
481 530
481 566
481 756
481 846
481 914
481 985
482 540
482 547
482 603
482 640
483 903
484 501
484 575
484 754
484 812
484 978
485 487
485 689
485 738
485 830
485 995
486 530
486 562
486 731
486 972
487 493
487 521
487 524
487 544
487 582
487 725
488 493
488 537
488 869
488 875
489 522
489 572
489 948
490 516
490 573
490 725
490 888
490 908
490 972
491 647
491 732
491 827
491 880
491 930
492 802
492 864
492 899
493 686
493 782
494 536
494 803
494 929
495 523
495 579
495 627
495 759
496 725
496 805
496 928
497 638
497 639
497 852
498 843
498 864
498 958
498 961
499 727
500 567
500 695
500 732
500 893
500 905
501 710
501 717
501 873
501 897
501 940
502 525
502 572
502 606
502 638
502 776
502 911
503 538
503 820
504 549
504 913
504 987
505 721
505 745
506 747
506 814
507 588
507 778
507 790
507 900
508 525
508 794
508 845
509 579
509 699
509 734
509 953
510 592
510 817
510 927
510 937
510 961
511 772
511 796
511 886
511 940
512 720
512 750
513 925
514 755
514 793
514 809
514 942
515 585
515 643
515 745
516 518
516 619
516 742
517 615
517 714
517 744
517 876
517 909
518 726
518 843
518 924
519 915
519 953
520 833
521 592
521 714
521 847
521 960
522 554
522 622
523 746
523 772
523 839
524 642
524 751
524 819
524 865
524 889
524 937
525 571
525 681
525 845
525 969
526 549
526 657
526 768
526 772
527 582
527 916
527 941
528 555
528 676
528 718
528 771
528 805
528 847
528 889
529 818
530 796
530 974
531 752
531 773
531 892
531 939
531 997
531 999
532 551
532 649
532 720
533 774
533 826
534 915
534 929
535 739
535 820
535 923
536 537
536 841
536 981
537 696
537 914
538 687
538 777
539 573
539 579
539 778
539 870
540 726
541 927
541 983
542 632
543 721
544 598
544 673
544 690
544 763
544 768
544 841
544 937
544 956
545 638
545 858
546 693
546 949
546 950
547 780
547 843
547 990
548 801
549 662
549 736
549 787
549 840
549 842
549 991
550 580
550 660
550 815
550 817
550 865
550 883
551 623
551 759
551 795
551 879
552 635
552 677
552 761
552 794
552 900
553 722
553 815
553 844
553 902
553 926
553 974
554 710
554 926
555 650
555 687
555 871
555 876
555 910
555 911
557 661
558 588
558 915
558 986
559 579
559 670
559 810
559 854
559 856
560 834
561 574
561 776
561 810
562 817
562 979
563 573
563 699
564 565
564 632
564 686
564 840
565 595
566 808
567 598
567 850
568 703
568 775
569 695
569 852
569 954
569 958
570 597
570 702
570 818
570 820
573 577
573 845
573 974
574 606
574 662
574 698
574 808
574 861
574 867
575 595
575 798
576 612
576 939
576 973
577 681
577 704
577 993
578 686
578 762
578 801
578 911
578 944
579 609
579 611
579 942
580 865
580 928
580 988
581 591
581 653
581 865
582 773
582 844
582 936
583 956
583 980
584 677
584 688
584 837
584 850
586 907
586 949
587 760
587 793
587 900
587 922
587 976
588 616
588 647
588 735
588 737
588 757
589 603
589 716
589 803
589 860
590 692
590 811
590 850
590 891
590 989
591 955
592 616
592 667
592 699
592 852
592 884
592 996
593 681
593 779
594 786
594 829
594 886
594 905
594 963
596 645
596 709
596 736
596 970
597 622
597 690
597 694
597 769
597 891
598 726
598 823
598 901
598 925
598 964
599 662
599 742
599 746
599 754
599 881
600 791
600 792
600 825
600 923
600 975
600 996
601 838
601 877
601 892
602 652
602 677
602 761
603 663
603 671
603 756
603 776
603 836
603 901
603 962
604 639
604 736
604 855
604 918
605 636
605 784
606 802
607 778
607 817
608 914
608 953
608 972
608 981
609 666
609 866
610 811
610 934
611 884
611 921
612 636
612 807
612 833
612 924
612 941
613 623
613 681
613 896
613 902
613 917
614 739
614 756
614 934
614 992
615 702
616 788
617 820
617 842
617 858
618 741
618 801
618 890
619 625
619 669
619 865
619 918
619 941
620 705
620 799
621 788
621 800
621 948
623 670
623 768
624 840
625 628
625 756
626 715
626 723
626 773
626 973
627 708
627 802
627 806
627 900
628 634
628 734
628 795
628 805
628 967
629 715
629 735
629 780
630 676
630 688
630 760
631 689
631 746
631 870
631 883
631 911
631 957
632 685
632 706
632 858
632 897
632 903
632 985
633 785
633 877
633 958
635 662
635 745
635 885
636 870
636 890
637 700
637 890
637 931
637 951
638 823
638 984
639 681
640 760
641 777
641 795
641 881
642 692
642 914
643 723
643 817
643 824
643 939
645 823
645 882
646 740
646 833
646 936
646 953
646 981
647 665
647 669
647 693
647 784
648 651
648 669
648 671
649 889
650 972
651 734
651 884
652 711
652 867
652 987
654 780
654 968
656 688
656 989
657 664
657 719
657 777
657 921
659 669
659 707
659 811
659 963
660 904
660 988
661 680
661 684
661 859
662 718
662 911
663 684
663 801
663 855
663 946
665 689
665 717
665 720
665 833
665 870
665 973
666 679
666 779
666 855
666 904
666 913
666 927
666 935
667 795
667 846
667 962
669 750
669 815
669 840
669 845
670 818
670 850
670 898
671 706
671 728
671 809
671 998
672 713
672 811
672 848
672 999
673 776
673 785
673 859
674 801
675 921
675 968
676 844
677 777
677 893
677 939
679 700
679 750
679 857
679 871
679 882
679 981
680 717
680 842
680 931
681 744
681 791
681 798
681 837
682 720
682 906
683 713
683 738
683 750
683 863
683 930
684 717
684 730
684 905
686 788
687 711
687 936
688 776
688 845
688 948
688 981
689 713
690 752
690 761
690 808
691 749
691 974
692 791
692 800
692 958
693 762
694 703
694 865
695 922
695 935
696 704
696 852
696 880
696 883
697 842
697 849
698 936
698 944
699 802
700 796
701 838
701 914
702 784
702 946
703 771
703 778
703 965
704 706
704 736
704 934
704 981
705 710
705 822
706 960
707 745
708 939
709 812
709 876
710 785
710 819
710 858
711 933
711 981
712 822
712 992
714 811
715 785
715 900
715 921
715 926
715 949
715 952
716 768
716 945
717 841
717 906
717 939
718 809
718 864
718 940
718 946
719 783
719 882
719 975
721 888
722 725
722 946
722 970
723 978
724 737
724 802
724 975
725 830
726 731
726 740
727 776
727 809
727 985
728 825
728 854
729 784
729 841
729 965
730 825
730 910
731 984
732 743
732 835
732 958
732 970
733 779
733 855
733 875
734 815
734 943
735 803
736 784
736 823
738 822
738 848
739 851
739 974
740 782
740 821
740 906
740 918
741 792
741 917
742 858
743 762
743 779
743 956
743 964
744 960
745 787
745 949
745 950
746 758
746 853
746 877
747 801
747 862
748 752
749 807
749 880
750 854
751 753
752 803
752 835
752 946
756 782
756 917
758 850
759 903
761 816
762 785
762 803
762 815
762 825
762 894
762 908
763 955
764 864
764 913
765 840
765 927
766 908
768 788
769 771
769 853
769 854
770 904
771 800
772 832
772 956
774 848
775 934
777 784
777 964
778 898
779 886
780 799
780 911
780 988
781 806
781 856
781 882
781 982
782 848
782 959
782 983
783 793
783 834
783 954
783 998
784 959
788 868
789 852
790 929
791 829
792 832
793 947
794 885
794 906
797 824
797 830
798 804
798 964
800 944
801 831
801 860
801 941
801 943
801 965
802 897
802 931
803 859
804 851
804 941
805 899
805 907
806 809
810 811
810 840
810 960
812 839
812 991
813 997
814 858
815 839
815 955
815 982
816 842
817 930
817 985
818 916
819 844
819 848
820 896
820 923
821 858
821 923
822 850
822 920
822 998
823 979
824 874
824 918
827 933
828 888
828 971
829 862
829 926
829 980
829 999
830 985
831 894
833 861
834 926
836 979
837 975
839 998
840 847
840 920
840 944
841 876
841 882
841 939
842 862
845 915
845 947
847 964
850 968
851 995
854 951
855 991
856 990
857 909
858 993
859 905
859 939
860 868
860 951
864 972
865 872
866 918
868 892
868 991
873 999
874 875
874 893
874 915
874 953
875 906
875 962
877 908
877 942
878 895
880 908
881 975
884 904
884 975
885 998
886 921
886 987
889 963
890 997
892 930
896 985
897 979
897 993
898 908
898 956
898 975
903 916
903 926
903 998
904 994
905 998
908 962
908 977
909 955
910 966
912 923
912 948
913 989
914 924
914 967
916 923
917 977
919 931
919 962
920 936
922 961
924 931
924 941
927 940
936 941
938 970
942 989
947 986
948 969
954 957
959 963
962 982
964 971
968 991
976 987
977 982
980 990
