0
1000
4961
0
1
0
0 143
0 373
0 390
0 510
0 903
0 980
0 990
1 29
1 70
1 154
1 289
1 518
1 613
1 701
1 778
2 180
2 182
2 434
2 890
2 926
3 16
3 152
3 376
3 385
3 421
3 462
3 519
3 544
3 548
3 801
3 906
4 9
4 97
4 235
4 240
4 379
4 439
4 576
4 617
4 827
4 924
4 964
5 219
5 362
5 476
5 528
5 543
5 552
5 586
5 708
5 856
5 860
5 906
5 986
6 163
6 245
6 556
6 785
6 921
6 925
6 989
7 203
7 383
7 486
7 504
7 558
7 583
7 793
7 807
7 813
7 951
7 952
8 12
8 64
8 183
8 220
8 495
8 605
8 634
8 800
8 807
8 928
9 32
9 219
9 235
9 413
9 446
9 606
9 681
9 848
9 935
10 365
10 637
11 13
11 93
11 134
11 138
11 193
11 267
11 286
11 564
11 634
12 121
12 186
12 237
12 435
12 459
12 473
12 552
12 718
12 824
12 999
13 14
13 104
13 168
13 172
13 511
13 701
13 800
13 804
13 889
14 95
14 312
14 331
14 400
14 884
15 21
15 137
15 254
15 327
15 416
15 609
15 616
15 641
15 686
15 739
15 831
15 959
16 109
16 110
16 250
16 446
16 512
16 563
17 116
17 199
17 375
17 646
17 652
17 810
17 890
17 957
18 19
18 58
18 109
18 250
18 613
18 655
18 682
18 705
18 880
19 505
19 543
19 580
19 629
19 665
19 834
19 869
20 163
20 171
20 279
20 513
20 607
20 614
21 49
21 400
21 726
21 727
21 876
21 932
21 991
22 78
22 96
22 215
22 267
22 299
22 463
22 510
22 527
22 532
22 558
22 610
22 755
22 895
22 927
23 201
23 208
23 362
23 415
23 715
23 747
23 876
24 259
24 297
24 298
24 406
24 498
24 576
24 609
24 621
24 706
24 768
24 850
24 937
24 990
25 79
25 80
25 99
25 299
25 484
25 662
25 901
25 978
26 37
26 96
26 128
26 247
26 277
26 361
26 394
26 464
26 505
26 589
26 632
26 633
26 707
26 728
26 941
26 965
27 50
27 167
27 172
27 429
27 494
27 549
27 980
28 54
28 58
28 80
28 123
28 454
28 481
28 627
28 945
28 971
29 172
29 259
29 288
29 788
29 796
29 817
29 826
29 865
29 887
30 209
30 224
30 286
30 338
30 499
30 505
30 583
30 769
30 865
30 902
30 921
31 36
31 53
31 64
31 67
31 76
31 236
31 443
31 491
31 513
31 605
31 615
31 674
31 755
31 803
32 129
32 205
32 266
32 344
32 533
32 545
32 577
32 630
32 733
32 863
32 882
32 940
33 292
33 293
33 300
33 347
33 357
33 401
33 993
34 72
34 78
34 175
34 319
34 472
34 511
34 575
34 691
34 703
34 804
34 925
34 946
35 109
35 384
35 451
35 868
36 52
36 205
36 230
36 246
36 269
36 388
36 481
36 552
36 588
36 800
36 846
36 967
37 115
37 139
37 178
37 201
37 222
37 265
37 411
37 419
37 842
38 81
38 187
38 271
38 443
38 541
38 548
38 558
38 581
38 596
38 610
38 644
38 668
38 690
38 772
38 781
38 923
39 54
39 83
39 196
39 217
39 267
39 363
39 467
39 493
39 505
39 560
39 634
39 735
39 813
40 304
40 340
40 629
40 889
40 981
41 279
41 614
41 639
41 853
42 196
42 627
42 692
42 904
42 965
43 57
43 129
43 143
43 341
43 349
43 404
43 489
43 553
43 814
43 867
43 988
43 998
44 61
44 64
44 117
44 206
44 222
44 584
44 941
44 961
44 996
45 53
45 107
45 129
45 222
45 231
45 321
45 333
45 414
45 446
45 499
45 519
45 730
45 740
45 883
46 82
46 165
46 276
46 318
46 679
46 680
46 769
46 872
46 984
47 54
47 115
47 128
47 309
47 346
47 354
47 372
47 464
47 542
47 616
47 794
47 977
48 56
48 74
48 135
48 188
48 215
48 296
48 354
48 452
48 970
49 193
49 587
49 871
49 873
49 874
49 895
50 526
50 571
50 589
50 598
50 705
50 939
50 953
51 176
51 255
51 260
51 372
51 645
52 212
52 238
52 258
52 320
52 411
52 442
53 158
53 173
53 293
53 351
53 394
53 550
53 562
53 817
53 898
54 84
54 95
54 152
54 199
54 589
55 65
55 130
55 293
55 450
55 484
55 566
55 590
55 893
56 241
56 266
56 491
56 546
56 580
56 935
56 957
57 274
57 372
57 545
57 632
57 666
57 740
57 903
57 982
57 986
58 115
58 123
58 206
58 221
58 288
58 498
58 596
58 827
58 861
58 885
59 190
59 650
59 892
59 996
60 99
60 181
60 339
60 429
60 461
60 503
60 540
60 671
60 689
60 777
60 875
60 934
60 987
60 993
61 67
61 96
61 97
61 270
61 602
61 752
61 764
61 832
62 731
62 804
62 928
63 160
63 218
63 264
63 302
63 323
63 378
63 430
63 580
63 604
63 706
63 733
63 749
63 882
63 985
63 987
64 106
64 231
64 328
64 529
64 572
64 720
64 735
64 859
64 875
65 71
65 108
65 525
65 528
65 541
65 617
65 630
65 647
65 697
65 804
65 907
65 917
66 158
66 249
66 278
66 290
66 455
66 638
66 676
66 759
66 907
66 909
66 932
66 999
67 126
67 207
67 284
67 355
67 366
67 410
67 531
67 557
67 732
67 769
67 833
67 835
68 77
68 119
68 161
68 279
68 329
68 354
68 495
68 529
68 598
68 714
68 741
68 751
68 921
68 934
69 83
69 110
69 132
69 246
69 407
69 422
69 472
69 562
69 615
69 863
69 937
70 108
70 178
70 300
70 644
70 656
70 726
70 774
70 840
70 958
71 142
71 241
71 250
71 252
71 388
71 427
71 466
71 558
71 594
71 756
71 931
72 247
72 310
72 322
72 375
72 394
72 452
72 505
72 577
72 579
72 606
72 751
72 944
72 990
73 215
73 294
73 369
73 557
73 730
73 804
73 911
73 920
73 994
74 127
74 178
74 319
74 495
74 602
74 858
74 901
74 941
74 950
75 126
75 139
75 165
75 208
75 421
75 596
75 909
75 937
75 940
75 985
76 197
76 229
76 238
76 578
76 863
77 186
77 445
77 463
77 522
77 616
77 680
77 697
77 833
77 936
77 976
78 92
78 197
78 296
78 324
78 327
78 344
78 467
78 559
78 561
78 587
78 590
78 599
78 638
78 889
79 107
79 328
79 412
79 455
79 557
79 582
79 609
79 639
79 821
79 911
79 958
80 230
80 329
80 370
80 522
80 879
81 152
81 234
81 262
81 265
81 467
81 588
81 602
81 620
81 626
81 700
81 724
81 779
82 178
82 234
82 258
82 274
82 292
82 350
82 351
82 394
82 469
82 470
82 513
82 598
82 636
82 727
82 851
83 111
83 229
83 282
83 300
83 309
83 479
83 498
83 627
83 733
83 738
83 790
84 101
84 116
84 388
84 424
84 425
84 563
84 607
84 618
84 620
84 679
84 755
84 777
84 817
84 912
84 940
84 951
85 228
85 465
85 466
85 560
85 699
85 770
85 843
85 974
86 99
86 108
86 139
86 257
86 531
86 733
86 777
87 219
87 413
87 420
87 525
87 536
87 552
87 572
87 710
87 752
88 140
88 204
88 244
88 249
88 276
88 430
88 431
88 598
88 769
88 805
88 828
88 922
88 959
89 139
89 181
89 272
89 300
89 633
89 649
89 822
90 178
90 721
90 872
90 884
90 962
91 118
91 188
91 202
91 224
91 284
91 432
91 527
91 577
91 610
91 649
91 658
91 773
91 945
92 99
92 167
92 454
92 486
92 505
92 515
92 525
92 663
92 818
92 857
93 308
93 318
93 473
93 547
93 760
93 769
93 820
93 933
94 163
94 195
94 213
94 341
94 580
94 753
94 875
94 964
95 131
95 352
95 708
95 790
95 815
95 858
95 974
96 146
96 168
96 172
96 350
96 444
96 526
96 568
96 572
96 596
96 620
96 856
97 142
97 222
97 276
97 294
97 319
97 324
97 328
97 415
97 581
97 676
97 750
97 771
97 884
97 945
98 106
98 108
98 195
98 230
98 273
98 294
98 314
98 469
98 492
98 797
98 820
99 369
99 373
99 405
99 602
99 611
99 688
99 705
99 776
99 983
100 370
100 382
100 596
100 666
100 791
100 895
101 322
101 473
101 477
101 688
101 784
101 890
101 921
101 958
101 971
102 107
102 152
102 253
102 374
102 380
102 433
102 485
102 499
102 620
102 636
102 648
102 651
102 717
102 883
103 158
103 161
103 194
103 234
103 388
103 390
103 512
103 575
103 832
103 990
103 998
104 109
104 157
104 195
104 205
104 377
104 399
104 527
104 585
104 598
104 657
104 945
104 977
104 984
105 129
105 213
105 240
105 249
105 294
105 555
105 659
105 736
105 784
105 885
105 953
105 980
106 243
106 370
106 420
106 430
106 606
106 670
106 728
106 985
107 191
107 206
107 269
107 336
107 604
107 698
107 817
107 891
107 963
108 251
108 353
108 464
108 467
108 534
108 631
108 641
108 660
108 665
108 738
108 827
108 953
109 181
109 207
109 227
109 275
109 390
109 530
109 635
109 844
109 875
110 153
110 418
110 538
110 693
110 894
110 933
110 936
110 943
111 123
111 224
111 253
111 391
111 567
111 571
111 698
111 707
111 722
111 940
111 949
111 955
112 148
112 438
112 499
112 522
112 539
112 780
112 836
112 860
112 945
112 957
113 342
113 430
113 485
113 618
113 725
113 755
113 907
113 974
113 978
114 231
114 257
114 377
114 385
114 460
114 708
114 721
114 767
114 948
114 950
115 117
115 127
115 140
115 204
115 206
115 406
115 748
115 764
116 177
116 222
116 232
116 316
116 342
116 371
116 383
116 404
116 434
116 495
116 632
116 738
116 779
116 787
116 881
116 968
117 389
117 457
117 518
117 542
117 559
117 811
117 893
118 142
118 280
118 546
118 547
118 634
118 667
118 793
118 834
118 975
119 177
119 267
119 402
119 424
119 432
119 535
119 770
119 837
119 896
119 988
120 123
120 237
120 288
120 525
120 557
120 620
120 632
120 665
120 670
120 724
120 881
120 955
121 151
121 566
121 768
121 823
121 850
121 936
122 267
122 435
122 599
122 606
122 637
122 704
122 777
122 819
122 823
122 900
123 133
123 144
123 158
123 219
123 288
123 381
123 439
123 510
123 550
123 588
123 629
123 913
123 986
124 212
124 811
124 893
124 909
124 969
125 163
125 215
125 392
125 413
125 697
125 708
125 982
126 362
126 556
126 921
127 228
127 387
127 425
127 657
127 669
127 673
127 966
128 182
128 189
128 272
128 375
128 388
128 392
128 403
128 435
128 450
128 566
129 174
129 216
129 332
129 338
129 371
129 398
129 435
130 226
130 313
130 372
130 490
130 568
130 620
130 787
130 924
131 257
131 432
131 557
131 631
131 758
131 774
131 787
131 811
131 952
131 956
132 187
132 345
132 393
132 414
132 518
132 564
132 612
132 621
132 627
132 816
133 205
133 248
133 390
133 405
133 646
133 709
133 718
133 818
133 867
133 893
133 954
134 538
134 580
134 614
134 642
134 645
134 646
134 674
134 677
134 679
134 974
135 292
135 420
135 582
135 644
136 145
136 191
136 308
136 319
136 444
136 543
136 601
136 608
136 818
136 820
136 849
136 896
136 907
137 142
137 161
137 196
137 573
137 675
137 814
138 232
138 640
138 755
138 769
138 911
138 980
139 258
139 347
139 355
139 482
139 517
139 601
139 732
139 750
139 810
140 224
140 260
140 361
140 390
140 474
140 500
140 597
140 606
140 692
140 697
140 731
140 736
140 934
141 272
141 302
141 310
141 312
141 475
141 681
141 723
141 829
141 893
141 933
142 240
142 310
142 324
142 381
142 530
142 707
142 785
142 794
142 872
143 286
143 381
143 494
143 633
143 661
143 781
143 799
143 814
144 158
144 251
144 260
144 693
144 704
144 771
144 878
144 916
145 165
145 167
145 173
145 201
145 254
145 406
145 609
145 720
145 823
146 245
146 319
146 338
146 433
146 551
146 652
146 713
146 756
146 785
146 917
147 159
147 217
147 276
147 375
147 535
147 610
147 663
147 705
147 796
147 841
148 179
148 213
148 350
148 389
148 521
148 581
148 775
149 178
149 285
149 327
149 458
149 693
149 744
149 794
149 805
149 864
150 163
150 405
150 598
150 687
150 744
150 746
150 819
150 899
151 163
151 358
151 406
151 463
151 588
151 639
151 693
151 762
151 781
151 791
151 793
152 234
152 265
152 312
152 355
152 388
152 402
152 442
152 482
152 683
152 747
152 755
152 842
152 894
153 155
153 263
153 388
153 612
153 668
153 764
153 782
153 882
154 826
154 996
155 194
155 225
155 246
155 418
155 537
155 549
155 609
155 751
155 780
156 260
156 456
156 583
156 617
156 742
156 780
156 909
156 911
156 950
156 962
156 964
157 188
157 226
157 279
157 456
157 511
157 614
157 644
157 900
157 941
157 979
158 169
158 252
158 374
158 693
158 744
158 847
158 864
158 899
158 997
159 238
159 279
159 579
159 580
159 665
159 667
159 864
159 918
160 519
160 545
160 563
160 875
160 948
160 950
161 167
161 243
161 256
161 384
161 431
161 678
161 693
161 810
161 839
162 206
162 258
162 313
162 335
162 423
162 546
162 576
162 741
162 920
163 181
163 243
163 283
163 374
163 486
163 488
163 509
163 517
163 528
163 739
163 871
163 895
163 977
164 368
164 381
164 681
164 732
164 877
164 911
164 921
164 948
165 186
165 485
165 659
165 703
165 776
165 805
165 835
165 844
165 870
165 894
166 230
166 456
166 711
166 716
166 733
167 219
167 314
167 406
167 538
167 583
167 642
167 706
167 747
167 850
167 864
167 978
168 298
168 304
168 319
168 488
168 641
168 734
168 793
168 824
168 849
168 852
168 855
168 890
168 917
168 927
168 943
169 756
169 918
169 972
169 986
169 993
170 532
170 597
170 796
170 840
171 210
171 537
171 768
171 837
172 308
172 614
172 713
172 911
172 920
173 259
173 542
173 570
173 573
173 714
173 776
173 997
174 219
174 547
174 680
174 714
174 786
174 805
174 839
174 876
175 176
175 361
175 368
175 374
175 498
175 675
175 798
175 913
175 924
175 950
176 343
176 345
176 377
176 379
176 600
176 862
176 869
177 256
177 309
177 312
177 366
177 593
177 643
177 779
177 793
177 947
178 211
178 246
178 322
178 493
178 531
178 684
178 702
178 711
178 791
179 289
179 885
179 948
179 966
180 201
180 259
180 316
180 356
180 602
181 226
181 293
181 596
181 601
181 633
181 815
181 847
181 862
181 888
181 961
182 199
182 366
182 476
182 586
182 601
182 651
182 671
182 753
182 763
182 817
182 818
182 962
182 970
183 253
183 285
183 294
183 330
183 450
183 920
183 938
184 222
184 319
184 341
184 360
184 378
184 504
184 675
184 698
184 705
184 766
184 867
184 926
185 364
185 554
185 734
185 807
185 847
186 237
186 248
186 298
186 435
186 491
186 560
186 592
186 610
187 303
187 321
187 389
187 436
187 495
187 555
187 612
187 617
187 620
187 667
187 702
187 841
187 855
187 945
187 977
188 305
188 321
188 326
188 690
188 700
188 782
188 897
189 226
189 244
189 253
189 314
189 731
189 772
189 995
190 451
190 541
190 545
190 888
190 931
191 217
191 345
191 386
191 398
191 462
191 574
191 618
191 885
191 922
191 977
192 237
192 298
192 334
192 687
192 732
193 450
193 490
193 516
193 541
193 827
193 947
193 998
194 385
194 407
194 418
194 512
194 664
195 368
195 398
195 491
195 519
195 522
195 653
195 723
195 868
195 919
196 230
196 332
196 465
196 559
196 666
196 707
197 374
197 382
197 425
197 536
197 557
197 589
197 695
197 942
198 225
198 390
198 495
198 515
198 577
198 722
198 735
198 844
198 930
199 415
199 454
199 471
199 490
199 504
199 517
199 584
199 595
199 857
199 884
199 888
200 231
200 307
200 486
200 629
200 983
201 281
201 451
201 574
201 815
201 825
201 909
201 989
202 229
202 304
202 357
202 474
202 476
202 749
202 929
202 951
203 386
203 558
203 684
203 915
203 939
204 280
204 500
204 544
204 720
204 721
205 287
205 310
205 362
205 430
205 474
205 568
205 589
205 614
205 656
205 945
206 289
206 554
206 677
206 802
207 301
207 458
207 742
207 833
207 938
207 981
208 259
208 343
208 435
208 776
208 862
208 975
208 985
208 994
209 477
209 537
209 740
210 337
210 373
210 393
210 570
210 587
210 708
210 713
210 733
210 783
210 877
210 929
211 326
211 335
211 439
211 548
211 748
211 896
211 905
211 973
212 295
212 317
212 396
212 779
213 301
213 374
213 421
213 464
213 490
213 587
213 735
213 880
213 893
213 989
214 445
214 750
214 806
215 248
215 474
215 823
215 850
216 256
216 477
216 498
216 584
216 603
216 614
216 660
216 704
216 755
216 808
216 814
216 821
216 894
217 226
217 235
217 318
217 493
217 606
217 905
217 986
218 265
218 433
218 450
218 537
218 586
218 624
218 662
218 740
219 242
219 366
219 460
219 607
219 760
219 875
219 925
220 307
220 320
220 712
220 765
220 855
220 904
221 237
221 298
221 402
221 506
221 518
221 555
221 690
221 745
222 362
222 372
222 459
222 590
222 609
222 650
222 705
222 785
222 958
223 322
223 335
223 389
223 497
223 510
223 637
223 854
223 956
224 237
224 337
224 569
224 600
224 940
225 416
225 517
225 590
225 679
225 724
225 940
225 992
225 999
226 313
226 525
226 600
226 653
226 812
226 906
226 919
226 958
227 243
227 400
227 467
227 480
227 485
227 639
227 759
227 796
228 385
228 401
228 447
228 547
228 590
228 695
228 747
228 871
228 974
229 230
229 280
229 527
229 551
229 555
229 558
229 631
229 847
229 960
229 991
230 235
230 405
230 489
230 580
230 743
230 803
231 323
231 350
231 370
231 435
231 439
231 472
231 501
231 789
231 794
232 263
232 305
232 442
232 602
232 606
232 670
232 775
233 329
233 480
233 876
233 923
234 276
234 405
234 576
234 668
234 743
234 860
234 883
235 242
235 286
235 337
235 426
235 730
235 751
235 776
235 887
235 906
236 260
236 269
236 389
236 403
236 661
236 743
236 922
236 935
236 949
236 969
236 971
237 319
237 376
237 388
237 399
237 467
237 474
237 526
237 562
237 630
238 309
238 386
238 514
238 693
238 828
238 861
238 863
238 899
238 998
238 999
239 252
239 272
239 307
239 364
239 443
239 512
239 671
239 723
239 800
239 829
239 872
239 927
239 948
239 974
240 325
240 329
240 506
240 521
240 558
240 609
240 666
240 797
240 886
240 957
240 974
241 347
241 380
241 538
241 679
241 788
242 243
242 260
242 278
242 445
242 479
242 505
242 625
242 694
242 711
242 831
243 413
243 785
243 811
243 892
243 918
243 945
243 977
243 998
244 283
244 363
244 488
244 520
244 547
244 575
244 578
244 683
244 741
244 874
244 972
245 286
245 364
245 383
245 415
245 503
245 832
245 863
245 893
245 929
246 485
246 526
246 707
246 923
247 331
247 378
247 415
247 489
247 550
247 565
247 621
247 682
247 791
248 292
248 297
248 298
248 652
248 721
248 762
248 808
248 815
248 860
248 971
249 257
249 364
249 549
249 553
249 816
249 839
250 280
250 356
250 611
250 692
250 711
250 736
250 813
250 826
251 254
251 270
251 304
251 391
251 407
251 486
251 518
251 540
251 614
251 641
251 673
251 775
251 811
252 305
252 446
252 541
252 592
253 279
253 322
253 455
253 553
253 975
254 428
254 614
255 256
255 529
255 568
255 651
255 680
255 849
256 277
256 281
256 330
256 584
256 586
256 749
256 798
256 872
257 346
257 726
257 862
257 895
257 905
258 276
258 282
258 283
258 368
258 522
258 594
258 731
259 308
259 491
259 548
259 570
259 599
259 756
259 946
259 953
260 287
260 446
260 512
260 561
260 606
260 642
260 668
260 904
260 930
261 320
261 387
261 501
261 521
261 803
261 810
262 372
262 490
262 525
262 603
262 771
262 899
262 986
263 358
263 481
263 482
263 868
263 929
263 942
264 284
264 328
264 396
264 413
264 505
264 661
264 676
264 705
264 854
264 986
265 310
265 322
265 508
265 528
265 530
265 620
265 768
265 802
265 919
266 348
266 383
266 526
266 550
266 608
266 614
266 892
266 914
266 938
266 962
266 991
266 995
267 302
267 431
267 442
267 510
268 280
268 481
268 633
268 781
268 785
268 875
269 605
269 747
269 982
270 709
270 843
270 884
270 929
271 287
271 341
271 351
271 423
271 508
271 680
271 703
271 863
271 866
271 915
272 351
272 427
272 433
272 564
272 582
272 587
272 622
272 666
272 782
272 829
272 995
273 278
273 331
273 458
273 575
273 629
273 700
273 719
273 780
273 869
274 287
274 288
274 298
274 339
274 415
274 481
274 518
274 588
274 761
274 786
274 813
274 863
275 411
275 748
275 758
275 893
275 927
275 944
275 955
275 958
276 296
276 552
276 567
276 654
276 806
277 297
277 484
277 917
278 334
278 484
278 699
278 715
278 737
278 997
279 380
279 667
279 757
279 865
280 372
280 557
280 649
280 706
280 916
281 290
281 447
281 504
281 656
281 730
281 772
281 779
281 781
281 825
281 868
281 997
282 322
282 471
282 744
282 799
282 935
282 998
283 552
283 624
283 669
283 704
283 858
284 300
284 361
284 435
284 516
284 669
284 793
284 878
284 971
284 976
285 429
285 474
285 507
285 719
285 938
286 352
286 480
286 900
286 983
287 507
287 607
287 665
287 702
287 883
287 892
287 899
287 922
288 323
288 395
288 478
288 657
288 746
288 828
288 830
289 409
289 411
289 434
289 741
289 854
289 982
290 540
290 656
290 958
291 343
291 409
291 424
291 530
291 911
292 425
292 522
292 532
292 556
292 637
292 750
292 791
292 883
292 887
292 936
292 991
293 358
293 523
293 537
293 600
293 610
293 663
293 796
293 957
294 316
294 386
294 693
294 770
295 324
295 377
295 428
295 751
295 812
295 933
296 332
296 344
296 375
296 378
296 620
296 827
297 351
297 462
297 578
297 631
297 692
297 866
297 902
298 345
298 670
298 731
298 765
298 770
298 858
299 305
299 357
299 456
299 621
299 644
299 690
299 853
299 937
299 979
299 989
300 370
300 434
300 469
300 651
300 846
300 905
301 521
301 592
301 682
302 365
302 406
302 494
302 808
302 816
303 348
303 400
303 597
303 651
303 674
303 706
303 725
303 769
303 834
303 861
303 876
303 930
304 428
304 446
304 477
304 769
305 364
305 753
305 830
305 968
306 429
306 477
306 523
306 598
306 639
306 789
306 869
306 878
306 941
306 963
307 452
307 507
307 571
307 686
307 690
307 880
307 946
307 966
308 331
308 554
308 633
308 693
308 913
309 397
309 512
309 519
309 808
309 882
310 316
310 363
310 375
310 474
310 497
310 739
311 319
311 499
311 783
311 800
311 848
312 315
312 503
312 601
312 716
312 739
312 873
312 914
312 938
313 481
313 555
313 669
313 679
313 718
313 739
313 891
314 343
314 518
314 653
314 671
314 746
315 473
315 487
315 516
315 579
315 754
315 763
315 842
315 859
315 934
315 972
316 323
316 561
316 628
316 802
316 817
316 941
317 379
317 436
317 500
317 508
317 565
317 615
317 680
317 749
317 840
317 863
317 933
318 366
318 375
318 492
318 754
318 825
318 878
318 968
319 363
319 416
319 463
319 479
319 813
319 934
320 331
320 595
320 622
320 667
320 912
320 995
321 330
321 541
321 553
321 698
321 746
321 835
321 878
322 416
322 464
322 526
322 559
322 591
322 828
322 849
323 324
323 333
323 434
323 940
323 966
324 342
324 408
324 655
324 662
324 746
324 835
325 558
325 593
325 623
325 663
325 718
325 846
325 918
326 833
326 845
326 952
327 337
327 408
327 558
327 588
327 650
327 712
327 726
327 764
327 778
327 780
327 821
328 705
328 794
329 333
329 365
329 377
329 395
329 528
329 867
330 390
330 541
330 560
330 726
330 877
330 931
330 948
331 339
331 464
331 590
331 830
331 833
332 578
332 749
332 754
332 815
332 842
333 363
333 617
333 670
333 770
333 784
333 896
334 357
334 385
334 398
334 532
334 639
334 838
334 842
334 863
335 344
335 367
335 433
335 513
335 536
335 549
335 918
335 989
335 996
336 780
336 923
337 340
337 373
337 382
337 503
337 542
337 804
337 821
337 904
338 364
338 878
338 980
338 995
339 370
339 603
339 616
339 744
339 836
339 873
339 979
340 487
340 598
340 619
340 722
340 808
341 491
341 575
341 702
341 772
341 918
341 940
342 363
342 503
342 848
342 986
343 678
343 788
344 368
344 613
344 625
344 717
344 720
344 742
344 744
344 796
344 903
345 357
345 506
345 528
345 539
345 594
345 807
345 809
345 909
345 934
345 958
346 449
346 517
346 549
346 634
346 678
346 686
346 695
346 811
346 819
346 883
346 934
346 938
346 978
347 368
347 373
347 743
347 853
348 361
348 401
348 454
348 624
348 711
348 736
348 794
348 907
348 993
349 436
349 540
349 590
349 895
349 918
349 963
350 417
350 476
350 590
350 687
350 755
350 921
351 427
351 429
351 533
351 614
351 833
351 934
352 389
352 422
352 553
352 607
352 612
352 663
352 943
352 977
353 398
353 435
353 813
353 907
354 447
354 456
354 479
354 624
354 710
354 794
354 876
354 938
355 422
355 549
355 569
355 625
355 670
355 685
355 686
355 794
355 851
355 881
355 892
356 388
356 644
356 923
356 975
357 378
357 414
357 520
357 567
357 664
357 684
357 721
357 723
357 744
357 806
357 918
357 925
358 516
358 549
358 844
358 906
358 945
359 411
359 629
359 666
359 722
360 571
360 681
360 743
360 829
360 924
360 997
361 379
361 537
361 630
361 718
361 825
361 830
361 973
361 990
361 995
362 583
362 621
362 625
362 751
362 772
362 797
362 863
362 909
363 394
363 415
363 494
363 596
363 645
363 719
363 740
363 830
363 963
364 497
364 593
364 711
364 754
364 807
364 837
364 907
365 485
365 660
365 775
365 829
365 832
366 479
366 482
366 672
366 866
366 976
367 430
367 516
367 612
367 627
367 710
367 953
367 970
368 428
368 511
368 674
368 696
368 775
368 777
368 868
369 545
369 707
369 717
369 752
369 851
369 874
369 904
369 926
370 761
370 820
370 891
371 390
371 396
371 444
371 453
371 532
371 564
371 606
371 808
372 453
372 489
372 530
372 547
372 686
372 902
372 904
373 464
373 726
373 757
373 830
373 945
373 983
374 424
374 513
374 682
374 750
374 787
374 856
375 421
375 546
375 824
376 444
376 483
376 577
376 626
376 695
376 748
377 413
377 583
377 585
377 654
377 667
377 770
377 793
378 744
378 957
379 390
379 468
379 571
379 732
379 871
380 516
380 544
380 547
380 928
381 392
381 424
381 532
381 739
381 749
381 804
381 933
381 985
382 578
382 607
382 657
382 777
382 921
383 423
383 538
383 874
384 641
384 649
384 728
384 784
384 879
384 881
385 637
385 667
385 709
385 815
386 498
386 546
386 699
386 712
386 748
386 864
386 930
386 976
386 990
387 419
387 506
387 587
387 717
387 811
387 824
388 532
388 548
388 568
388 603
388 705
388 706
388 777
389 548
389 755
389 778
389 991
390 472
390 657
390 660
390 832
391 616
391 633
391 819
391 916
392 615
392 724
392 762
392 803
392 816
393 426
393 451
393 539
393 615
393 661
393 861
393 904
393 948
393 966
394 433
394 477
394 682
394 818
395 531
395 593
395 693
395 823
395 879
396 402
396 430
396 433
396 439
396 445
396 660
396 712
396 931
396 986
397 489
397 776
397 796
397 801
397 872
397 947
397 994
398 506
398 567
398 652
398 701
398 733
398 754
398 801
398 822
398 908
399 454
399 464
399 593
399 645
399 702
399 781
399 820
399 821
399 946
400 512
400 749
400 765
400 885
400 900
401 541
401 694
401 700
401 712
401 888
402 529
402 698
402 756
402 803
402 826
402 864
402 932
403 508
403 513
403 623
403 824
403 882
403 903
403 940
404 455
404 459
404 884
404 926
405 647
405 701
405 850
405 931
405 949
406 496
406 564
406 783
406 810
406 888
406 954
406 988
407 492
407 496
407 751
407 924
407 959
408 792
408 881
408 916
409 444
409 505
409 667
409 671
409 689
409 897
409 973
410 446
410 513
410 549
410 735
410 741
410 914
410 952
411 533
411 577
411 714
411 977
412 473
412 539
412 741
412 779
412 894
413 645
413 820
413 877
414 583
414 640
414 644
414 991
415 545
415 595
415 715
415 777
415 921
416 429
416 461
416 568
416 602
416 719
416 725
416 790
416 930
416 936
416 941
417 438
417 469
417 552
417 582
417 619
417 624
417 643
417 791
418 529
418 733
418 779
418 789
418 829
418 851
418 858
418 955
418 981
419 445
419 454
419 650
419 815
419 914
420 512
420 525
420 526
420 534
420 624
420 643
420 647
420 764
421 430
421 438
421 502
421 568
421 616
421 718
421 851
422 481
422 541
422 588
422 742
422 766
422 799
423 448
423 728
423 813
423 867
423 887
423 960
424 466
425 457
425 607
425 682
426 484
426 729
426 773
426 781
426 842
427 489
427 548
427 567
427 593
427 796
427 854
427 957
427 972
428 523
428 650
428 786
428 800
428 889
428 946
429 729
429 751
429 771
429 775
429 847
429 901
429 950
429 957
429 964
430 432
430 494
430 559
430 619
430 722
430 870
430 958
430 959
431 476
431 577
431 743
431 853
431 980
431 985
432 470
432 517
432 568
432 679
432 831
432 860
433 475
433 691
433 741
433 811
433 830
433 839
433 897
434 753
434 777
434 889
434 962
435 653
435 755
435 864
436 920
437 566
437 700
437 717
437 727
437 845
437 883
437 919
438 667
438 807
439 467
439 567
439 680
439 957
440 515
440 723
440 797
440 954
441 530
441 600
441 653
441 844
441 856
442 604
442 721
442 763
442 778
442 922
442 946
443 532
443 533
443 668
443 728
443 760
443 812
443 921
444 510
444 547
444 763
444 864
444 881
445 548
445 676
445 681
445 827
445 840
445 882
445 974
446 694
446 714
446 718
446 855
447 561
447 834
447 927
448 488
448 496
448 696
448 711
448 862
448 985
449 488
449 544
449 546
449 559
449 631
449 678
449 708
449 757
450 482
450 489
450 523
450 540
450 808
450 842
450 967
450 983
451 497
451 556
451 564
451 749
451 809
451 827
452 692
453 506
453 837
453 966
453 999
454 583
454 613
454 617
454 678
454 716
454 824
454 956
455 526
455 977
455 984
456 532
456 572
456 691
456 723
457 782
457 799
458 802
458 815
458 963
459 502
459 570
459 654
459 894
459 935
459 973
460 467
460 486
460 684
460 725
460 775
460 971
460 975
461 854
461 867
461 950
461 987
462 464
462 576
462 643
462 786
462 801
462 835
462 894
462 964
463 474
463 612
463 749
463 773
463 774
463 956
463 960
463 970
464 478
464 505
464 559
464 592
464 656
464 855
465 483
466 535
466 570
466 618
466 669
466 727
466 752
466 876
466 951
467 495
467 558
467 611
467 823
467 869
467 940
467 954
467 965
467 995
468 551
468 723
468 939
468 949
469 714
469 722
469 732
470 479
470 560
470 673
470 915
471 536
471 829
471 832
471 921
471 979
472 564
472 578
472 668
472 760
472 818
473 547
473 592
473 875
474 477
474 631
474 654
474 800
474 858
474 927
474 939
474 949
475 489
475 523
475 527
475 569
475 665
475 747
475 785
475 839
475 866
475 875
476 490
476 525
476 610
476 722
477 507
477 579
477 672
477 819
477 875
477 985
478 534
478 588
478 618
478 677
478 696
478 968
479 531
479 574
479 722
479 877
479 946
480 558
480 608
480 648
480 769
481 485
481 518
481 572
481 865
482 561
482 591
482 635
482 646
482 949
483 512
483 550
483 593
483 733
483 745
483 763
483 916
483 952
483 953
484 577
484 643
484 692
484 696
484 713
484 968
484 973
484 979
484 995
485 524
485 617
485 717
485 726
485 763
485 895
485 943
485 972
485 993
485 997
486 645
486 736
486 821
486 871
486 888
486 997
487 614
487 630
487 668
487 738
487 785
488 506
488 571
488 589
488 652
488 704
488 808
489 592
489 673
489 910
490 536
490 548
490 572
490 630
490 783
490 839
490 841
490 912
491 570
491 614
491 624
491 694
491 744
491 832
491 860
492 536
492 546
492 889
492 996
494 799
494 858
494 960
494 985
494 996
495 703
495 856
496 540
496 679
496 725
496 746
496 860
496 871
496 913
496 987
497 498
497 539
497 614
498 517
498 593
498 671
498 726
498 776
499 512
499 571
499 642
499 644
499 705
499 770
499 792
499 989
500 745
500 861
500 922
501 514
501 541
501 560
501 573
501 645
501 949
502 523
502 616
502 621
502 706
502 720
502 813
502 992
503 591
503 652
503 745
503 818
503 932
503 956
504 507
504 591
504 853
504 929
504 947
504 996
505 588
505 637
505 662
505 778
505 957
506 532
506 651
507 614
507 738
507 798
507 823
507 903
507 969
508 557
508 718
508 797
508 983
509 543
509 612
509 622
509 807
509 844
509 867
509 874
509 936
509 960
509 971
510 520
510 564
510 928
511 675
511 688
511 759
512 522
512 563
512 608
512 942
513 607
513 621
513 809
513 853
513 885
514 613
514 662
514 694
514 816
514 855
515 583
515 819
515 903
515 978
516 585
516 603
516 685
516 774
516 859
516 935
517 556
517 558
517 814
517 876
517 943
518 596
518 620
518 820
518 826
519 843
519 974
520 527
520 534
520 844
520 858
520 975
521 839
522 540
522 663
522 961
523 629
523 661
523 703
523 756
523 780
523 899
523 947
524 549
524 585
524 591
524 629
524 693
524 872
524 922
525 550
525 632
525 728
525 783
525 895
526 593
526 632
526 793
526 958
527 546
527 695
527 727
527 785
528 632
528 686
528 811
528 890
529 673
529 682
529 739
529 890
530 612
530 670
530 785
530 798
530 879
530 985
531 541
531 734
531 751
531 934
531 940
532 729
532 730
532 799
532 933
533 553
533 822
533 878
533 926
533 969
534 598
534 602
534 754
534 962
535 597
535 661
535 740
535 985
536 573
536 576
536 970
537 544
537 910
537 979
537 989
538 688
538 712
538 777
538 902
538 960
539 541
539 766
539 969
540 563
540 595
540 696
540 730
541 545
541 569
541 592
541 728
541 757
541 869
541 927
541 958
542 637
542 823
542 857
542 953
543 800
543 840
544 597
544 815
544 817
544 818
544 851
544 943
545 723
546 617
546 953
546 995
547 805
547 967
548 585
548 699
548 842
548 862
549 565
549 694
549 870
550 579
550 711
550 723
550 917
550 921
550 943
551 628
551 637
551 812
551 889
551 890
551 933
551 938
552 564
552 661
552 773
552 797
552 859
552 993
553 683
553 808
553 896
553 976
553 980
554 922
554 942
555 561
555 580
555 652
555 681
555 710
555 777
555 986
556 582
556 701
556 802
556 936
556 950
556 957
557 747
557 782
557 929
558 693
558 891
559 735
559 789
560 573
560 601
560 604
560 669
560 800
560 859
560 922
561 626
561 710
562 625
562 723
562 739
562 889
562 919
563 602
563 617
563 628
563 655
563 657
563 708
563 750
563 803
563 975
564 591
564 619
564 720
564 913
564 930
565 690
565 716
566 568
566 642
566 831
566 833
566 908
567 634
567 739
567 913
568 591
568 632
568 697
569 733
569 808
569 941
570 579
570 608
570 617
570 641
570 663
570 680
570 849
571 610
571 656
571 794
571 817
571 847
571 872
571 921
572 577
572 647
572 675
572 783
572 837
572 949
573 755
574 598
574 798
574 916
574 936
574 937
574 946
574 991
575 978
576 661
576 716
576 755
576 765
577 579
577 727
577 851
577 914
577 948
578 649
578 730
578 789
578 833
579 603
579 640
579 650
579 799
579 818
579 895
579 928
580 733
580 762
580 921
580 989
581 600
581 659
581 703
581 779
582 584
582 641
582 948
582 964
582 987
583 704
583 972
584 673
584 816
584 887
584 977
584 989
585 628
585 645
585 718
585 757
585 779
585 909
585 980
586 705
586 781
586 835
586 845
586 911
587 594
587 644
587 651
587 689
587 713
587 881
587 909
587 912
587 974
588 767
588 783
588 832
589 870
589 874
590 673
590 727
590 811
590 825
590 929
590 993
591 652
591 682
591 717
591 755
591 766
591 859
591 984
592 753
592 765
592 925
593 719
593 747
593 750
593 806
593 877
593 883
593 941
593 946
593 999
594 631
594 673
594 785
594 875
594 938
594 942
594 967
595 997
596 620
596 735
596 808
597 890
598 671
598 674
598 840
598 846
598 886
598 963
599 771
599 785
599 811
599 929
600 664
600 700
601 627
601 679
601 755
601 805
601 999
602 761
602 881
602 932
602 999
603 614
603 657
603 678
603 686
603 724
603 741
603 896
604 619
604 662
604 902
604 968
605 746
605 770
605 840
605 845
606 747
606 952
606 998
607 625
607 645
607 952
607 988
608 711
608 746
608 767
608 826
608 930
608 932
609 804
609 857
609 892
609 994
610 669
610 824
610 839
611 687
611 838
611 927
612 779
612 855
612 872
613 668
613 739
613 856
613 876
613 909
613 981
615 693
615 852
615 880
615 883
615 894
615 963
615 997
616 673
616 689
616 731
616 778
616 797
616 807
616 822
616 845
616 961
617 682
617 785
617 966
618 669
618 751
618 819
619 704
619 846
619 857
620 648
620 710
620 758
620 930
620 999
621 701
622 673
622 726
622 745
622 885
622 904
622 980
622 997
623 754
623 982
624 857
625 653
625 827
625 900
625 937
626 642
626 783
626 829
626 875
626 880
626 902
628 660
628 731
628 749
628 827
628 921
628 945
629 666
629 693
629 909
630 922
630 982
631 670
631 722
631 737
631 801
632 989
633 771
633 797
633 900
633 920
633 926
634 685
634 819
634 901
634 913
634 971
635 660
635 898
636 644
636 730
636 917
637 670
637 700
638 736
638 924
639 685
639 982
640 679
640 772
640 914
641 740
641 820
641 846
641 988
641 994
642 653
642 850
642 858
642 869
642 952
643 915
644 740
644 766
644 904
645 783
646 859
646 998
647 798
648 719
648 938
648 997
649 673
649 678
649 739
649 792
649 828
649 965
650 667
650 743
650 747
650 804
650 888
652 744
652 847
652 860
653 851
653 975
654 843
654 919
654 989
655 723
655 749
655 762
655 768
655 776
656 678
656 775
656 834
656 923
656 948
657 768
658 812
658 837
658 852
658 995
658 997
659 822
659 834
659 997
660 684
660 727
660 786
661 684
661 705
661 762
661 883
662 699
662 756
662 760
663 714
663 744
663 779
663 939
664 745
664 891
664 895
665 676
665 700
665 850
665 944
667 790
667 815
668 672
668 729
668 746
668 832
668 898
668 983
669 687
669 912
669 913
669 946
670 752
670 770
670 788
670 903
670 973
671 847
671 872
671 992
672 679
672 723
672 738
672 857
673 704
673 767
673 769
673 834
674 767
674 838
675 719
675 866
675 947
676 776
676 787
676 836
676 945
677 808
677 925
678 709
678 776
678 841
678 878
678 907
678 911
679 803
679 862
679 895
679 919
679 953
680 868
680 891
680 924
681 732
681 770
681 895
681 921
681 929
682 857
682 877
682 885
682 984
683 689
683 791
683 854
683 893
684 896
685 792
685 841
686 825
687 713
687 725
687 726
687 754
687 757
687 770
687 827
687 893
687 930
687 960
688 853
688 970
689 746
689 893
690 768
690 777
690 988
692 696
692 705
692 905
692 910
693 823
693 831
693 866
693 916
693 994
694 742
694 753
694 830
694 846
695 782
695 789
695 921
696 799
696 923
697 953
698 948
698 961
698 992
699 793
700 745
700 879
701 761
701 784
701 798
701 803
701 859
701 899
701 914
701 923
701 952
702 706
702 736
702 875
702 889
702 899
702 952
703 948
703 984
703 996
705 746
706 946
706 954
707 725
707 865
707 957
708 963
709 900
709 964
709 983
710 813
710 862
710 912
710 923
710 931
711 741
711 953
711 976
712 769
712 773
712 796
712 900
713 745
713 903
714 743
714 749
714 915
714 924
716 815
717 761
717 859
717 911
718 736
718 774
718 807
719 785
719 956
719 965
720 794
720 917
720 983
720 996
721 744
721 983
722 725
722 738
722 824
722 998
723 915
724 764
725 822
725 878
726 744
726 840
726 916
727 888
728 828
728 875
728 876
728 984
729 837
729 892
729 899
730 751
733 766
733 926
734 743
734 749
734 779
734 887
736 976
737 800
738 755
738 998
739 865
739 915
739 960
739 996
740 782
740 875
741 756
741 825
741 827
742 783
742 916
742 925
743 845
743 863
743 965
744 783
744 797
744 817
744 823
744 832
744 891
745 790
745 869
745 929
746 770
746 834
746 863
746 953
747 776
747 829
748 775
748 786
748 861
748 934
748 992
749 924
750 761
750 808
750 818
750 872
751 884
751 903
751 963
751 992
751 997
752 816
752 825
752 837
753 783
753 797
753 801
753 860
753 954
754 902
754 930
754 933
755 829
755 843
755 882
755 884
755 967
756 825
757 796
757 912
757 967
758 845
758 859
758 872
760 781
760 800
760 849
760 889
760 957
761 938
762 838
762 917
762 968
763 826
763 851
763 899
763 920
763 990
764 779
764 932
764 940
764 960
764 963
766 923
766 950
766 983
767 803
768 903
768 914
768 951
768 999
769 921
769 957
770 878
771 834
771 881
772 834
772 881
772 929
772 986
773 925
774 797
774 943
774 988
775 837
775 864
775 936
776 818
776 982
777 984
779 922
780 812
780 845
781 799
783 799
784 931
785 826
785 860
785 978
786 790
786 810
786 953
787 820
788 791
788 815
788 843
788 951
789 896
790 867
790 885
791 900
792 803
792 891
793 863
793 915
794 832
794 892
795 857
795 956
796 846
797 834
797 868
797 883
797 885
797 950
798 879
799 842
800 824
801 810
801 853
801 952
802 885
802 919
802 948
803 861
803 911
803 956
804 865
805 808
805 967
806 856
807 927
807 979
809 893
810 989
812 923
812 977
812 994
814 832
814 852
814 907
814 968
814 984
815 817
815 912
816 862
816 971
817 875
817 886
817 972
818 940
818 964
819 866
819 917
821 872
822 911
823 836
824 940
825 844
825 997
826 867
826 913
827 836
828 905
828 960
828 991
829 999
830 919
830 933
830 985
831 882
833 988
835 889
835 993
836 931
839 899
839 978
840 945
841 915
842 909
843 962
844 884
844 948
844 963
844 971
845 859
845 953
845 989
846 856
847 989
849 939
849 973
850 864
850 906
850 933
851 873
851 920
852 854
852 872
852 935
852 953
854 957
855 956
856 863
856 917
856 956
857 899
858 924
859 897
859 955
859 970
860 881
860 890
860 923
860 952
861 870
861 959
861 978
861 980
861 990
862 883
862 903
862 915
864 990
865 994
866 945
868 916
868 927
869 907
869 987
872 938
873 919
874 898
875 991
876 908
876 915
876 968
876 990
878 921
878 925
880 897
880 934
880 962
880 963
880 965
881 977
882 935
885 920
885 944
885 984
885 986
886 888
886 922
886 968
889 932
889 991
894 931
894 939
895 953
895 978
897 987
898 932
898 972
899 930
899 986
900 927
903 973
904 945
904 975
904 985
907 973
907 981
907 982
907 983
908 997
909 992
910 921
910 925
912 942
912 950
913 916
913 923
913 942
913 982
916 926
916 939
917 953
918 944
919 975
921 954
921 975
923 936
923 988
925 985
925 995
926 954
929 942
932 950
933 981
934 991
940 972
941 973
942 973
943 950
943 954
943 995
944 982
945 993
946 978
956 984
957 996
958 983
958 986
964 966
964 973
965 967
966 982
966 992
972 978
974 983
975 999
983 989
985 986
