0
1000
6175
0
1
0
0 204
0 360
0 758
0 906
1 49
1 104
1 248
1 289
1 377
1 404
1 430
1 457
1 536
1 592
1 708
1 736
1 739
1 820
2 153
2 245
2 265
2 378
2 473
2 558
2 672
2 693
2 719
2 729
2 777
2 811
2 832
2 846
3 162
3 346
3 399
3 531
3 623
3 665
3 716
3 727
3 867
3 913
3 924
3 943
4 70
4 75
4 129
4 214
4 262
4 315
4 321
4 364
4 399
4 496
4 677
4 738
4 830
4 844
4 848
4 897
4 913
4 922
4 985
4 991
5 14
5 58
5 78
5 111
5 250
5 466
5 468
5 616
5 635
5 686
5 785
5 920
5 990
6 166
6 245
6 369
6 379
6 495
6 529
6 555
6 564
6 603
6 634
6 654
6 695
6 702
6 806
6 900
6 982
7 81
7 153
7 216
7 321
7 378
7 465
7 469
7 507
7 703
7 714
7 894
8 209
8 429
8 706
8 715
8 768
8 793
8 942
9 36
9 57
9 159
9 287
9 317
9 324
9 378
9 424
9 467
9 606
9 684
9 686
9 971
9 989
10 104
10 125
10 127
10 188
10 209
10 217
10 341
10 377
10 579
10 639
10 691
10 814
10 886
11 54
11 108
11 169
11 188
11 205
11 220
11 255
11 307
11 611
11 638
11 711
11 782
11 812
11 814
11 939
12 111
12 178
12 246
12 485
12 562
12 849
13 147
13 211
13 256
13 303
13 314
13 354
13 366
13 394
13 414
13 475
13 613
13 775
13 821
13 836
13 851
13 938
13 983
14 47
14 186
14 366
14 571
14 591
14 616
14 660
14 751
14 781
14 789
14 801
14 854
15 29
15 50
15 88
15 157
15 182
15 216
15 317
15 478
15 576
15 616
15 644
15 647
15 659
16 122
16 136
16 241
16 247
16 279
16 410
16 454
16 482
16 485
16 585
16 617
16 848
16 962
17 20
17 36
17 181
17 190
17 332
17 376
17 437
17 509
17 557
17 661
17 688
17 715
17 928
17 978
17 998
18 95
18 256
18 358
18 464
18 475
18 596
18 729
18 985
19 284
19 593
19 717
19 733
19 800
19 805
19 959
20 160
20 362
20 399
20 487
20 557
20 671
20 672
20 727
20 734
20 738
20 776
20 829
20 854
21 110
21 144
21 290
21 351
21 429
21 452
21 469
21 473
21 731
21 950
22 161
22 198
22 275
22 394
22 400
22 591
22 683
22 914
23 166
23 228
23 279
23 336
23 431
23 441
23 553
23 606
23 623
23 649
23 696
23 968
24 130
24 144
24 170
24 240
24 309
24 310
24 361
24 444
24 474
24 492
24 541
24 586
24 593
24 762
24 862
24 912
24 919
25 114
25 183
25 270
25 319
25 368
25 411
25 660
25 673
25 692
25 734
25 849
25 856
25 866
25 879
25 883
25 980
25 991
26 40
26 110
26 167
26 193
26 269
26 360
26 372
26 411
26 413
26 418
26 465
26 482
26 614
26 638
26 694
26 810
26 871
26 896
26 976
26 998
27 34
27 181
27 233
27 341
27 369
27 544
27 673
27 754
27 872
27 890
27 903
27 915
27 929
27 968
28 51
28 270
28 382
28 602
28 614
28 640
28 676
28 726
28 903
29 38
29 219
29 280
29 586
29 600
29 677
29 875
29 923
29 993
30 106
30 116
30 145
30 257
30 341
30 349
30 408
30 462
30 473
30 491
30 626
30 807
30 846
30 984
31 83
31 88
31 132
31 465
31 480
31 488
31 490
31 497
31 534
31 640
31 774
31 798
31 820
31 892
32 110
32 254
32 255
32 569
32 573
32 579
32 607
32 673
32 746
32 797
32 832
32 865
33 82
33 510
33 570
33 672
33 693
33 737
33 784
33 856
33 911
33 951
33 991
34 47
34 138
34 161
34 252
34 276
34 335
34 513
34 570
34 600
34 768
34 777
34 804
34 850
34 902
34 920
34 922
34 941
34 995
35 138
35 170
35 230
35 237
35 251
35 279
35 282
35 303
35 392
35 435
35 546
35 707
35 711
35 732
35 897
35 904
35 924
35 925
36 158
36 166
36 245
36 262
36 384
36 394
36 452
36 510
36 684
36 747
37 57
37 101
37 367
37 480
37 524
37 538
37 572
37 706
37 767
37 787
37 808
38 83
38 195
38 452
38 496
38 514
38 521
38 605
38 650
38 705
39 326
39 380
39 437
39 495
39 565
39 584
39 608
40 50
40 98
40 260
40 319
40 392
40 460
40 806
41 64
41 164
41 252
41 379
41 409
41 485
41 597
41 598
41 620
41 650
41 692
41 694
41 731
41 790
41 811
41 860
41 920
41 937
42 138
42 239
42 240
42 253
42 375
42 388
42 490
42 536
42 598
42 617
42 677
42 752
42 756
42 783
42 847
42 848
42 899
43 52
43 95
43 205
43 467
43 496
43 511
43 835
44 68
44 454
44 486
44 543
44 726
44 731
44 793
44 902
45 274
45 327
45 375
45 408
45 567
45 694
45 787
46 57
46 99
46 150
46 215
46 347
46 372
46 378
46 606
46 630
46 659
46 664
46 710
46 865
46 935
46 964
47 121
47 130
47 170
47 171
47 251
47 455
47 615
47 647
47 697
47 715
47 796
47 826
47 908
47 926
47 994
48 192
48 253
48 334
48 392
48 541
48 610
48 812
49 197
49 301
49 433
49 495
49 599
49 697
49 742
49 813
49 840
49 856
50 71
50 192
50 301
50 319
50 417
50 421
50 480
50 543
50 674
50 795
50 859
51 86
51 192
51 313
51 386
51 534
51 621
52 116
52 128
52 163
52 197
52 253
52 280
52 337
52 339
52 502
52 530
52 654
52 900
52 901
53 58
53 149
53 237
53 413
53 427
53 428
53 542
53 556
53 607
53 700
53 731
53 821
53 853
53 857
53 949
54 127
54 228
54 389
54 593
54 615
54 789
54 867
54 923
55 81
55 107
55 161
55 534
55 537
55 586
55 594
55 598
55 599
55 896
55 967
55 973
56 111
56 261
56 291
56 328
56 333
56 376
56 397
56 400
56 611
56 737
56 879
56 906
56 921
57 124
57 131
57 312
57 417
57 439
57 495
57 832
57 849
57 895
57 896
57 909
57 924
57 927
58 87
58 198
58 322
58 327
58 430
58 455
58 602
58 613
58 757
58 928
58 929
59 137
59 193
59 245
59 517
59 549
59 641
59 673
59 734
60 123
60 153
60 209
60 427
60 550
60 693
60 737
60 786
60 879
60 961
60 966
61 285
61 380
61 445
61 451
61 477
61 678
61 775
61 872
61 962
61 994
62 112
62 163
62 198
62 216
62 257
62 272
62 411
62 462
62 516
62 518
62 604
62 625
62 634
62 654
62 679
62 766
62 974
63 149
63 215
63 322
63 348
63 459
63 552
63 581
63 759
63 798
63 812
63 894
63 908
64 388
64 473
64 656
64 670
64 685
64 828
64 895
64 921
64 922
65 134
65 174
65 183
65 222
65 284
65 420
65 438
65 446
65 494
65 528
65 549
65 733
65 740
65 756
65 890
66 73
66 319
66 402
66 403
66 516
66 810
66 933
66 995
67 85
67 114
67 137
67 181
67 186
67 368
67 476
67 606
67 697
67 768
67 886
68 143
68 185
68 189
68 204
68 316
68 365
68 567
68 609
68 702
68 711
68 747
68 871
68 880
68 893
69 228
69 279
69 512
69 672
69 699
69 712
69 716
69 780
69 913
70 135
70 150
70 190
70 230
70 263
70 293
70 613
70 721
70 723
70 812
70 834
70 841
71 205
71 373
71 700
71 824
71 863
71 877
71 981
72 92
72 109
72 165
72 219
72 309
72 453
72 533
72 643
72 644
72 699
72 788
72 813
72 926
73 78
73 107
73 127
73 135
73 329
73 373
73 401
73 515
73 688
73 781
73 813
73 815
73 816
73 831
73 850
73 988
74 106
74 214
74 218
74 593
74 612
74 641
74 767
74 788
74 809
75 112
75 126
75 148
75 409
75 591
75 665
75 688
75 695
75 737
75 791
76 141
76 153
76 198
76 279
76 404
76 413
76 460
76 566
76 655
76 657
76 675
76 738
76 827
76 828
76 845
76 898
76 926
76 942
77 372
77 473
77 619
77 670
77 682
77 721
77 741
77 819
77 836
77 911
77 954
78 231
78 309
78 361
78 742
78 821
78 853
78 885
79 181
79 335
79 450
79 839
79 865
79 997
80 175
80 197
80 346
80 403
80 419
80 449
80 451
80 470
80 485
80 683
80 701
80 737
80 786
80 893
80 951
80 975
80 991
81 442
81 498
81 536
81 540
81 694
81 886
81 888
82 144
82 271
82 336
82 341
82 362
82 378
82 384
82 442
82 637
82 670
82 744
82 791
82 803
82 893
83 158
83 193
83 342
83 437
83 481
83 548
83 818
83 823
83 858
84 130
84 147
84 210
84 219
84 526
84 540
84 668
84 669
84 683
84 707
84 750
84 792
84 809
84 932
84 944
84 951
85 275
85 359
85 452
85 466
85 518
85 644
85 770
85 790
85 949
86 174
86 242
86 294
86 321
86 438
86 689
86 695
86 714
86 791
86 906
86 936
87 160
87 313
87 322
87 334
87 452
87 536
87 838
87 852
87 887
87 975
88 92
88 95
88 131
88 174
88 207
88 212
88 242
88 257
88 362
88 582
88 681
88 719
88 799
88 813
88 975
89 279
89 298
89 311
89 327
89 381
89 593
89 827
89 906
90 234
90 353
90 382
90 504
90 694
90 738
90 902
90 948
90 977
90 988
91 93
91 157
91 246
91 313
91 351
91 358
91 611
91 950
92 139
92 163
92 208
92 246
92 365
92 420
92 580
92 645
92 651
92 679
92 771
92 792
92 927
92 940
93 129
93 138
93 246
93 285
93 439
93 624
93 647
93 653
93 668
93 753
93 787
93 822
93 937
93 969
93 990
94 186
94 246
94 303
94 365
94 380
94 454
94 498
94 660
94 733
94 822
94 823
94 861
94 919
95 147
95 159
95 169
95 211
95 404
95 676
95 678
95 725
95 830
95 837
95 943
95 983
96 149
96 207
96 348
96 520
96 578
96 660
96 677
96 737
96 740
96 745
96 788
97 113
97 143
97 339
97 401
97 699
97 714
97 738
97 749
97 891
97 895
98 174
98 232
98 247
98 253
98 394
98 424
98 448
98 510
98 561
98 579
98 638
98 675
98 782
98 807
98 888
98 902
98 918
99 361
99 436
99 548
99 949
99 985
100 196
100 205
100 404
100 440
100 463
100 565
100 629
100 631
100 643
100 689
100 802
100 904
100 905
100 973
101 122
101 137
101 186
101 284
101 489
101 589
101 662
101 672
101 712
102 124
102 213
102 317
102 319
102 467
102 500
102 582
103 248
103 308
103 335
103 561
103 732
103 801
103 867
103 918
103 940
104 106
104 132
104 296
104 318
104 420
104 725
104 917
105 455
105 536
105 557
105 604
105 672
105 709
105 808
105 841
106 137
106 238
106 266
106 269
106 292
106 311
106 419
106 426
106 530
106 566
106 707
106 719
106 720
106 819
107 119
107 162
107 318
107 366
107 420
107 497
107 531
107 647
108 154
108 215
108 303
108 425
108 550
108 597
108 670
108 881
108 909
108 912
108 954
109 116
109 166
109 233
109 271
109 311
109 356
109 408
109 642
109 885
109 886
109 989
110 226
110 255
110 465
110 508
110 547
110 614
110 636
110 643
110 712
110 855
111 287
111 432
111 443
111 455
111 555
111 615
111 723
112 177
112 266
112 295
112 330
112 636
112 714
112 798
112 985
112 989
113 446
113 463
113 471
113 585
113 742
114 154
114 177
114 182
114 323
114 362
114 365
114 533
114 572
114 601
114 663
114 702
114 703
114 810
114 880
114 963
114 983
115 358
115 547
115 560
115 599
115 685
115 705
115 744
115 908
116 326
116 487
116 519
116 544
116 561
116 629
116 696
116 723
116 784
116 800
116 834
116 965
116 989
117 147
117 241
117 270
117 348
117 367
117 481
117 589
117 653
117 708
117 767
117 822
117 873
118 205
118 351
118 583
118 733
118 761
118 764
119 168
119 230
119 431
119 477
119 608
119 873
119 955
119 988
120 155
120 190
120 245
120 354
120 556
120 735
120 820
120 860
120 901
120 910
121 269
121 337
121 409
121 436
121 598
121 616
121 658
121 686
121 689
121 719
121 783
121 807
121 810
121 837
121 943
122 337
122 429
122 708
122 834
122 870
122 905
123 182
123 206
123 377
123 578
123 617
123 643
123 765
123 787
123 930
123 960
124 187
124 394
124 415
124 453
124 564
124 629
124 801
124 958
124 974
125 147
125 149
125 154
125 167
125 253
125 324
125 388
125 457
125 478
125 482
125 511
125 995
126 149
126 175
126 324
126 338
126 417
126 481
126 509
126 582
126 654
126 866
126 874
126 963
127 458
127 529
127 748
127 757
127 805
127 826
127 913
128 692
128 805
129 156
129 429
129 439
129 443
129 575
129 589
129 659
129 745
129 842
129 874
129 979
130 250
130 287
130 673
130 875
131 254
131 357
131 460
131 549
131 595
131 805
131 973
132 147
132 288
132 317
132 348
132 369
132 380
132 388
132 462
132 516
132 688
132 699
132 979
133 134
133 220
133 404
133 416
133 421
133 438
133 449
133 488
133 649
133 701
133 780
133 801
133 918
134 154
134 178
134 183
134 210
134 243
134 310
134 534
134 562
134 565
134 933
134 948
134 952
135 251
135 290
135 366
135 448
135 476
135 506
135 576
135 657
135 693
135 717
135 769
135 793
135 844
135 944
136 193
136 249
136 292
136 349
136 363
136 418
136 535
136 563
136 685
136 776
136 800
136 996
137 149
137 156
137 338
137 352
137 437
137 479
137 654
137 673
137 725
137 897
137 965
138 155
138 228
138 255
138 448
138 597
138 713
138 940
139 382
139 483
139 547
139 569
139 729
139 792
139 913
139 926
139 976
140 146
140 243
140 250
140 288
140 302
140 358
140 476
140 524
140 552
140 674
140 818
140 944
141 356
141 512
141 540
141 543
141 603
141 631
141 634
141 672
141 769
141 927
142 246
142 312
142 322
142 366
142 701
142 754
142 854
142 912
142 927
142 963
142 989
142 995
143 297
143 327
143 333
143 357
143 420
143 450
143 485
143 530
143 585
143 743
143 838
143 852
143 891
143 903
143 969
143 991
144 158
144 239
144 288
144 389
144 416
144 490
144 498
144 626
144 722
144 983
145 240
145 278
145 380
145 426
145 519
145 824
145 868
146 149
146 155
146 251
146 380
146 404
146 430
146 455
146 493
146 573
146 606
146 657
146 663
146 863
146 876
147 304
147 390
147 473
147 493
147 510
147 643
147 731
147 780
147 856
148 193
148 295
148 331
148 372
148 381
148 569
148 574
148 575
148 618
148 631
148 716
148 816
148 817
148 818
148 861
149 189
149 213
149 385
149 493
149 552
149 661
149 739
149 774
149 822
149 830
150 264
150 498
150 507
150 674
150 706
150 747
150 814
150 923
150 977
150 982
150 984
151 179
151 419
151 791
151 802
151 877
152 170
152 293
152 311
152 552
152 698
152 881
152 886
152 895
152 921
153 199
153 402
153 670
153 672
153 674
153 687
153 704
153 858
153 880
153 950
154 250
154 414
154 491
154 647
154 686
154 696
154 741
154 771
154 870
155 253
155 427
155 494
155 528
155 577
155 795
155 858
155 869
155 929
155 942
156 228
156 316
156 320
156 375
156 376
156 432
156 459
156 579
156 601
156 628
156 794
156 981
156 998
157 250
157 514
157 726
157 834
157 840
158 259
158 375
158 388
158 472
158 528
158 598
158 621
158 711
158 827
158 896
159 270
159 393
159 471
159 514
159 884
159 974
160 172
160 222
160 253
160 309
160 365
160 607
160 772
160 946
161 207
161 290
161 314
161 436
161 453
161 460
161 537
161 548
161 667
161 688
161 813
161 912
162 172
162 211
162 267
162 445
162 521
162 638
162 729
162 738
163 246
163 468
163 476
163 482
163 494
163 498
163 595
163 613
163 664
163 724
163 739
164 245
164 294
164 298
164 299
164 482
164 629
164 653
164 722
164 963
165 187
165 247
165 252
165 259
165 459
165 489
165 492
165 588
165 604
165 780
165 833
166 184
166 319
166 647
166 652
166 710
166 838
166 926
166 944
166 987
167 320
167 477
167 492
167 527
167 710
167 717
167 883
168 604
168 642
168 670
168 707
168 777
169 218
169 330
169 456
169 488
169 675
169 758
169 823
169 918
169 940
170 182
170 238
170 279
170 401
170 424
170 425
170 528
170 611
170 736
170 740
170 741
170 756
170 883
170 956
171 309
171 419
171 572
171 616
171 737
171 841
171 956
171 971
171 999
172 175
172 319
172 359
172 398
172 506
172 526
172 619
172 718
172 756
172 887
172 900
173 223
173 284
173 344
173 422
173 431
173 474
173 514
173 527
173 546
173 630
173 682
173 743
173 798
173 945
173 947
174 182
174 310
174 413
174 638
174 649
174 654
174 760
174 778
174 780
174 842
175 242
175 330
175 472
175 534
175 588
175 663
175 712
175 855
176 184
176 295
176 380
176 391
176 408
176 470
176 506
176 889
176 904
177 200
177 222
177 234
177 286
177 301
177 414
177 481
177 521
177 563
177 611
177 660
177 696
177 745
177 781
177 795
177 803
177 815
177 821
177 849
177 908
177 938
178 280
178 294
178 350
178 398
178 520
178 619
178 625
178 655
178 673
178 718
178 756
178 807
178 814
178 842
178 858
179 288
179 471
179 659
179 835
179 861
179 920
179 956
179 957
180 278
180 396
180 451
180 527
180 569
180 573
180 645
180 696
181 238
181 510
181 590
181 643
181 703
181 722
181 778
181 862
181 922
181 971
181 988
182 203
182 272
182 362
182 430
182 509
182 535
182 733
182 825
182 831
182 904
182 970
182 977
183 250
183 258
183 270
183 343
183 363
183 364
183 485
183 510
183 513
183 564
183 636
183 656
183 692
183 988
184 242
184 346
184 378
184 425
184 443
184 457
184 463
184 498
184 499
184 544
184 697
184 730
184 818
185 277
185 286
185 342
185 491
185 503
185 537
185 553
185 590
185 624
185 701
185 714
185 772
185 783
185 847
186 470
186 595
186 611
186 623
186 670
186 892
186 975
187 501
187 592
187 597
187 677
187 716
187 723
187 890
187 967
188 231
188 401
188 451
188 508
188 518
188 552
188 667
188 690
188 724
188 756
188 940
188 957
189 199
189 239
189 369
189 484
189 494
189 526
189 686
189 889
189 895
189 971
189 983
190 191
190 212
190 261
190 376
190 378
190 679
190 702
190 706
190 709
190 776
190 823
190 841
190 927
190 936
191 446
191 488
191 626
191 665
191 679
191 735
191 752
191 773
192 240
192 265
192 339
192 380
192 412
192 527
192 626
192 641
192 782
192 901
193 338
193 350
193 420
193 461
193 528
193 583
193 593
193 706
193 731
193 740
193 870
193 872
193 900
193 903
193 920
194 207
194 221
194 389
194 485
194 542
194 745
194 798
194 877
195 360
195 444
195 540
195 603
195 627
195 680
195 780
195 834
195 887
195 995
196 366
196 485
196 501
196 563
196 784
196 793
196 890
196 896
196 910
196 929
196 959
197 219
197 234
197 350
197 401
197 408
197 479
197 538
197 658
197 677
197 846
197 942
197 995
198 209
198 266
198 292
198 337
198 507
198 539
198 744
198 808
198 829
198 854
198 877
198 882
198 885
198 943
199 231
199 432
199 453
199 470
199 499
199 505
199 529
199 556
199 624
199 684
199 689
199 725
199 805
199 990
200 232
200 242
200 339
200 429
200 575
200 615
200 669
200 711
200 744
200 814
200 826
200 952
201 388
201 442
201 562
201 594
201 772
201 866
201 878
201 969
201 994
202 206
202 232
202 356
202 379
202 423
202 450
202 489
202 516
202 536
202 784
202 786
202 827
202 955
203 206
203 496
203 520
203 587
203 675
203 922
204 323
204 471
204 678
204 853
204 867
204 890
204 894
204 968
205 212
205 236
205 311
205 404
205 499
205 538
205 634
205 700
205 762
205 853
205 970
205 981
205 998
206 208
206 252
206 371
206 485
206 534
206 562
206 565
206 708
206 798
206 820
206 981
206 998
207 239
207 333
207 401
207 452
207 569
207 666
207 681
207 819
207 864
207 932
208 227
208 271
208 322
208 407
208 533
208 552
208 573
208 589
208 648
208 702
208 853
208 870
209 244
209 332
209 434
209 520
209 821
209 838
209 864
209 866
209 869
209 946
209 955
209 992
210 330
210 362
210 392
210 434
210 453
210 561
210 836
210 948
210 994
211 213
211 222
211 232
211 279
211 322
211 390
211 496
211 510
211 562
211 571
211 618
211 788
211 836
211 891
211 961
212 220
212 286
212 296
212 392
212 452
212 497
212 542
212 556
212 603
212 644
212 701
212 713
212 719
212 808
212 924
213 256
213 279
213 297
213 312
213 391
213 497
213 499
213 602
213 716
213 783
213 784
213 992
214 253
214 325
214 362
214 371
214 478
214 572
214 602
214 831
215 412
215 442
215 556
215 593
215 670
215 724
215 741
215 828
215 830
215 883
215 897
215 965
216 240
216 308
216 365
216 466
216 523
216 536
216 545
216 579
216 629
216 694
216 714
216 755
216 759
216 875
216 890
217 224
217 240
217 434
217 435
217 558
217 659
217 762
217 838
217 856
217 911
217 943
217 982
218 225
218 255
218 284
218 417
218 468
218 487
218 625
218 725
218 776
218 834
218 894
218 924
219 262
219 344
219 438
219 453
219 459
219 549
219 694
219 700
219 704
219 843
219 908
219 993
220 288
220 313
220 386
220 493
220 524
220 608
220 613
220 674
220 747
220 754
220 921
220 922
220 951
220 977
221 372
221 388
221 580
221 650
221 693
221 710
221 745
221 955
222 275
222 277
222 433
222 442
222 448
222 473
222 538
222 631
222 635
222 665
222 671
222 764
222 797
222 849
223 276
223 376
223 397
223 424
223 628
223 771
223 892
224 280
224 352
224 358
224 473
224 497
224 504
224 518
224 674
224 760
224 812
224 887
224 980
224 986
225 746
225 798
225 819
226 299
226 345
226 477
226 579
226 582
226 726
226 941
227 228
227 333
227 373
227 561
227 585
227 736
227 770
227 782
227 844
227 850
227 920
227 981
227 999
228 261
228 435
228 445
228 512
228 518
228 526
228 593
228 604
228 707
228 764
228 959
229 556
229 651
229 748
229 779
230 390
230 556
230 557
230 560
230 580
230 667
230 818
230 885
230 919
231 275
231 276
231 336
231 375
231 412
231 457
231 493
231 520
231 824
231 900
231 945
231 962
232 251
232 277
232 299
232 406
232 579
232 598
232 668
232 793
232 969
233 319
233 330
233 517
233 701
234 405
234 523
234 684
234 839
234 964
234 999
235 296
235 362
235 390
235 484
235 502
235 514
235 628
235 756
235 757
235 868
235 885
235 918
236 270
236 299
236 435
236 551
236 620
236 652
236 723
236 745
236 790
236 958
237 333
237 380
237 461
237 487
237 511
237 579
237 661
237 734
237 830
237 864
238 243
238 369
238 650
238 721
238 775
238 789
239 432
239 474
239 499
239 529
239 573
239 587
239 686
239 912
239 952
239 957
240 292
240 306
240 311
240 562
240 566
240 717
240 787
240 936
240 960
241 252
241 467
241 598
241 599
241 823
241 840
241 892
241 918
241 926
242 376
242 534
242 549
242 605
242 864
242 885
242 890
242 894
243 324
243 371
243 376
243 387
243 522
243 527
243 636
243 659
243 666
243 827
243 845
244 253
244 296
244 307
244 358
244 506
244 560
244 599
244 631
244 680
244 695
244 740
244 754
244 890
244 959
244 965
244 986
245 381
245 434
245 582
245 623
245 665
245 713
245 816
245 900
245 909
246 301
246 372
246 391
246 548
246 589
246 656
246 673
246 810
246 822
246 908
246 944
247 530
247 672
247 704
247 814
247 911
247 947
247 958
248 257
248 402
248 421
248 422
248 570
248 598
248 753
248 797
248 881
248 955
248 964
249 324
249 337
249 341
249 501
249 673
249 716
249 750
249 880
249 991
250 280
250 517
250 593
250 692
250 754
251 261
251 294
251 318
251 357
251 498
251 514
251 541
251 550
251 560
251 601
251 692
251 730
251 743
251 900
251 930
251 977
252 318
252 331
252 344
252 346
252 349
252 440
252 444
252 504
252 631
252 640
252 799
252 804
252 812
252 837
252 920
253 308
253 310
253 330
253 372
253 393
253 416
253 450
253 452
253 525
253 581
253 582
253 624
253 661
253 752
253 849
253 926
253 965
254 261
254 296
254 770
255 285
255 293
255 325
255 416
255 471
255 489
255 704
255 784
255 785
255 932
255 977
255 993
256 499
256 639
256 660
256 664
256 887
256 957
256 983
257 343
257 441
257 568
257 673
257 740
258 320
258 463
258 603
258 701
258 708
258 738
258 747
258 773
258 796
258 825
258 836
258 988
259 313
259 316
259 375
259 460
259 629
259 666
259 701
259 833
260 263
260 297
260 351
260 422
260 619
260 682
260 835
260 879
260 888
261 461
261 525
261 554
261 670
261 690
261 723
261 793
261 932
262 390
262 540
262 893
262 911
262 948
262 973
263 436
263 627
263 738
263 753
263 770
263 804
263 821
263 931
263 978
264 382
264 384
264 390
264 587
264 598
264 635
264 646
264 769
264 805
264 989
265 362
265 392
265 511
265 565
265 603
265 715
265 724
265 773
265 904
265 927
265 943
265 964
265 985
266 272
266 538
266 719
266 874
267 276
267 294
267 298
267 346
267 401
267 423
267 518
267 519
267 658
267 722
267 766
267 893
267 971
268 319
268 502
268 511
268 612
268 711
268 797
269 273
269 291
269 354
269 394
269 427
269 477
269 508
269 539
269 593
269 594
269 709
269 715
269 738
269 768
269 828
269 853
269 865
269 992
269 996
270 304
270 326
270 360
270 445
270 519
270 593
270 640
270 749
270 751
270 794
270 817
270 938
270 945
271 310
271 544
271 647
271 713
271 721
271 870
271 909
271 935
271 971
272 400
272 436
272 479
272 511
272 526
272 556
272 643
272 730
272 918
273 371
273 374
273 386
273 566
273 567
273 584
273 644
273 670
273 721
273 806
273 861
273 894
273 919
274 318
274 339
274 354
274 392
274 400
274 457
274 501
274 601
274 778
274 796
274 885
275 396
275 661
275 834
275 856
275 914
276 297
276 406
276 417
276 439
276 546
276 562
276 579
276 838
276 871
276 893
276 903
276 956
277 284
277 302
277 303
277 536
277 539
277 681
277 792
277 799
277 836
277 994
278 366
278 406
278 625
278 949
278 968
278 986
279 285
279 287
279 294
279 297
279 340
279 359
279 454
279 640
279 689
279 907
279 915
280 284
280 333
280 452
280 656
280 770
280 774
280 814
280 896
281 455
281 551
281 552
281 560
281 572
281 605
281 645
281 671
281 730
281 795
281 801
281 948
282 294
282 381
282 398
282 480
282 580
282 648
282 779
282 846
282 859
282 954
282 964
283 400
283 490
284 325
284 351
284 445
284 488
284 618
284 624
284 692
284 740
284 832
284 859
285 435
285 609
285 750
285 779
285 875
285 902
285 915
285 938
285 957
285 987
286 307
286 466
286 500
286 517
286 574
287 378
287 395
287 410
287 446
287 526
287 531
287 536
287 628
287 692
287 730
287 814
287 827
287 917
288 381
288 486
288 608
288 632
288 813
288 836
288 853
288 927
288 945
288 951
289 395
289 563
289 589
289 639
289 651
289 685
289 835
289 853
289 934
289 943
290 442
290 475
290 536
290 663
290 681
290 724
290 867
290 872
290 918
290 928
291 376
291 442
291 472
291 476
291 513
291 585
291 619
291 773
291 876
291 878
292 373
292 385
292 413
292 474
292 653
292 701
292 719
292 852
292 854
292 936
293 377
293 387
293 445
293 656
293 820
293 842
293 849
293 980
294 306
294 606
294 656
294 734
294 871
294 873
295 318
295 319
295 530
295 553
295 695
295 715
295 828
295 862
295 874
296 310
296 343
296 356
296 429
296 441
296 610
296 664
296 684
296 696
296 702
296 719
296 729
296 776
296 816
296 893
296 934
297 305
297 361
297 457
297 688
297 841
298 339
298 411
298 506
298 513
298 572
298 743
298 779
298 904
298 938
298 971
299 379
299 480
299 648
299 702
299 753
299 782
299 976
299 996
300 332
300 360
300 380
300 414
300 496
300 538
300 581
300 768
300 778
300 963
301 359
301 510
301 626
301 637
301 698
301 832
302 325
302 328
302 458
302 478
302 493
302 714
302 732
302 771
302 867
302 899
302 914
302 987
302 995
303 319
303 481
303 489
303 620
303 645
303 854
303 920
303 955
304 380
304 424
304 496
304 564
304 589
304 608
304 718
304 767
304 801
304 810
304 833
304 863
305 323
305 457
305 473
305 544
305 611
305 765
305 883
305 903
305 923
305 971
306 625
306 769
306 907
307 403
307 440
307 631
307 640
307 900
308 362
308 489
308 565
308 669
308 726
308 734
308 773
308 821
308 919
308 959
308 991
309 329
309 332
309 363
309 380
309 392
309 471
309 589
309 699
309 740
309 786
309 862
309 874
309 959
309 990
310 328
310 351
310 657
310 716
310 729
310 781
310 951
311 703
311 748
311 875
311 959
312 408
312 422
312 440
312 567
312 575
312 642
312 650
312 807
312 852
312 910
312 987
313 355
313 397
313 484
313 495
313 497
313 544
313 592
313 612
313 667
313 742
313 772
313 855
313 862
313 973
314 367
314 440
314 601
314 621
314 660
314 667
314 672
314 705
314 716
314 718
314 738
314 803
314 947
315 348
315 413
315 528
315 624
315 709
315 731
315 743
315 922
316 419
316 622
316 662
316 837
316 939
316 988
317 329
317 384
317 412
317 447
317 482
317 545
317 556
317 568
317 657
317 680
317 705
317 802
317 860
317 886
317 932
318 341
318 508
318 601
318 694
318 798
318 828
318 874
318 884
318 930
319 327
319 385
319 453
319 507
319 590
319 658
319 721
319 749
319 752
319 769
320 348
320 540
320 558
320 597
320 892
320 910
320 936
321 347
321 375
321 389
321 677
321 689
321 817
321 865
321 879
321 957
321 977
322 537
322 619
322 665
322 745
322 805
322 829
322 862
322 923
322 942
323 478
323 480
323 523
323 546
323 587
323 607
323 652
323 664
323 861
323 904
323 952
323 981
324 375
324 418
324 473
324 501
324 615
324 619
324 648
324 661
324 667
324 674
324 820
325 382
325 393
325 489
325 577
325 753
325 869
325 892
325 939
325 996
326 370
326 581
326 582
326 588
326 665
326 721
326 727
326 800
326 882
326 921
327 393
327 504
327 594
327 630
327 753
327 774
327 825
327 881
327 897
327 916
328 345
328 364
328 489
328 495
328 631
328 847
328 956
328 958
329 333
329 371
329 572
329 642
329 707
329 733
329 833
329 907
330 448
330 551
330 555
330 570
330 747
330 824
330 957
331 342
331 398
331 411
331 428
331 433
331 496
331 500
331 620
331 733
331 742
331 808
331 857
331 911
332 429
332 431
332 439
332 447
332 461
332 472
332 522
332 538
332 616
332 684
332 689
332 783
332 809
333 375
333 427
333 560
333 588
333 662
333 716
333 845
334 502
334 521
334 673
334 678
334 712
334 764
334 781
334 786
334 841
334 946
335 354
335 427
335 531
335 595
335 632
335 652
335 706
335 758
335 852
335 876
335 940
335 964
336 572
336 793
336 811
336 825
337 569
337 637
337 646
337 754
337 759
337 974
338 355
338 514
338 523
338 574
338 648
338 669
338 870
338 911
338 940
338 967
339 368
339 393
339 656
339 681
339 796
339 826
339 917
339 922
339 989
340 472
340 518
340 538
340 690
340 705
340 712
340 719
340 756
340 850
340 943
340 984
340 997
341 359
341 640
341 725
341 820
341 932
341 965
341 966
342 421
342 460
342 463
342 471
342 475
342 616
342 788
342 908
342 915
342 918
342 984
343 431
343 479
343 525
343 537
343 566
343 574
343 575
343 598
343 603
343 688
343 700
343 782
343 826
344 427
344 483
344 555
344 608
344 655
344 734
345 439
345 463
345 571
345 686
345 793
345 830
346 355
346 415
346 448
346 571
346 576
346 578
346 679
346 690
346 722
346 771
346 784
346 835
346 875
346 882
346 937
346 987
347 379
347 578
347 776
347 984
347 988
348 471
348 592
348 724
348 955
349 361
349 458
349 472
349 492
349 502
349 565
349 603
349 752
349 806
349 944
350 417
350 418
350 433
350 479
350 636
350 687
350 698
350 778
350 911
351 503
351 514
351 650
351 661
351 834
351 977
351 984
352 439
352 467
352 511
352 598
352 646
352 663
352 742
352 914
352 915
353 390
353 458
353 767
353 823
354 368
354 548
354 663
354 671
354 923
354 995
355 414
355 460
355 559
355 667
355 724
355 825
355 827
356 421
356 656
356 850
356 892
356 904
356 976
357 464
357 583
357 662
357 780
357 909
357 978
358 370
358 429
358 443
358 462
358 477
358 501
358 515
358 523
358 582
358 612
358 634
358 638
358 690
358 723
358 737
358 742
358 777
358 806
358 910
359 399
359 408
359 491
359 534
359 551
359 663
359 706
359 723
359 804
359 807
360 372
360 421
360 469
360 622
360 819
360 844
360 876
360 885
360 939
360 981
361 366
361 586
361 661
361 723
361 740
361 749
361 907
362 548
362 764
362 883
363 659
363 800
363 911
363 913
363 984
363 995
364 367
364 430
364 595
364 622
364 822
364 900
364 985
365 436
365 469
365 563
365 573
365 663
365 692
365 802
365 867
365 910
366 371
366 447
366 643
366 830
366 945
366 946
367 369
367 412
367 469
367 493
367 579
367 670
367 783
367 879
367 883
367 966
367 996
368 413
368 433
368 435
368 518
368 688
368 690
368 763
368 879
368 884
368 924
369 511
369 630
369 916
370 486
370 635
370 718
370 799
370 884
370 930
370 953
371 384
371 423
371 435
371 492
371 644
371 784
371 857
371 995
372 515
372 554
372 617
372 750
372 812
372 867
372 912
372 985
373 615
373 617
373 625
373 635
373 673
373 793
373 982
374 480
374 585
374 774
374 780
374 791
374 800
374 924
374 934
375 557
375 577
375 614
375 689
375 719
375 732
375 804
375 873
376 492
376 533
376 549
376 660
376 695
376 823
377 457
377 515
377 710
377 769
377 781
377 802
377 830
377 926
377 943
377 947
377 949
378 501
378 556
378 564
378 638
378 642
378 784
378 950
378 964
379 424
379 527
379 571
379 596
379 691
379 693
379 721
379 745
379 756
379 849
379 918
379 948
380 384
380 409
380 439
380 442
380 469
380 712
380 812
380 941
381 432
381 443
381 481
381 502
381 696
381 858
381 869
381 972
382 466
382 535
382 633
382 682
382 848
382 956
383 405
383 448
383 463
383 469
383 527
383 572
383 606
383 824
384 586
384 680
384 740
384 929
384 994
385 398
385 561
385 569
385 802
385 805
385 825
385 836
385 876
385 926
386 396
386 520
386 548
386 551
386 716
386 758
386 828
386 868
386 916
386 993
387 462
387 471
387 700
387 727
387 911
387 951
388 448
388 452
388 458
388 526
388 795
388 905
388 953
389 516
389 541
389 596
389 602
389 667
389 739
389 772
389 787
389 847
389 897
390 438
390 492
390 570
390 696
390 707
390 717
390 760
390 773
390 866
390 949
391 470
391 476
391 524
391 547
391 697
391 777
391 916
391 991
392 432
392 480
392 535
392 633
392 803
392 810
392 823
392 858
392 871
392 974
393 415
393 454
393 489
393 510
393 562
393 654
393 719
393 810
394 564
394 662
394 695
394 756
394 864
394 894
394 919
394 994
395 407
395 444
395 453
395 558
395 616
395 663
395 843
395 857
395 864
396 508
396 657
396 727
396 792
396 901
396 935
397 433
397 464
397 510
397 663
397 672
397 765
397 836
397 879
397 966
398 490
398 713
398 748
398 767
398 791
398 951
398 992
399 477
399 547
399 553
399 679
399 700
399 785
399 818
400 443
400 449
400 481
400 487
400 700
400 805
400 894
400 906
401 508
401 543
401 993
402 448
402 541
402 547
402 650
402 804
402 805
403 415
403 478
403 573
403 619
403 847
403 918
404 457
404 527
404 579
404 582
404 727
404 764
404 765
404 925
405 428
405 439
405 600
405 659
405 740
405 813
405 832
405 890
406 452
406 479
406 631
406 673
406 744
406 761
406 783
406 798
406 880
406 887
406 926
406 942
406 967
407 459
407 464
407 496
407 615
407 752
407 917
407 951
408 448
408 597
408 651
408 706
408 928
409 440
409 484
409 540
409 916
409 960
410 425
410 516
410 593
410 800
410 936
411 487
411 817
411 935
412 560
412 713
412 759
412 768
412 807
413 447
413 593
413 615
413 649
413 811
413 986
414 440
414 460
414 657
414 668
414 671
414 692
415 477
415 498
415 544
415 633
415 664
415 750
416 586
416 605
416 719
416 781
416 858
416 907
416 914
416 933
416 977
417 483
417 491
417 500
417 511
417 514
417 596
417 785
417 817
417 868
417 905
418 421
418 445
418 552
418 566
418 659
418 691
419 421
420 490
420 541
420 559
420 721
420 766
420 799
420 805
420 902
421 438
421 709
421 766
421 781
421 829
421 895
422 576
422 739
422 781
422 848
422 930
422 964
423 459
423 481
423 675
423 729
423 757
423 835
423 851
424 560
424 598
424 611
424 696
424 884
424 885
424 890
424 918
424 939
425 475
425 698
425 808
425 848
425 868
425 884
426 692
426 698
426 727
426 806
426 848
426 854
426 859
426 959
427 512
427 597
427 677
427 758
427 912
428 443
428 507
428 658
428 718
428 844
429 489
429 494
429 620
429 793
429 951
429 969
430 536
430 545
430 620
430 749
430 817
430 827
431 604
431 767
431 793
431 801
431 882
431 982
432 629
432 798
432 878
432 898
433 464
433 601
433 730
433 772
433 797
433 805
433 832
433 872
433 902
433 937
434 659
434 818
434 928
435 453
435 572
435 578
435 699
435 856
435 889
436 590
436 638
436 665
436 714
436 720
436 914
436 977
437 440
437 505
437 519
437 577
437 640
437 796
437 895
437 902
437 924
437 933
437 935
437 970
438 616
438 634
438 776
438 836
439 446
439 496
439 570
439 715
439 741
439 753
439 841
440 620
440 696
440 785
440 800
440 858
440 894
440 950
441 547
441 550
441 652
441 672
441 731
441 767
441 779
441 850
441 912
441 985
442 446
442 460
442 573
442 574
442 681
442 886
443 536
443 553
443 633
443 639
443 663
443 897
443 900
443 910
444 521
444 645
444 654
444 730
444 759
444 841
445 466
445 537
445 601
445 615
445 746
445 748
445 837
445 907
446 507
446 545
446 649
446 712
446 981
447 458
447 479
447 560
447 671
447 717
447 747
448 657
448 848
448 877
448 923
448 929
449 644
449 699
449 719
449 812
450 514
450 647
450 653
450 665
450 725
450 759
450 826
450 959
450 987
451 478
451 585
451 623
451 661
452 576
452 592
452 706
452 730
452 789
452 827
452 834
452 853
453 626
453 912
453 985
454 463
454 711
454 749
454 783
454 878
454 934
454 983
455 589
455 857
455 968
455 997
456 487
456 514
456 562
456 573
456 609
456 675
456 713
456 724
456 766
456 817
456 857
456 995
457 475
457 573
457 751
457 939
458 518
458 525
458 538
458 570
458 600
458 635
458 722
458 802
458 838
458 889
458 987
459 477
459 581
459 589
459 606
459 660
459 687
459 879
459 952
460 509
460 596
460 652
460 833
460 835
460 896
461 464
461 471
461 596
461 636
461 705
461 883
461 900
461 928
461 931
461 955
462 716
462 750
462 751
462 802
462 908
462 958
462 975
463 595
463 613
463 677
463 898
463 929
464 505
464 629
464 665
464 722
464 727
464 831
464 930
465 503
465 508
465 631
465 681
465 723
465 756
465 874
465 897
465 945
466 475
466 541
466 661
466 672
466 687
466 803
466 875
466 885
467 495
467 566
467 818
467 877
468 529
468 728
468 878
468 955
469 530
469 555
469 560
469 628
469 675
469 678
469 687
469 725
469 795
469 812
469 844
469 861
469 879
469 948
469 975
469 995
470 746
470 781
470 963
470 980
471 629
471 762
471 813
471 936
472 473
472 497
472 654
472 712
472 772
472 816
472 845
472 846
472 892
472 905
472 912
473 552
473 609
473 614
473 750
473 877
473 962
474 510
474 603
474 653
474 774
474 824
474 854
475 482
475 623
475 691
475 857
475 997
476 594
476 770
476 908
476 928
476 938
476 943
476 967
477 629
477 663
477 700
477 768
477 800
477 816
477 827
477 841
477 911
477 916
478 586
478 640
478 719
478 845
478 861
478 961
479 484
479 622
479 662
479 722
479 797
479 905
480 581
480 731
480 760
480 856
480 858
481 569
481 811
481 842
481 926
481 960
482 500
482 534
482 641
482 685
482 734
483 557
483 645
483 732
483 775
483 853
483 886
483 928
483 956
483 959
484 486
484 750
484 772
484 918
484 925
484 927
484 994
485 589
485 627
485 705
485 735
485 741
485 744
485 808
485 857
485 935
485 990
486 565
486 645
486 733
486 889
487 533
487 540
487 657
487 918
488 498
488 502
488 563
488 636
488 677
488 909
488 938
489 509
489 520
489 581
489 626
489 721
489 783
489 938
489 973
490 525
490 536
490 588
490 714
490 733
490 798
490 892
490 898
491 550
491 610
491 663
491 708
491 802
492 648
492 758
492 791
492 820
492 858
492 930
492 976
493 519
493 539
493 668
493 689
493 800
493 911
493 970
494 566
494 647
494 793
494 986
495 500
495 549
495 586
495 643
495 767
495 792
495 835
495 897
495 917
496 738
496 755
496 769
496 971
497 619
497 773
497 786
497 831
497 960
498 504
498 589
498 703
498 713
498 850
498 961
499 565
499 669
499 871
499 872
499 945
500 612
500 902
500 980
501 746
501 773
501 795
501 802
501 988
502 572
502 802
502 849
502 867
502 945
502 977
502 985
503 565
503 654
503 678
503 683
503 704
503 794
503 873
503 878
503 920
503 934
504 597
504 699
504 715
504 737
504 763
504 897
504 912
504 964
505 513
505 849
505 908
506 530
506 583
506 642
506 814
506 985
507 598
507 645
507 692
507 710
507 778
507 828
508 521
508 570
508 590
508 591
508 615
508 633
508 896
508 902
508 913
509 634
509 700
509 884
509 903
509 920
509 958
510 624
510 926
511 723
511 733
511 825
511 917
512 515
512 663
512 691
512 694
512 744
512 820
512 887
512 888
512 978
513 579
513 863
513 865
513 870
513 976
514 928
514 987
515 531
515 576
515 594
515 782
515 939
515 976
516 593
516 651
516 693
517 531
517 570
517 721
517 743
517 792
517 817
517 875
518 645
518 842
518 881
518 955
518 983
519 536
519 832
520 592
520 619
520 628
520 718
520 800
520 876
520 947
520 999
521 546
521 587
521 598
522 672
522 712
522 748
523 540
523 550
523 564
523 578
523 581
523 683
523 802
523 812
523 824
523 868
524 705
524 712
524 769
524 824
524 858
524 862
524 865
525 686
525 698
525 866
525 878
525 955
526 603
526 715
526 833
526 845
526 857
527 588
527 596
527 659
527 812
527 943
528 662
528 679
528 774
528 943
529 578
529 779
529 780
529 848
529 909
530 537
530 697
530 881
530 912
530 948
531 613
531 825
531 853
532 629
532 663
532 727
532 830
532 849
532 859
532 867
532 930
532 968
533 633
533 761
533 880
534 559
534 647
534 777
534 909
535 540
535 620
535 691
536 578
536 589
536 656
536 665
536 727
536 905
536 974
537 688
537 785
537 888
538 678
538 719
538 731
538 733
538 919
539 571
539 797
539 821
539 939
540 552
540 714
540 733
540 841
540 919
541 696
541 735
541 755
541 861
541 921
541 943
541 967
541 976
541 993
542 551
542 568
542 791
542 809
542 842
542 843
543 571
544 547
544 627
544 745
544 800
544 836
544 871
544 966
544 997
545 580
545 620
545 684
545 701
545 792
545 821
546 572
546 634
546 664
546 751
546 862
546 983
547 706
547 733
547 787
547 796
547 872
547 879
547 902
547 931
548 660
548 850
548 884
548 886
548 897
548 907
549 577
549 777
549 784
550 553
550 746
550 773
550 822
550 928
551 556
551 576
551 586
551 595
551 630
551 646
551 760
551 823
551 891
552 572
552 696
552 723
552 763
552 935
552 997
553 563
553 591
553 594
553 620
553 673
553 814
553 940
554 586
554 592
554 638
554 676
554 691
554 705
554 795
554 839
554 866
554 882
554 906
554 970
555 570
555 675
556 560
556 572
556 654
556 758
556 857
556 895
556 965
557 737
558 740
558 745
558 869
558 881
558 964
560 566
560 620
560 812
560 910
561 575
561 746
561 771
561 947
562 822
562 912
563 644
563 754
563 814
563 911
563 944
564 566
564 616
564 666
564 782
564 901
564 952
565 609
565 643
565 925
565 929
565 962
566 644
566 673
566 725
566 770
566 898
567 715
567 764
567 931
568 623
568 678
568 779
568 907
568 971
569 586
569 679
569 761
569 813
569 851
569 925
570 809
570 848
570 875
571 618
571 908
571 998
572 587
572 652
572 690
572 708
572 726
572 878
573 578
573 593
573 693
573 798
574 718
574 765
574 766
574 862
574 866
574 926
575 576
575 743
575 835
576 603
576 692
576 774
576 866
577 617
577 627
577 692
577 742
577 904
577 908
578 587
578 613
578 614
578 766
578 929
578 946
579 580
579 586
579 625
579 642
579 841
579 883
579 925
579 979
580 646
580 670
580 900
580 953
580 979
581 630
581 639
581 669
581 757
581 862
581 865
581 918
582 648
582 670
582 711
582 820
582 899
582 944
583 603
583 664
583 734
583 941
583 942
583 946
584 760
584 970
585 653
585 876
586 755
586 835
586 985
587 637
587 893
587 922
587 934
587 976
587 977
588 724
588 876
589 700
589 719
589 776
589 780
589 925
589 928
589 936
590 593
590 616
590 845
590 881
590 930
591 596
591 645
591 671
591 681
591 787
591 888
591 898
592 623
592 657
592 664
592 740
592 939
592 970
593 634
593 707
593 808
593 815
593 931
594 739
594 755
594 783
594 786
594 901
594 964
594 977
594 982
595 605
595 677
595 687
595 704
595 797
595 906
595 911
595 922
596 639
596 741
597 643
597 671
597 674
597 703
597 863
598 644
598 666
598 698
598 911
598 912
599 750
599 928
599 930
600 671
600 739
600 909
601 646
601 710
601 782
602 640
602 641
602 834
602 863
602 913
602 996
603 816
603 930
603 949
604 679
604 743
604 784
604 870
604 965
605 608
605 634
605 671
605 836
606 632
606 678
606 750
606 756
606 798
606 837
606 933
606 997
607 631
607 672
607 690
607 703
607 746
607 902
607 911
607 926
607 928
608 782
609 617
609 641
609 742
609 820
610 662
610 775
610 819
610 829
610 842
610 917
610 950
611 624
611 686
611 725
611 838
612 635
612 676
612 822
612 824
612 938
613 624
613 729
613 820
613 878
613 918
613 935
614 616
614 774
614 796
614 860
614 963
615 871
616 891
616 904
617 622
617 661
617 747
617 767
617 808
617 884
618 705
618 726
618 739
619 665
619 678
619 705
619 827
619 854
619 888
620 707
620 712
620 849
621 626
621 767
621 775
621 800
621 870
622 651
622 677
622 749
622 775
622 835
622 908
622 962
623 755
623 828
623 885
623 938
623 954
623 989
624 736
624 830
625 840
625 841
625 885
626 845
626 857
626 947
627 681
627 721
627 756
627 782
627 809
627 930
628 722
628 824
628 869
628 908
628 947
629 689
629 777
629 925
629 929
629 952
631 792
631 954
631 972
632 634
632 756
633 655
633 671
633 674
633 697
633 791
634 637
634 748
634 921
635 666
635 680
635 747
635 816
635 987
636 717
636 796
636 797
636 818
636 839
636 927
637 646
637 714
637 773
637 822
637 875
637 945
638 839
638 894
639 743
639 914
639 972
640 775
640 817
640 835
640 892
640 894
641 728
641 748
641 802
641 967
642 706
642 779
642 846
642 926
642 930
642 988
643 680
643 801
643 831
644 648
644 691
645 651
645 723
645 809
645 989
646 679
646 858
647 667
647 734
647 768
647 857
647 880
647 942
647 968
648 736
649 689
650 691
650 805
650 837
650 848
651 660
651 848
652 683
652 721
652 809
652 817
652 926
653 775
653 777
653 905
653 965
654 679
654 715
654 752
654 782
654 907
654 962
655 670
655 680
655 889
656 688
656 895
657 770
657 818
657 871
658 751
658 786
658 788
658 948
658 964
659 704
659 770
659 819
659 832
659 833
659 842
659 923
660 677
660 734
660 841
660 971
661 666
661 854
661 950
662 781
662 783
662 862
662 871
663 690
663 700
663 709
663 780
663 795
663 977
664 694
664 698
664 774
664 802
664 805
664 816
664 895
664 948
665 753
665 991
666 703
666 762
666 796
666 896
667 768
667 970
667 971
668 702
668 807
668 907
668 956
669 738
669 764
669 896
669 921
669 983
670 677
670 865
670 873
671 717
671 777
671 964
672 821
672 901
672 931
672 945
672 963
673 817
674 748
674 818
674 882
674 902
674 952
675 697
675 733
676 882
676 894
676 910
676 946
676 967
677 765
677 789
677 843
678 836
678 945
678 961
679 787
679 860
679 972
680 783
680 801
680 891
681 741
681 783
681 786
681 887
681 959
681 964
682 683
682 820
682 839
682 933
682 942
682 943
682 986
683 686
683 704
683 720
683 859
683 889
683 941
684 808
684 811
684 829
684 832
684 856
684 870
684 999
685 728
685 823
685 847
686 803
686 923
687 800
687 890
687 896
687 971
688 746
688 788
688 860
688 971
689 841
689 879
689 946
690 728
690 793
691 723
691 813
691 958
692 763
692 770
693 711
693 859
693 862
693 913
693 937
694 821
694 936
694 944
695 707
695 726
695 760
695 822
695 839
695 907
696 742
696 768
696 978
697 840
697 891
698 737
698 769
698 818
698 866
698 938
698 991
699 710
699 782
699 993
700 882
700 924
700 966
701 712
701 829
701 854
701 907
701 942
701 994
702 840
702 860
702 985
703 706
703 779
703 818
703 934
703 946
704 902
704 937
704 960
705 874
705 911
705 959
706 715
706 725
706 782
706 826
706 871
706 947
706 976
707 815
708 813
708 841
708 910
709 806
710 882
710 884
710 901
710 921
710 983
710 986
711 742
711 798
711 824
711 830
711 909
711 960
712 793
712 841
712 879
712 892
712 985
712 998
713 933
713 948
713 961
714 719
714 838
715 848
715 882
716 728
716 750
716 843
716 920
716 992
717 849
717 885
717 905
717 926
717 930
718 896
718 999
719 739
719 825
719 827
720 753
720 768
720 810
720 921
721 877
721 932
722 874
722 909
722 912
722 913
722 926
722 983
723 766
723 780
723 821
723 831
723 936
724 804
724 840
724 849
724 872
725 735
725 771
725 929
726 791
726 798
726 859
726 861
727 862
727 966
728 756
728 791
728 828
728 856
728 883
729 779
729 790
729 943
730 731
730 739
730 814
730 992
731 917
731 927
731 991
732 773
732 807
732 820
733 766
733 815
734 781
734 839
734 893
734 980
735 759
735 796
735 876
735 938
735 942
736 901
737 813
737 871
737 899
737 902
737 928
738 796
738 947
738 988
739 829
739 843
739 862
739 990
739 996
740 749
740 858
740 991
741 761
741 764
741 994
742 751
742 775
742 851
742 946
742 955
743 791
743 918
744 755
744 899
744 906
744 924
744 944
744 956
745 850
746 802
746 836
746 842
746 886
747 896
747 952
748 780
748 802
748 870
748 886
748 976
749 788
749 852
749 950
749 983
750 774
750 789
750 794
750 805
750 914
750 960
750 963
751 802
751 841
751 851
752 782
752 897
752 979
753 757
753 918
753 938
754 789
754 938
754 977
755 801
755 962
756 849
756 904
757 794
758 906
758 974
759 840
759 934
759 962
761 791
761 888
761 928
761 955
761 958
761 972
761 987
762 859
762 955
764 778
764 854
764 876
764 950
765 905
765 955
765 998
766 779
766 842
766 878
766 896
766 921
766 951
767 803
767 908
768 831
769 915
769 999
770 783
770 833
770 912
770 938
771 921
771 996
773 776
773 821
773 830
773 904
773 930
774 836
774 873
774 884
774 900
775 833
775 854
775 925
775 965
776 799
776 887
776 899
776 957
777 894
779 841
779 997
780 792
781 858
781 906
781 915
781 977
781 983
782 795
782 833
782 877
782 967
783 841
783 921
783 937
784 967
785 811
786 820
786 876
787 877
787 933
788 887
788 899
789 815
789 934
790 839
790 909
792 976
792 985
792 993
793 854
793 896
793 967
793 981
794 911
794 937
795 842
795 961
796 848
797 833
798 899
799 814
799 863
799 923
799 964
800 853
800 898
801 929
801 933
802 885
802 935
803 883
803 899
804 845
804 867
804 881
805 992
806 820
806 822
807 976
807 988
808 818
808 872
808 979
809 810
809 906
810 814
810 890
810 902
811 931
811 932
811 994
812 927
812 975
813 857
813 861
814 912
814 989
815 844
816 870
816 932
817 875
817 920
818 850
818 885
818 922
818 957
821 866
821 919
821 970
822 970
823 961
824 883
824 928
824 931
826 878
826 950
827 869
827 889
827 969
828 860
828 941
828 959
829 933
829 966
829 979
830 844
830 882
830 921
831 907
832 837
832 921
833 896
833 995
835 840
836 888
836 912
836 951
837 841
837 990
839 937
840 937
840 994
841 913
842 994
843 849
843 871
843 883
843 935
844 862
845 885
845 950
845 955
845 959
846 855
846 901
849 908
850 943
851 859
851 996
852 914
853 855
853 912
853 959
854 932
854 981
856 879
856 905
856 931
857 905
857 916
857 964
857 968
859 958
863 946
863 969
864 871
865 940
865 958
865 979
867 926
867 951
870 939
870 972
870 993
871 970
871 979
873 892
873 956
874 882
875 986
876 915
876 986
877 965
877 970
878 942
878 949
878 972
880 912
880 926
880 981
881 919
882 885
882 918
882 921
884 950
885 959
886 903
887 957
887 985
887 988
889 948
889 954
890 981
891 959
892 973
892 989
892 995
893 952
893 979
894 911
894 923
895 984
896 982
897 921
897 974
898 920
898 978
899 911
899 931
899 963
899 984
902 950
902 960
903 919
903 927
903 966
904 922
905 972
906 957
907 922
907 929
907 952
908 924
909 915
909 948
910 922
910 967
911 980
911 981
912 946
913 919
913 941
913 945
914 926
915 957
916 973
918 977
920 993
920 995
921 934
921 952
922 991
923 999
924 967
925 977
927 957
927 986
928 954
928 992
928 994
929 966
930 947
932 955
932 964
933 949
933 977
935 936
938 979
939 974
939 981
939 987
940 961
941 988
943 975
944 971
946 997
947 990
947 994
948 998
952 999
953 979
953 993
954 968
954 986
955 974
958 963
958 994
959 961
965 978
967 986
977 991
977 992
978 986
978 993
979 999
986 992
990 999
