0
1000
5094
0
1
0
0 50
0 112
0 123
0 216
0 296
0 350
0 360
0 459
0 501
0 507
0 602
0 679
0 707
0 835
0 949
0 960
1 172
1 404
1 430
1 644
1 912
1 924
2 46
2 101
2 340
2 403
2 519
2 594
2 742
2 804
2 937
2 964
3 82
3 98
3 127
3 182
3 201
3 254
3 310
3 339
3 411
3 418
3 434
3 454
3 556
3 661
3 685
3 873
4 304
4 377
4 442
4 546
4 776
4 843
5 17
5 66
5 136
5 348
5 635
5 666
5 694
5 748
5 807
5 835
5 910
5 963
5 979
5 995
6 129
6 130
6 254
6 257
6 367
6 414
6 437
6 462
6 478
6 655
7 151
7 381
7 414
7 418
7 445
7 566
7 568
7 588
7 737
7 940
8 58
8 100
8 427
8 440
8 500
8 558
8 568
8 628
8 701
8 840
8 854
9 231
9 243
9 416
9 663
9 709
9 761
9 803
9 962
10 123
10 297
10 496
10 574
10 799
10 864
11 58
11 74
11 116
11 139
11 159
11 183
11 263
11 284
11 308
11 404
11 494
11 575
11 809
11 991
12 17
12 51
12 174
12 192
12 345
12 678
12 705
12 775
12 781
12 784
12 812
12 815
12 828
12 968
12 989
13 152
13 343
13 539
13 598
13 626
13 629
13 687
13 688
13 816
14 25
14 46
14 62
14 93
14 383
14 576
14 583
14 679
14 690
14 751
14 812
14 937
15 86
15 90
15 331
15 352
15 746
15 753
15 897
16 234
16 360
16 771
16 854
16 858
16 892
17 23
17 85
17 197
17 491
17 611
17 753
17 840
17 891
17 892
17 990
18 157
18 202
18 383
18 487
18 733
18 859
18 866
18 932
19 30
19 140
19 279
19 542
19 694
19 753
19 848
20 66
20 134
20 170
20 229
20 252
20 254
20 284
20 402
20 511
20 638
20 666
20 669
20 829
20 861
21 97
21 104
21 136
21 633
21 769
21 805
21 912
21 975
21 997
22 129
22 266
22 408
22 410
22 503
22 511
22 543
22 722
22 802
22 935
23 32
23 515
23 678
23 733
23 811
23 856
24 74
24 124
24 143
24 516
24 621
24 655
24 662
24 674
24 727
24 808
24 957
25 48
25 664
25 692
25 695
25 712
25 761
25 811
26 35
26 202
26 421
26 467
26 468
26 526
26 796
26 849
26 918
26 964
27 89
27 93
27 147
27 158
27 263
27 305
27 487
27 578
27 646
27 673
27 760
27 782
27 857
27 897
28 73
28 98
28 101
28 187
28 475
28 546
28 548
28 572
28 683
28 779
29 200
29 253
29 257
29 419
29 430
29 466
29 501
29 583
29 709
29 850
29 987
30 98
30 377
30 433
30 449
30 554
30 775
30 795
30 816
30 917
30 937
30 976
31 321
31 326
31 370
31 618
31 619
31 786
31 898
31 958
31 968
32 143
32 191
32 208
32 214
32 400
32 722
32 752
33 326
33 413
33 676
33 702
33 863
34 100
34 326
34 449
34 485
34 582
34 622
34 950
35 41
35 73
35 155
35 357
35 576
35 600
35 638
35 700
35 718
36 178
36 210
36 304
36 369
36 713
36 734
37 213
37 232
37 477
37 651
37 722
37 809
37 820
38 113
38 166
38 318
38 458
38 483
38 650
38 980
39 226
39 238
39 381
39 507
39 676
39 700
39 729
39 822
39 851
39 875
39 905
40 125
40 164
40 318
40 421
40 522
40 546
40 563
40 663
40 813
40 818
40 890
40 959
41 60
41 89
41 108
41 237
41 314
41 433
41 538
41 556
41 807
41 980
42 65
42 712
42 781
42 929
43 120
43 282
43 375
43 423
43 472
43 595
43 810
43 851
44 175
44 265
44 581
44 677
44 771
44 785
44 886
45 120
45 279
45 350
45 383
45 427
45 451
45 510
45 526
45 611
45 672
45 793
45 804
45 970
46 53
46 281
46 327
46 420
46 421
46 506
46 512
46 816
46 871
46 947
47 82
47 150
47 302
47 407
47 435
47 438
47 472
47 555
47 586
47 736
48 117
48 377
48 665
48 915
49 129
49 155
49 280
49 297
49 514
49 584
49 863
49 889
49 895
49 911
50 90
50 113
50 125
50 272
50 284
50 449
50 511
50 641
50 651
50 694
50 861
50 903
51 126
51 179
51 181
51 724
51 891
51 966
51 978
52 123
52 133
52 202
52 212
52 391
52 441
52 591
52 598
52 615
52 626
52 629
53 111
53 121
53 240
53 246
53 380
53 665
53 995
54 317
54 372
54 398
54 400
54 441
54 524
54 680
55 64
55 65
55 72
55 439
55 809
55 955
56 209
56 244
56 320
56 360
56 366
56 457
56 678
56 765
56 835
56 936
57 78
57 167
57 539
57 599
57 728
57 877
57 882
57 980
58 146
58 182
58 462
58 591
58 611
58 631
58 878
58 889
59 177
59 220
59 303
59 305
59 457
59 478
59 589
59 665
60 89
60 112
60 132
60 235
60 515
60 592
60 611
60 668
60 724
60 790
61 175
61 214
61 270
61 284
61 297
61 624
61 805
61 837
61 934
62 153
62 158
62 426
62 585
63 103
63 374
63 494
63 701
63 809
63 935
63 943
64 82
64 381
64 483
64 538
64 690
64 708
64 983
65 198
65 228
65 516
65 564
65 628
65 681
65 692
65 833
65 903
65 960
65 983
66 195
66 536
67 102
67 176
67 321
67 398
67 432
67 804
67 896
67 923
67 925
67 991
68 133
68 220
68 245
68 260
68 399
68 530
68 542
68 600
68 916
69 176
69 255
69 371
69 388
69 416
69 419
69 423
69 535
69 595
69 596
69 657
69 843
69 850
69 896
70 100
70 199
70 239
70 245
70 246
70 468
70 536
70 543
70 631
70 633
70 679
70 868
70 874
70 961
71 190
71 194
71 378
71 492
71 544
71 554
71 689
71 712
71 766
71 863
71 875
72 154
72 161
72 252
72 334
72 406
72 579
72 609
72 719
72 926
72 960
72 968
73 244
73 271
73 342
73 769
73 876
73 884
73 912
73 915
73 944
73 958
74 267
74 342
74 349
74 403
74 433
74 452
74 504
74 509
74 543
74 601
74 646
74 664
74 728
74 756
74 911
75 89
75 341
75 359
75 376
75 440
75 495
75 574
75 645
75 668
76 90
76 167
76 471
76 523
76 598
76 754
76 778
76 794
76 818
76 896
76 909
76 936
77 163
77 321
77 329
77 338
77 465
77 571
77 584
77 877
78 141
78 150
78 194
78 507
78 775
78 795
79 445
79 712
79 954
80 205
80 232
80 367
80 527
80 533
80 746
80 764
80 897
80 927
81 257
81 290
81 331
81 492
81 665
81 765
81 839
81 876
82 159
82 367
82 396
82 604
82 718
82 741
82 754
82 864
82 976
83 134
83 135
83 277
83 318
83 474
83 636
83 700
83 844
83 847
83 893
84 203
84 246
84 328
84 348
84 516
84 538
84 612
84 765
84 860
84 862
84 907
84 933
84 972
85 122
85 205
85 306
85 782
85 847
86 90
86 187
86 275
86 284
86 312
86 419
86 474
86 665
86 666
86 710
86 731
86 816
86 984
87 131
87 166
87 302
87 344
87 369
87 377
87 420
87 435
87 475
87 480
87 658
87 676
87 863
87 996
88 201
88 278
88 367
88 386
88 536
88 551
88 560
88 631
88 644
88 790
89 102
89 291
89 741
89 861
89 871
90 107
90 335
90 415
90 416
90 453
90 496
90 528
90 547
90 651
90 659
90 704
90 731
90 779
90 819
90 922
90 930
90 982
91 140
91 337
91 500
91 579
92 112
92 161
92 174
92 241
92 309
92 343
92 383
92 532
92 606
92 648
92 767
92 811
92 933
92 944
93 240
93 355
93 394
93 452
93 747
94 288
94 428
94 715
94 767
94 794
95 168
95 248
95 273
95 287
95 446
95 479
95 560
95 566
95 621
95 623
95 785
95 827
96 130
96 395
96 434
96 449
96 689
96 931
96 985
96 992
97 288
97 502
97 544
97 548
97 904
97 909
98 178
98 328
98 354
98 412
98 644
98 870
98 888
99 170
99 196
99 276
99 280
99 281
99 352
99 419
99 483
99 638
99 689
99 858
100 122
100 128
100 361
100 370
100 381
100 397
100 413
100 446
100 579
100 701
100 888
100 934
100 984
100 994
100 997
101 135
101 276
101 317
101 448
101 497
101 500
101 509
101 568
101 764
101 913
102 320
102 390
102 401
102 466
102 586
102 610
102 622
102 667
102 764
102 949
103 145
103 146
103 279
103 284
103 316
103 476
103 511
103 564
103 644
103 686
103 796
103 887
104 142
104 336
104 362
104 396
104 463
104 478
104 502
104 560
104 683
104 722
104 791
104 927
104 931
104 944
104 948
105 271
105 337
105 491
105 746
105 846
105 990
106 122
106 204
106 215
106 314
106 347
106 389
106 444
106 484
106 501
106 519
106 536
106 704
106 804
106 888
106 890
106 930
107 119
107 191
107 235
107 260
107 286
107 337
107 442
107 479
107 515
107 588
107 666
107 686
107 783
107 865
107 886
107 967
108 111
108 327
108 446
108 489
108 604
108 710
108 733
109 125
109 171
109 191
109 268
109 284
109 486
109 578
109 601
109 698
109 723
109 812
110 133
110 212
110 338
110 492
110 548
110 605
110 821
110 833
111 132
111 254
111 710
111 738
111 747
111 796
111 984
112 125
112 299
112 303
112 318
112 525
112 571
112 587
112 777
112 982
113 550
113 570
113 602
113 755
113 867
114 354
114 441
114 488
114 621
114 745
114 790
114 943
115 158
115 190
115 277
115 344
115 459
115 463
115 596
115 626
115 643
115 758
115 813
115 894
115 945
116 119
116 153
116 636
116 796
116 948
116 957
117 137
117 198
117 220
117 309
117 414
117 640
117 722
118 134
118 210
118 349
118 557
118 649
118 758
118 957
118 962
118 992
119 184
119 229
119 306
119 534
119 562
119 566
119 687
119 784
119 790
120 164
120 168
120 262
120 355
120 360
120 420
120 461
120 675
120 849
120 890
121 226
121 323
121 387
121 480
121 505
121 576
121 737
121 813
121 856
121 892
122 190
122 225
122 575
122 586
122 829
122 912
123 158
123 266
123 448
123 527
123 562
123 669
123 728
123 738
123 767
123 894
123 954
124 131
124 228
124 285
124 391
124 533
124 599
124 696
124 785
124 875
124 877
124 951
125 146
125 249
125 317
125 485
125 509
125 616
125 810
126 300
126 481
126 488
126 537
126 722
126 787
126 811
126 819
126 863
126 912
126 951
127 248
127 308
127 389
127 498
127 741
127 816
127 892
128 144
128 178
128 240
128 262
128 299
128 311
128 338
128 438
128 528
128 774
128 831
128 874
129 189
129 331
129 482
129 485
129 632
129 718
129 843
129 896
129 926
129 957
130 174
130 328
130 341
130 524
130 674
130 813
130 975
131 189
131 243
131 260
131 300
131 331
131 372
131 497
131 542
131 582
131 611
131 904
131 920
131 997
132 138
132 159
132 344
132 399
132 444
132 591
132 661
132 679
132 696
132 761
132 770
132 807
132 839
132 840
132 968
133 247
133 274
133 438
133 498
133 518
133 760
133 817
133 842
134 211
134 223
134 394
134 503
134 652
134 775
134 778
134 842
134 993
135 147
135 161
135 192
135 222
135 228
135 315
135 348
135 507
135 561
135 669
135 749
135 785
135 836
135 911
136 396
136 814
136 872
136 885
136 999
137 243
137 330
137 418
137 592
137 650
138 150
138 253
138 382
138 525
138 544
138 724
138 775
138 805
138 941
138 946
139 169
139 181
139 256
139 283
139 351
139 380
139 390
139 444
139 616
139 843
139 963
140 142
140 202
140 217
140 230
140 538
140 585
140 593
140 653
140 660
140 695
140 741
140 803
141 149
141 202
141 458
141 499
141 811
141 868
141 895
141 941
141 997
142 205
142 246
142 337
142 349
142 401
142 450
142 485
142 564
142 588
142 653
142 756
142 798
143 163
143 229
143 312
143 354
143 551
143 572
143 786
144 319
144 342
144 357
144 504
144 760
144 762
144 862
144 880
144 902
144 920
144 938
144 968
145 200
145 260
145 394
145 459
145 536
145 563
145 645
145 901
145 997
146 198
146 231
146 415
146 423
146 460
146 516
146 518
146 532
146 564
146 578
146 598
146 673
146 691
146 833
146 841
146 916
146 980
147 158
147 241
147 256
147 423
147 520
147 623
147 651
147 729
147 817
147 827
147 916
147 923
148 324
148 387
148 475
148 490
148 514
148 546
148 589
148 719
149 332
149 359
149 365
149 393
149 396
149 662
149 740
149 816
149 830
149 899
149 901
150 627
151 292
151 324
151 472
151 542
151 691
151 723
151 794
151 805
151 891
152 228
152 294
152 450
152 509
152 578
152 800
152 822
152 885
153 247
153 323
153 342
153 346
153 367
153 374
153 404
153 515
153 676
153 705
153 790
153 865
153 888
154 294
154 299
154 342
154 366
154 395
154 662
154 693
154 920
155 304
155 411
155 589
155 662
155 774
155 775
155 824
155 923
155 924
155 970
155 984
156 186
156 187
156 455
156 591
156 743
156 745
156 875
156 894
156 975
157 374
157 434
157 598
157 601
157 720
157 736
157 909
158 265
158 276
158 492
158 527
159 337
159 472
159 514
159 735
159 766
159 967
160 199
160 201
160 203
160 244
160 269
160 280
160 324
160 353
160 692
160 722
160 849
160 882
161 274
161 343
161 403
161 458
161 536
161 561
161 762
162 250
162 299
162 352
162 494
162 759
162 840
162 954
162 975
163 249
163 316
163 373
163 614
163 717
163 974
164 199
164 242
164 371
164 434
164 545
164 661
164 986
165 203
165 211
165 330
165 465
165 484
165 558
165 633
165 650
165 747
165 801
165 808
165 894
165 948
165 971
166 228
166 359
166 563
166 836
166 840
167 265
167 309
167 311
167 319
167 375
167 422
167 427
167 632
167 687
167 714
167 852
167 856
167 980
168 197
168 205
168 303
168 337
168 380
168 487
168 541
168 939
168 952
168 978
169 218
169 460
169 484
169 608
169 704
169 775
169 806
169 830
169 920
169 929
170 286
170 392
170 412
170 461
170 883
170 908
171 221
171 245
171 306
171 380
171 391
171 483
171 570
171 767
171 843
171 876
171 988
172 194
172 299
172 326
172 598
172 611
172 908
173 196
173 216
173 268
173 361
173 483
173 509
173 611
173 738
173 779
173 800
173 902
174 292
174 452
174 485
174 504
174 679
174 728
174 884
175 236
175 433
175 436
175 604
175 612
175 649
175 688
176 232
176 243
176 279
176 333
176 351
176 470
176 808
177 179
177 342
177 450
177 697
177 742
177 768
177 821
177 907
177 947
178 214
178 269
178 342
178 463
178 605
178 657
178 773
179 309
179 379
180 181
180 390
180 445
180 571
180 635
180 709
180 910
180 911
181 231
181 325
181 389
181 560
181 627
181 667
181 814
181 827
181 918
182 183
182 459
182 468
182 562
182 610
182 636
182 758
182 883
182 949
182 983
183 275
183 453
183 510
183 607
183 640
184 496
185 405
185 448
185 493
185 515
185 565
185 872
185 905
185 936
186 187
186 374
186 436
186 589
186 797
187 194
187 225
187 317
187 422
187 757
187 823
188 512
188 519
188 806
188 909
189 279
189 303
189 316
189 373
189 571
189 785
189 849
189 892
189 909
190 249
190 282
190 566
190 758
190 853
190 915
190 964
191 235
191 455
191 595
191 768
191 787
191 796
191 840
192 215
192 278
192 355
192 585
192 727
192 777
192 950
193 272
193 345
193 436
193 437
193 449
193 460
193 499
193 514
193 614
193 775
193 776
193 957
194 527
194 566
194 725
194 766
195 249
195 255
195 286
195 513
195 578
195 637
195 746
195 751
195 811
196 313
196 513
196 559
196 695
196 797
196 808
196 859
196 937
197 323
197 532
197 540
197 559
197 747
197 823
197 935
197 946
198 215
198 350
198 475
198 535
198 581
198 660
198 713
198 736
198 790
198 802
198 810
198 907
199 266
199 353
199 373
199 480
199 514
199 597
199 659
199 700
199 769
200 219
200 235
200 264
200 518
200 718
200 843
201 260
201 293
201 354
201 503
201 529
201 838
201 980
202 206
202 232
202 241
202 357
202 430
202 893
202 913
203 236
203 685
203 754
203 800
203 921
203 984
204 235
204 299
204 395
204 436
204 480
204 627
204 720
204 779
204 793
204 856
204 906
204 949
204 995
205 577
205 622
205 898
205 920
205 930
205 992
206 391
206 505
206 546
206 761
206 788
206 825
206 832
206 855
206 994
207 651
207 668
207 824
207 870
207 914
207 959
207 973
208 317
208 426
208 501
208 530
208 550
208 749
208 813
208 853
208 913
208 945
209 415
209 416
209 464
209 736
210 276
210 290
210 366
210 379
210 403
210 531
210 571
210 592
210 611
210 664
210 746
210 757
210 879
210 897
210 963
210 971
211 224
211 230
211 330
211 510
211 669
211 682
211 867
211 880
211 983
212 469
212 547
212 625
212 654
212 837
212 871
213 233
213 335
213 630
213 694
213 697
213 751
213 814
213 858
213 908
214 254
214 443
214 461
214 700
214 756
214 763
214 788
215 346
215 360
215 455
215 699
215 768
216 367
216 404
216 540
216 682
217 223
217 239
217 272
217 414
217 486
217 605
217 617
217 662
217 678
217 703
217 789
217 807
217 835
217 838
217 942
218 424
218 426
218 909
218 938
218 956
219 256
219 349
219 404
219 452
219 481
219 498
219 560
219 697
219 701
219 800
219 889
220 285
220 643
220 665
220 790
220 835
220 895
220 944
221 375
221 534
221 569
221 619
221 649
221 742
221 767
221 898
221 979
222 473
222 653
222 971
222 996
223 247
223 318
223 484
223 524
223 544
223 646
223 660
223 700
223 723
223 865
223 878
223 892
223 893
224 306
224 402
224 457
224 702
224 819
224 839
224 848
225 521
225 846
225 970
226 380
226 472
227 667
227 755
227 842
227 977
227 996
228 370
228 426
228 445
228 527
228 722
228 732
228 734
228 871
228 961
229 235
229 320
229 651
229 985
230 280
230 544
230 792
230 833
230 897
231 593
231 625
231 982
232 290
232 292
232 353
232 378
232 503
232 750
232 845
232 932
232 964
233 247
233 302
233 430
233 477
233 559
233 976
234 267
234 308
234 493
234 497
234 617
234 650
234 658
234 677
234 705
234 708
234 735
234 909
235 268
235 500
235 572
235 732
235 741
235 746
235 768
235 861
236 267
236 285
236 287
236 315
236 318
236 501
236 549
236 725
236 826
237 449
237 495
237 577
237 718
237 780
237 850
238 310
238 370
238 456
238 509
238 685
238 740
238 950
238 977
239 259
239 291
239 518
239 866
239 912
239 961
239 970
239 994
240 695
240 947
241 403
241 420
241 435
241 546
241 663
241 728
241 922
241 941
242 357
242 362
242 369
242 440
242 441
242 592
242 607
242 877
242 925
242 971
243 540
243 763
243 863
243 911
243 923
243 972
244 367
244 373
244 434
244 487
244 512
244 524
244 729
244 766
244 792
244 942
244 963
245 306
245 328
245 380
245 470
245 668
246 413
246 622
246 707
246 795
246 895
246 934
247 270
247 277
247 278
247 327
247 590
247 633
247 730
247 762
247 979
248 335
248 369
248 420
248 536
248 594
248 676
248 833
249 563
249 584
249 614
249 821
249 863
249 936
250 322
250 372
250 415
250 474
250 483
250 846
250 867
251 297
251 486
251 508
251 621
251 638
251 680
251 681
251 799
251 820
251 871
251 996
252 261
252 351
252 443
252 555
252 620
252 729
252 959
253 307
253 359
253 562
253 682
253 867
254 308
254 557
254 559
254 575
254 577
254 622
254 627
254 744
254 780
254 854
254 859
254 868
254 972
255 406
255 407
255 588
255 697
255 783
255 823
255 890
255 973
256 319
256 369
256 397
256 445
256 453
256 525
256 594
256 657
256 706
256 736
256 882
257 269
257 295
257 542
257 670
257 771
257 786
257 795
258 415
258 424
258 632
258 689
258 800
258 870
258 916
258 982
258 996
259 352
259 391
259 429
259 509
259 611
259 649
259 650
259 819
259 885
259 917
259 961
259 981
260 266
260 349
260 379
260 648
260 671
261 331
261 517
261 581
261 623
261 678
261 687
261 761
261 823
262 359
262 453
262 642
262 684
262 694
262 727
262 878
262 894
263 389
263 394
263 585
263 633
263 660
263 696
263 698
263 708
263 766
263 909
263 933
264 295
264 325
264 352
264 386
264 529
264 549
264 561
264 569
264 787
265 313
265 479
265 563
265 600
265 878
265 879
266 367
266 412
266 435
266 476
266 770
266 985
267 388
267 393
267 485
267 509
267 566
267 623
267 714
267 845
267 867
267 870
267 918
267 968
268 333
268 447
268 559
268 650
268 683
268 792
268 801
268 891
269 409
269 513
269 526
269 570
269 616
269 779
269 900
269 962
270 281
270 313
270 472
270 542
270 556
270 596
270 603
270 616
270 728
270 836
270 853
270 876
270 953
270 983
271 360
271 390
271 463
271 487
271 520
271 540
271 635
271 673
271 719
271 730
271 741
271 756
271 808
271 812
271 836
271 839
271 887
272 399
272 550
272 619
272 676
272 761
272 792
272 882
272 993
273 553
273 691
273 841
273 870
274 404
274 476
274 597
274 642
274 724
275 276
275 359
275 360
275 361
275 447
275 540
275 688
275 758
275 780
275 855
275 925
275 981
276 311
276 321
276 490
276 644
276 671
276 708
276 758
276 871
277 370
277 435
277 482
277 630
277 690
277 796
277 880
278 362
278 405
278 462
278 640
278 754
278 765
278 915
278 979
279 316
279 398
279 444
279 548
279 578
279 623
279 651
279 654
279 880
280 322
280 489
280 775
280 796
281 384
281 422
281 445
281 486
281 492
281 854
281 993
282 320
282 438
282 512
282 650
282 674
282 706
282 738
282 893
282 974
283 615
283 616
283 682
283 738
283 760
283 857
284 314
284 326
284 388
284 793
284 827
284 943
284 961
285 294
285 425
285 629
285 669
285 784
285 858
285 936
285 937
286 364
286 406
286 555
286 560
286 690
286 694
286 955
287 297
287 303
287 330
287 389
287 419
287 468
287 673
287 792
287 992
287 998
288 444
288 519
288 686
288 821
288 992
289 346
289 511
289 659
289 721
289 780
290 474
290 552
290 591
290 592
290 666
290 913
290 935
291 511
291 599
291 607
291 629
291 730
291 739
291 759
291 926
291 962
292 382
292 458
292 500
292 828
292 939
292 955
293 325
293 327
293 432
293 437
293 462
293 529
293 785
293 875
293 927
293 951
294 661
295 400
295 444
295 464
295 592
295 801
295 863
295 885
295 919
295 945
295 961
296 307
296 447
296 467
296 887
296 897
296 979
297 343
297 623
297 630
297 697
297 766
297 941
298 448
298 455
298 493
298 602
298 890
298 899
298 908
298 992
299 398
299 481
299 849
299 914
299 983
300 386
300 520
300 570
300 814
300 820
300 825
300 834
300 866
300 934
300 987
301 381
301 390
301 594
301 662
301 842
301 868
301 893
301 960
302 382
302 421
302 440
302 654
302 704
302 802
302 808
302 891
303 332
303 520
303 579
303 603
303 905
304 340
304 408
304 485
304 495
304 539
304 545
305 453
305 854
305 882
305 885
305 978
305 979
306 545
306 614
306 665
306 716
306 848
307 352
307 426
307 438
307 533
307 534
307 648
307 773
307 794
307 845
308 317
308 428
308 441
308 553
308 558
308 601
308 633
308 635
308 659
308 801
308 809
308 935
308 940
309 318
309 345
309 385
309 452
309 471
309 487
309 536
309 544
309 571
309 589
309 597
309 698
310 515
310 677
310 703
310 842
310 892
311 313
311 456
311 544
311 694
311 937
312 353
312 358
312 530
312 716
312 754
312 872
312 909
312 912
313 763
313 797
313 941
313 943
314 392
314 516
314 582
314 614
314 666
314 668
314 677
314 687
314 902
314 906
314 921
314 932
315 479
315 491
315 603
315 787
315 797
315 802
316 335
316 489
316 519
316 701
316 760
316 777
316 897
316 934
317 598
317 693
318 397
318 401
318 428
318 678
318 719
318 958
318 979
318 985
319 491
319 944
320 323
320 567
320 941
321 369
321 647
321 704
321 797
322 360
322 503
322 563
322 573
322 575
322 641
322 655
322 823
322 867
323 552
323 805
323 907
323 956
324 465
324 476
324 800
325 487
325 576
325 659
325 660
325 781
325 817
325 961
325 988
326 483
326 588
326 599
326 690
326 838
326 872
326 938
327 487
327 608
327 637
327 680
327 690
327 897
327 926
328 371
328 407
328 416
328 431
328 448
328 450
328 541
328 575
328 590
328 691
328 995
329 499
329 748
329 762
329 766
329 852
329 888
329 905
330 449
330 519
330 535
330 541
330 661
330 769
330 913
330 919
330 930
330 998
331 374
331 408
331 513
331 556
331 582
331 775
331 811
331 881
331 914
331 931
331 950
332 454
332 480
332 634
332 649
332 673
333 381
333 383
333 395
333 464
333 538
333 884
333 925
334 357
334 417
334 496
334 664
334 807
334 821
335 372
335 488
335 489
335 792
335 817
335 913
336 366
336 371
336 410
336 449
336 459
336 461
336 484
336 522
336 723
337 379
337 454
337 544
337 547
337 785
337 839
337 920
337 922
338 402
338 744
338 817
338 884
338 914
338 944
339 450
339 462
339 484
339 639
339 652
339 683
339 702
339 709
339 847
339 970
339 987
340 576
340 841
340 853
340 912
340 963
341 400
341 417
341 568
341 669
341 672
341 927
341 983
342 463
342 486
342 613
342 694
342 761
342 763
342 843
342 845
342 977
343 407
343 440
343 531
343 566
343 858
343 861
343 928
343 982
344 519
344 552
344 587
344 601
344 726
344 775
344 986
345 354
345 394
345 711
345 784
345 785
345 837
346 671
346 971
347 404
347 430
347 455
347 516
347 638
347 662
347 683
347 731
347 848
348 366
348 569
348 580
348 852
348 945
349 517
349 618
349 623
349 693
349 788
349 863
349 902
350 427
350 660
350 694
350 792
350 838
350 859
351 733
351 850
351 897
352 386
352 402
352 447
352 462
352 614
352 631
352 666
352 720
352 722
352 764
352 836
352 913
352 950
352 973
353 404
353 493
353 562
353 601
353 696
353 711
353 852
353 959
354 465
354 507
354 512
354 553
354 724
354 771
354 795
354 824
355 382
355 773
356 513
356 665
356 766
356 789
356 879
356 939
356 948
357 493
357 506
357 522
357 615
357 643
357 646
357 659
358 427
358 446
358 532
358 698
358 797
358 903
359 449
359 595
359 599
359 724
359 729
359 744
359 780
359 802
359 864
359 946
360 665
360 693
360 696
360 740
360 774
360 786
360 962
360 990
360 993
361 388
361 401
361 443
361 522
361 592
361 606
361 724
361 792
361 820
361 823
361 877
362 370
362 438
362 451
362 496
362 576
362 606
362 617
362 730
362 781
362 802
362 898
363 621
363 716
363 791
363 864
363 958
363 969
364 546
364 553
364 648
364 690
364 752
365 536
365 604
365 662
365 768
365 926
365 994
366 408
366 513
366 548
366 824
366 998
367 429
367 683
367 789
367 836
368 448
368 507
368 528
368 679
368 717
368 792
368 805
368 943
369 420
369 423
369 535
369 609
369 766
369 768
369 795
369 965
370 440
370 499
370 517
370 530
370 664
370 818
370 926
371 532
371 621
371 714
371 898
371 959
372 583
372 591
372 648
372 716
372 949
372 957
373 378
373 437
373 568
373 924
374 533
374 977
375 648
375 676
375 679
375 698
375 798
375 913
376 441
376 464
376 738
376 908
377 392
377 655
377 740
377 808
377 821
377 908
377 915
377 943
377 946
378 462
378 517
378 717
378 812
378 971
379 680
379 741
380 392
380 553
380 575
380 688
380 748
380 771
380 786
380 853
380 859
380 862
380 939
381 436
381 472
381 481
381 700
381 707
381 828
381 846
381 932
382 387
382 388
382 515
382 529
382 781
383 388
383 575
383 606
383 654
383 730
383 809
383 831
384 404
384 574
384 653
384 755
384 917
385 520
385 602
385 760
386 403
386 549
386 563
386 835
386 869
386 912
386 925
387 496
387 540
387 727
387 984
388 421
388 433
388 450
388 553
388 618
388 666
388 784
388 946
389 591
389 760
389 928
390 502
390 603
390 759
390 844
390 967
391 491
391 499
391 567
391 849
391 932
391 962
392 453
392 484
392 513
392 519
392 572
392 573
392 743
392 818
392 925
392 945
392 973
392 976
393 522
393 940
393 975
394 416
394 444
394 447
394 474
394 531
394 591
394 621
394 643
394 792
394 824
394 898
394 913
394 929
394 966
395 574
395 581
395 661
395 702
395 946
396 495
396 663
396 809
396 898
396 963
396 978
397 501
397 769
397 789
397 942
398 800
398 811
398 996
399 594
399 758
399 873
400 552
400 576
400 659
400 710
400 874
400 878
401 613
401 629
401 649
401 673
401 677
401 742
401 792
401 845
402 652
402 784
402 865
403 444
403 546
403 550
403 726
403 817
403 907
403 972
404 553
404 846
404 872
405 421
405 474
405 565
405 622
405 846
405 939
406 498
406 794
406 981
407 459
407 517
407 624
407 744
407 801
408 502
408 665
408 878
408 950
409 410
409 556
409 621
409 875
410 446
410 454
410 596
410 630
410 704
410 763
410 829
410 897
410 926
411 432
411 437
411 452
411 475
411 544
411 569
411 580
411 661
411 713
411 890
411 959
412 636
412 725
412 856
412 861
412 939
412 951
413 425
413 790
414 512
414 739
414 950
414 978
414 981
414 995
415 536
415 561
415 562
415 743
415 937
416 428
416 467
416 807
416 844
416 961
416 987
417 504
417 583
417 598
417 640
417 765
417 966
418 497
418 517
418 691
418 803
418 873
419 457
419 617
419 626
419 694
419 724
419 781
419 859
419 866
419 944
419 972
420 516
420 585
420 601
420 625
420 872
420 930
421 471
421 927
422 491
422 500
422 527
422 591
422 791
422 792
422 882
422 895
422 928
422 943
422 988
422 996
423 428
423 670
423 688
423 848
423 909
423 951
424 573
424 634
424 641
424 661
424 716
424 816
425 450
425 503
425 571
425 716
425 730
425 859
425 896
426 606
426 644
426 659
426 857
427 464
427 665
427 801
427 808
428 505
428 605
428 714
428 822
428 866
428 964
428 970
429 432
429 480
429 487
429 526
429 786
429 800
429 805
429 865
429 890
430 467
430 501
430 741
430 894
431 432
431 626
431 720
431 761
431 769
431 809
431 967
431 980
432 451
432 456
432 484
432 487
432 575
432 636
432 653
432 744
432 823
433 531
433 591
433 594
433 711
433 721
434 591
434 595
434 759
434 840
435 480
435 493
435 509
435 521
435 524
435 533
435 692
435 934
436 452
436 532
436 662
437 608
437 653
437 719
437 756
437 767
437 807
437 817
437 825
437 990
438 540
438 544
438 573
438 614
438 769
438 805
438 828
438 876
438 933
439 651
439 700
440 452
440 503
440 572
441 503
441 605
441 619
441 865
441 927
442 507
442 551
442 704
443 499
443 572
443 844
443 953
444 535
444 567
444 766
444 768
444 844
445 836
445 869
446 677
446 730
446 894
447 516
447 602
447 727
447 790
447 836
447 851
447 875
448 490
448 511
448 712
448 756
448 868
448 870
448 917
448 955
449 733
449 786
449 845
449 866
449 938
449 943
450 499
450 716
450 791
450 800
450 921
451 461
451 504
451 588
451 606
451 621
451 791
451 819
451 822
452 542
452 636
452 649
452 791
452 854
452 891
453 460
453 659
453 698
453 741
453 773
453 861
454 468
454 583
454 619
454 643
454 721
454 732
454 910
454 932
455 795
455 844
455 978
456 502
456 599
456 735
456 939
456 952
457 481
457 503
457 625
457 693
457 712
457 721
457 838
457 845
457 964
458 483
458 626
458 644
458 813
458 944
459 725
459 968
459 998
460 594
460 707
460 724
461 478
461 543
461 554
461 566
461 576
461 721
461 852
461 918
461 961
461 967
462 618
463 681
463 715
463 853
463 901
464 702
464 710
464 752
465 483
465 562
465 638
465 654
465 715
465 912
465 929
466 494
466 554
466 618
466 918
467 482
467 795
467 885
467 910
467 996
468 470
468 521
469 595
469 617
469 636
469 652
469 784
469 882
470 542
470 543
470 653
470 824
470 913
470 924
471 549
471 656
471 694
471 758
471 944
472 507
472 581
472 804
472 861
473 562
473 614
473 806
473 860
473 995
474 589
474 737
474 844
474 851
474 962
474 975
475 589
475 669
475 843
476 538
476 552
476 806
476 872
476 926
477 655
477 699
477 726
477 975
478 630
478 711
478 739
478 767
478 775
478 819
478 958
479 527
479 632
479 675
479 687
479 792
479 974
480 545
480 820
480 832
480 838
480 895
480 913
481 638
481 689
481 703
481 712
481 953
482 751
482 773
482 954
483 524
483 749
483 937
484 633
484 680
485 491
485 509
485 634
485 636
485 650
485 712
485 796
485 815
485 897
485 938
486 562
486 676
486 803
486 826
487 493
487 718
487 744
487 810
487 837
488 561
488 564
488 566
488 726
488 778
488 845
488 875
488 894
489 491
489 657
489 772
490 587
490 707
490 796
490 878
491 536
491 710
491 715
491 842
492 573
492 674
492 879
492 887
492 952
493 498
493 525
493 639
493 641
493 705
493 948
494 626
494 630
494 657
494 668
494 670
494 882
494 889
494 961
495 533
495 600
495 672
495 699
495 862
496 597
496 694
496 751
496 768
496 894
497 705
497 799
497 908
497 912
497 990
498 505
498 556
498 561
498 684
498 761
498 901
498 976
499 537
499 691
499 725
499 736
499 928
500 502
500 533
500 720
500 893
501 623
501 718
501 891
502 765
502 780
502 843
502 985
503 536
503 662
503 823
504 556
504 586
504 599
504 745
504 816
504 825
504 863
504 907
505 591
505 824
505 950
505 962
506 702
506 824
506 871
507 656
507 843
508 511
508 588
508 612
508 629
508 645
508 720
508 742
508 782
509 539
509 635
509 786
509 891
509 946
509 989
509 999
510 548
510 719
510 741
510 753
510 801
510 898
510 954
511 515
511 798
511 990
512 541
512 593
512 919
513 599
513 607
513 681
513 895
513 907
513 915
513 922
513 982
514 515
514 524
514 532
514 673
514 714
514 765
514 857
514 917
514 985
515 634
515 729
515 789
515 838
515 871
516 590
516 661
516 698
516 749
516 832
516 850
516 852
516 871
516 932
517 576
517 588
517 598
517 665
517 709
517 714
517 759
517 817
517 840
518 816
518 903
519 751
519 796
519 807
519 968
520 717
520 833
521 525
522 843
523 567
523 929
523 936
523 960
524 689
524 710
524 970
525 546
525 604
525 680
525 716
525 746
525 780
525 937
526 547
526 580
526 730
526 767
526 827
526 846
527 606
527 699
527 882
527 940
528 551
528 608
528 695
528 744
528 808
528 863
528 872
528 906
529 541
529 559
529 596
529 727
529 878
529 900
529 930
530 543
530 675
530 690
530 916
531 767
531 842
531 927
531 953
531 981
531 984
532 638
532 696
532 742
532 817
532 836
532 975
533 795
533 829
533 846
533 884
533 913
533 960
534 569
534 578
534 898
534 957
534 994
535 552
535 611
535 641
535 855
535 897
535 906
535 972
536 589
536 608
536 751
536 861
536 893
536 963
537 659
537 736
537 777
537 788
537 889
537 950
537 982
538 561
538 665
538 670
538 793
538 878
538 887
538 943
538 976
539 712
539 736
539 909
539 995
540 680
540 817
540 871
540 887
540 900
541 569
541 973
542 846
542 977
543 570
543 912
543 933
543 944
544 552
544 758
544 774
544 921
544 961
545 624
545 759
546 670
546 709
546 727
546 775
546 800
546 950
547 709
547 735
547 869
548 736
548 884
549 568
549 587
549 613
549 711
549 712
549 713
549 914
549 965
550 737
550 794
550 977
551 709
551 758
551 924
552 556
552 572
552 831
552 840
552 848
552 977
552 984
553 636
553 685
553 759
554 827
554 834
554 899
555 609
555 700
555 888
555 890
555 939
555 959
555 983
556 560
556 908
556 930
556 942
557 772
557 906
557 972
557 980
557 993
558 676
558 693
558 802
558 834
558 933
558 934
558 966
559 585
559 635
559 709
559 741
559 772
559 813
560 584
560 604
560 771
561 757
561 812
561 833
561 913
562 602
562 644
562 694
562 735
562 751
563 571
563 607
563 617
563 701
563 707
563 741
563 988
564 645
564 654
564 657
564 700
564 977
565 644
565 726
565 808
565 943
565 951
565 987
566 581
566 584
566 794
566 828
566 863
566 874
567 882
569 741
569 813
570 577
570 598
570 647
570 783
570 918
570 991
571 768
571 807
571 879
571 997
572 624
572 693
572 728
573 632
573 759
573 843
573 896
573 913
573 932
573 984
574 714
575 578
575 666
575 754
575 788
575 843
575 912
575 987
576 625
576 757
576 791
576 904
576 990
577 758
577 805
577 982
578 681
578 720
578 748
578 770
578 809
578 981
579 721
579 851
579 954
580 597
580 648
580 751
580 802
580 923
580 994
581 595
581 606
581 746
581 913
581 982
582 726
582 819
582 958
582 995
583 588
583 739
583 753
583 847
583 995
584 638
584 920
584 944
584 950
585 596
585 675
585 700
585 708
585 824
585 844
585 939
585 967
585 970
585 971
585 987
586 607
586 617
586 708
586 843
586 889
587 829
587 848
587 994
588 659
588 981
589 708
589 890
590 614
591 655
591 710
591 762
591 837
591 890
592 804
592 887
593 689
593 754
593 821
593 858
594 665
594 727
594 937
595 697
595 932
596 697
596 747
596 804
596 817
596 959
596 995
597 601
597 791
597 824
597 910
597 991
598 614
598 718
598 781
598 782
598 874
598 929
598 986
599 658
599 712
599 713
599 885
599 930
599 955
600 788
600 889
600 907
600 939
600 954
601 786
602 849
602 879
603 753
604 693
604 915
605 638
605 843
605 863
606 992
607 691
607 708
607 751
607 762
607 791
607 900
608 611
608 621
608 641
608 677
608 771
608 779
608 801
608 865
608 910
608 932
608 953
609 692
609 796
609 852
610 646
610 705
610 729
610 756
610 881
610 882
611 798
611 936
612 637
612 734
612 835
612 874
613 688
613 705
613 929
613 940
614 711
614 880
614 924
614 977
614 988
615 666
615 672
615 835
615 874
617 619
617 694
617 814
617 984
618 711
618 761
618 788
618 800
618 856
618 943
618 965
619 682
619 751
619 912
620 655
620 709
620 740
620 751
620 755
620 932
621 730
621 826
621 955
622 628
622 666
622 724
622 759
622 950
622 972
623 820
623 863
623 921
624 641
624 814
624 912
625 707
625 715
625 759
625 823
625 874
625 898
625 956
626 723
626 759
626 861
626 902
627 953
628 661
628 773
628 814
629 646
629 655
629 682
629 924
629 993
630 732
630 770
630 888
630 976
630 990
630 991
631 668
631 720
631 925
632 653
632 789
632 812
633 787
633 794
633 964
634 719
634 747
634 778
634 801
634 865
634 917
635 821
636 797
636 860
636 911
637 666
637 835
637 879
637 955
638 752
639 651
639 753
639 765
639 908
640 663
640 689
640 732
640 890
640 895
641 677
641 842
642 848
642 935
642 953
642 982
643 759
643 903
643 928
643 949
644 651
644 749
644 999
645 779
645 925
645 990
646 739
646 905
646 907
646 986
646 995
647 712
647 747
647 817
647 825
647 850
647 926
647 978
648 700
648 722
648 826
648 941
649 662
649 816
649 832
649 942
649 986
650 675
650 778
650 815
650 817
650 859
650 950
651 748
652 666
652 801
652 902
652 998
653 654
653 660
653 740
653 884
653 914
654 697
654 722
654 774
654 822
654 947
654 953
655 737
656 709
656 890
656 955
656 970
656 974
657 693
657 724
657 777
657 779
657 845
657 928
657 971
658 843
658 905
658 969
659 726
659 883
660 680
660 849
661 673
661 830
661 847
661 873
661 897
661 961
661 972
662 741
662 791
662 839
662 861
662 874
662 984
663 739
663 802
663 831
664 700
664 936
665 739
665 758
665 823
665 931
665 944
666 702
666 844
667 868
667 911
668 991
669 788
669 844
669 869
669 943
669 960
669 978
669 998
670 713
670 751
670 758
670 785
671 852
671 875
672 775
672 845
673 699
673 735
673 972
673 978
674 789
674 959
674 977
675 812
675 888
675 913
675 957
676 775
676 799
676 801
676 995
677 700
677 736
677 896
677 903
678 820
678 840
678 900
678 945
679 714
679 736
679 804
679 924
681 739
681 834
682 690
682 940
682 952
683 756
683 828
683 989
684 713
684 714
684 817
684 856
684 970
684 983
685 707
685 773
685 795
685 917
685 996
686 792
686 833
686 917
686 996
687 703
687 871
687 963
688 827
688 876
688 900
688 922
688 935
688 950
688 953
688 968
689 712
690 760
690 811
690 816
690 852
691 749
691 761
691 839
691 885
691 899
692 741
692 902
692 971
692 992
693 712
693 917
694 735
695 785
696 741
696 770
696 780
696 790
696 885
696 921
697 802
697 898
697 922
698 766
698 784
699 962
699 986
700 713
700 908
700 929
701 745
702 881
702 956
703 734
703 782
703 855
703 856
704 720
704 831
704 901
704 934
704 975
705 879
705 996
706 979
707 884
707 929
707 938
708 785
708 857
709 727
709 743
709 769
709 862
709 953
710 734
710 817
710 850
711 743
711 780
711 835
711 987
712 721
712 831
712 876
713 952
713 953
714 715
714 749
714 776
714 793
714 815
714 975
714 987
715 810
715 980
716 795
716 866
716 867
716 903
716 904
717 750
717 844
717 905
718 982
719 751
719 795
719 849
719 905
719 941
719 977
721 762
721 835
721 841
721 856
721 950
721 984
722 724
722 801
722 822
722 870
722 881
722 904
722 969
722 976
723 777
723 814
723 880
724 772
724 943
724 975
724 995
725 736
725 775
725 806
725 926
725 934
726 786
727 846
727 884
727 912
727 945
728 736
728 789
728 843
728 889
728 910
729 736
729 796
729 823
729 926
729 972
729 991
730 893
731 742
731 762
731 770
731 773
731 786
731 801
731 804
731 852
731 977
731 979
731 996
731 997
732 996
733 742
733 751
733 758
734 771
734 942
736 774
736 776
736 914
736 919
737 761
737 861
737 880
737 904
739 773
739 796
739 819
739 947
740 827
740 874
741 831
741 974
743 747
743 752
743 927
743 946
744 801
744 815
744 937
745 770
745 920
745 956
746 980
747 774
747 828
747 842
747 872
747 911
748 936
749 767
749 775
749 814
749 870
749 927
750 970
751 964
752 757
752 900
752 913
753 767
753 808
753 824
753 981
754 855
755 863
756 770
756 810
756 818
756 838
758 788
758 846
758 918
760 770
760 912
761 772
762 886
762 911
763 948
763 969
764 790
764 937
765 873
765 952
766 846
766 886
767 812
767 941
768 808
768 888
769 798
769 931
770 785
771 940
771 960
772 924
772 945
773 825
773 876
773 966
774 993
774 994
774 995
775 843
776 858
776 865
776 912
776 937
777 840
777 877
777 927
777 962
778 978
778 980
778 997
779 910
779 930
781 908
781 919
781 972
781 995
782 867
782 934
783 914
783 920
783 930
783 960
784 967
785 839
785 860
785 899
786 810
787 829
787 877
787 919
788 834
788 861
788 890
788 944
788 949
789 858
789 892
790 907
790 996
791 870
791 954
791 955
792 810
792 820
792 847
792 953
793 865
793 874
793 878
794 861
795 833
795 840
796 895
796 919
796 928
797 822
797 824
797 894
798 880
798 932
799 824
799 904
799 938
800 838
800 881
800 940
800 967
801 885
802 824
802 882
802 935
803 855
803 872
803 881
803 924
803 937
803 997
804 810
804 880
805 926
805 983
806 869
806 893
806 995
809 869
809 992
810 923
810 935
811 839
812 860
813 979
814 893
814 901
814 924
815 837
816 980
817 920
818 821
819 856
819 883
820 866
820 936
821 960
821 983
822 949
822 963
823 852
824 896
824 925
825 831
825 841
825 934
825 953
826 907
831 872
831 958
832 906
833 889
834 893
834 990
835 849
836 898
837 888
837 932
837 992
838 885
838 903
838 912
838 996
839 872
840 846
840 856
841 873
841 890
841 964
843 849
843 997
844 933
844 945
844 999
845 934
846 997
847 856
847 885
847 951
847 972
850 891
853 920
853 921
853 940
854 919
855 858
855 959
856 888
856 954
856 995
858 990
859 888
859 920
859 965
860 931
861 890
861 933
861 963
862 875
862 913
862 934
862 936
862 972
863 941
864 978
866 948
866 981
866 998
867 955
869 924
873 916
873 934
873 946
874 876
874 881
874 943
874 957
875 955
875 977
876 896
876 993
877 879
877 939
877 978
878 885
878 888
878 968
880 985
881 961
882 919
882 993
883 885
883 954
884 898
884 932
884 969
885 895
885 974
886 910
888 902
889 948
889 975
889 997
892 940
893 937
893 958
894 940
896 914
898 920
900 964
900 968
901 922
902 968
905 918
907 910
908 927
908 987
910 924
910 933
911 987
914 992
915 973
915 983
917 920
918 919
918 967
918 988
922 995
923 964
924 987
926 939
927 962
928 966
929 949
929 951
930 939
931 959
934 956
936 948
936 964
937 946
937 970
939 942
940 973
942 969
946 968
949 991
951 959
951 968
952 995
954 985
955 970
966 972
968 996
973 988
990 996
992 998
