0
1000
4947
0
1
0
0 208
0 550
0 558
0 685
0 706
0 783
0 803
0 862
0 914
1 39
1 54
1 420
1 628
1 741
1 788
1 855
1 956
2 47
2 48
2 134
2 180
2 633
2 674
2 688
2 725
2 928
2 987
3 93
3 118
3 158
3 252
3 287
3 374
3 423
3 433
3 471
3 512
3 533
3 567
3 661
3 709
3 798
3 907
4 146
4 155
4 398
4 405
4 430
4 542
4 591
4 668
4 769
5 32
5 54
5 112
5 139
5 316
5 393
5 404
5 445
5 669
5 673
5 705
5 933
6 79
6 85
6 196
6 385
6 751
6 808
6 908
6 993
7 14
7 345
7 390
7 418
7 421
7 457
7 518
7 533
7 634
7 771
7 811
8 12
8 27
8 285
8 475
8 495
8 530
8 594
8 595
8 713
8 783
8 785
8 791
8 795
8 874
8 984
8 996
9 26
9 68
9 83
9 280
9 339
9 421
9 708
9 812
9 923
10 93
10 177
10 195
10 249
10 471
10 490
10 860
10 953
11 43
11 147
11 222
11 245
11 409
11 600
11 884
11 919
11 975
12 101
12 129
12 148
12 265
12 277
12 445
12 453
12 462
12 491
12 607
12 809
12 818
12 949
13 41
13 43
13 406
13 481
13 721
13 792
13 935
13 948
14 378
14 569
14 644
14 723
14 906
14 994
15 30
15 37
15 280
15 334
15 377
15 459
15 556
15 617
16 288
16 378
16 383
16 587
16 616
16 714
16 719
16 948
16 976
16 979
17 89
17 115
17 428
17 509
17 667
17 736
18 291
18 307
18 455
18 549
18 682
18 771
19 164
19 388
19 401
19 517
19 744
19 825
19 830
19 964
19 988
20 254
20 305
20 307
20 390
20 408
20 493
20 693
20 777
20 820
20 886
21 32
21 101
21 110
21 129
21 132
21 228
21 261
21 358
21 384
21 398
21 500
21 666
21 764
21 796
21 913
21 941
22 379
22 556
22 625
22 652
22 760
22 817
22 839
22 886
23 133
23 148
23 356
23 488
23 545
23 708
23 720
23 748
23 824
23 865
24 139
24 188
24 317
24 385
24 570
24 595
24 972
25 220
25 292
25 404
25 617
25 661
25 716
25 798
25 871
25 910
26 47
26 265
26 273
26 548
26 614
26 736
26 770
26 979
26 995
27 102
27 272
27 366
27 412
27 604
27 723
27 729
27 792
27 833
27 901
28 94
28 101
28 216
28 405
28 466
29 37
29 54
29 154
29 239
29 308
29 319
29 399
29 428
29 496
29 540
29 544
29 584
29 728
29 792
29 809
29 818
29 836
29 939
30 68
30 110
30 123
30 163
30 270
30 427
30 442
30 464
30 520
30 547
30 601
30 605
30 644
30 710
30 938
31 90
31 547
31 609
31 699
31 711
31 916
31 954
31 973
32 337
32 519
32 765
32 855
32 949
33 69
33 281
33 480
33 544
33 566
33 660
33 990
34 75
34 280
34 352
34 415
34 535
34 977
35 167
35 452
35 551
35 607
35 695
35 713
35 821
35 872
35 891
35 929
35 953
35 976
36 71
36 134
36 210
36 296
36 376
36 400
36 419
36 706
36 715
36 774
36 977
37 85
37 202
37 312
37 324
37 355
37 446
37 613
37 649
37 715
37 885
37 890
38 133
38 265
38 437
38 497
38 556
38 790
38 934
38 986
39 53
39 95
39 417
39 486
39 675
39 871
40 48
40 205
40 342
40 360
40 366
40 413
40 427
40 437
40 565
40 694
40 749
40 802
40 900
41 117
41 185
41 201
41 471
41 538
41 703
41 730
41 853
42 117
42 154
42 184
42 217
42 324
42 411
42 450
42 581
42 818
43 95
43 264
43 282
43 346
43 394
43 456
43 641
43 651
43 731
43 913
43 917
43 937
43 971
43 981
44 115
44 187
44 204
44 208
44 356
44 358
44 499
44 535
44 542
44 841
45 103
45 194
45 226
45 312
45 392
45 411
45 604
45 869
46 64
46 119
46 177
46 280
46 368
46 431
46 856
46 891
47 71
47 245
47 252
47 450
47 639
47 685
47 809
47 881
48 362
48 428
48 502
48 547
48 715
48 751
48 818
48 865
48 910
48 984
49 81
49 164
49 299
49 409
49 597
49 608
49 664
49 683
49 883
49 990
50 122
50 170
50 229
50 340
50 366
50 558
50 768
50 831
51 79
51 103
51 136
51 166
51 202
51 337
51 431
51 529
51 545
51 638
51 841
51 850
52 147
52 198
52 220
52 373
52 456
52 482
52 591
52 718
52 786
52 798
52 813
52 920
52 966
53 456
53 569
53 693
53 812
53 815
53 821
53 841
53 871
53 938
53 996
54 255
54 348
54 587
54 590
54 693
54 700
54 903
55 637
55 673
55 972
56 68
56 94
56 105
56 134
56 566
56 729
56 737
56 740
56 931
57 133
57 202
57 359
57 386
57 422
57 433
57 539
57 639
57 658
57 724
57 759
57 785
57 879
58 81
58 101
58 106
58 145
58 200
58 201
58 284
58 617
58 732
59 67
59 93
59 99
59 241
59 248
59 312
59 405
59 472
59 636
59 682
59 839
59 911
59 957
60 253
60 377
60 807
60 957
61 185
61 249
61 332
61 417
61 474
61 726
62 297
62 413
62 431
62 457
62 814
62 821
62 899
62 982
63 119
63 139
63 154
63 267
63 494
63 546
63 578
63 614
63 628
63 668
63 740
63 785
64 169
64 174
64 273
64 388
64 506
64 638
64 688
64 973
65 107
65 115
65 119
65 144
65 215
65 302
65 499
65 630
65 646
65 740
65 919
66 300
66 323
66 380
66 456
66 513
66 764
66 770
66 890
66 915
66 923
67 151
67 604
67 745
68 261
68 284
68 362
68 520
68 879
68 986
69 206
69 398
69 456
69 480
69 719
69 724
69 731
69 987
70 73
70 335
70 396
70 446
70 507
70 631
70 885
70 901
70 991
70 995
71 143
71 232
71 236
71 244
71 366
71 561
71 805
71 825
71 866
72 76
72 87
72 161
72 220
72 325
72 610
72 685
72 853
72 975
73 716
74 419
74 498
74 566
74 761
74 774
74 954
75 83
75 122
75 184
75 251
75 340
75 523
75 771
75 831
75 972
76 90
76 240
76 402
76 630
76 662
76 779
76 797
76 924
77 120
77 243
77 277
77 298
77 323
77 371
77 519
77 634
77 685
77 726
77 758
77 961
77 969
78 118
78 369
78 407
78 537
78 645
78 870
78 937
79 95
79 157
79 286
79 335
79 406
79 530
79 542
79 554
79 581
79 790
79 858
79 859
79 864
80 210
80 287
80 349
80 414
80 427
80 502
80 710
80 843
80 955
81 147
81 247
81 324
81 480
81 546
81 713
81 824
82 111
82 144
82 283
82 300
82 371
82 394
82 616
82 665
82 669
82 689
82 893
82 929
83 108
83 255
83 557
83 563
83 702
84 181
84 194
84 261
84 363
84 405
84 616
84 674
84 765
84 947
85 169
85 171
85 253
85 284
85 291
85 468
85 596
85 602
85 751
85 767
85 768
85 785
85 854
86 141
86 280
86 299
86 300
86 338
86 426
86 506
86 764
86 822
86 841
86 854
86 894
87 132
87 234
87 286
87 395
87 454
87 602
87 604
87 957
87 972
88 97
88 189
88 331
88 371
88 604
88 666
88 720
88 741
88 747
88 824
88 885
88 917
88 935
89 107
89 156
89 282
89 391
89 495
89 641
89 738
89 784
90 98
90 133
90 167
90 204
90 424
90 499
90 571
90 600
90 608
90 641
90 755
90 780
90 899
91 148
91 153
91 353
91 642
91 646
91 714
91 779
91 890
91 967
92 323
92 385
92 454
92 476
92 678
92 704
93 144
93 198
93 232
93 297
93 333
93 434
93 491
93 755
93 812
93 823
94 302
94 307
94 400
94 410
94 489
94 537
94 879
95 410
95 488
95 862
96 206
96 287
96 396
96 438
96 479
96 501
96 521
96 572
96 583
96 825
96 858
97 234
97 300
97 536
97 577
97 634
97 702
97 707
97 802
97 883
97 980
98 163
98 322
98 419
98 534
98 630
98 642
98 701
98 713
98 815
99 285
99 420
99 498
99 789
99 800
100 128
100 277
100 284
100 326
100 492
100 540
100 558
100 756
100 762
101 124
101 139
101 152
101 173
101 243
101 409
101 567
101 830
101 852
101 872
101 999
102 179
102 503
102 706
102 736
103 107
103 318
103 405
103 582
103 695
103 711
103 712
103 790
104 126
104 195
104 285
104 530
104 546
105 201
105 761
105 859
105 919
106 136
106 141
106 175
106 237
106 252
106 337
106 370
106 713
106 729
106 766
106 793
106 809
106 856
106 886
107 245
107 419
107 791
107 795
107 894
107 941
107 956
108 128
108 193
108 418
108 662
108 696
108 903
108 968
108 969
109 175
109 248
109 316
109 384
109 698
109 819
110 185
110 264
110 698
110 720
110 769
110 843
110 934
110 937
110 949
110 967
111 141
111 167
111 211
111 334
111 782
111 898
111 997
112 339
112 419
112 528
112 665
112 699
112 756
113 123
113 185
113 194
113 368
113 465
113 504
113 567
113 587
113 681
113 697
113 901
114 235
114 515
114 689
114 744
114 845
114 973
114 987
115 150
115 198
115 269
115 438
115 731
116 173
116 342
116 410
116 416
116 434
116 604
116 623
116 626
116 787
116 851
116 871
116 982
117 241
117 243
117 306
117 386
117 396
117 551
117 820
117 846
117 895
118 191
118 231
118 390
118 464
118 490
118 536
118 632
118 665
118 718
118 722
118 891
119 289
119 413
119 572
119 600
119 609
119 660
119 688
119 723
119 784
120 204
120 303
120 345
120 363
120 441
120 588
120 656
120 674
120 742
120 813
121 249
121 277
121 280
121 285
121 459
121 815
121 900
121 986
122 147
122 180
122 346
122 466
122 540
122 935
122 968
123 322
123 460
123 501
123 674
123 828
123 869
123 876
124 214
124 222
124 254
124 301
124 444
124 819
124 976
125 200
125 405
125 444
125 527
125 532
125 753
125 870
125 948
126 148
126 201
126 401
126 487
126 502
126 513
126 536
126 674
126 689
126 899
126 993
127 161
127 222
127 343
127 492
127 495
127 640
127 685
127 790
127 904
127 985
128 151
128 284
128 306
128 505
128 508
128 597
128 638
128 651
128 695
128 787
128 987
129 147
129 384
129 481
129 783
129 861
129 897
130 457
130 533
130 844
130 852
130 855
131 187
131 427
131 462
131 541
131 761
131 863
131 914
131 930
132 310
132 332
132 478
132 480
132 534
132 541
132 665
132 931
132 945
133 361
133 373
133 524
133 653
133 726
133 807
134 523
134 537
134 903
134 969
135 199
135 229
135 427
135 629
135 664
135 693
135 711
135 832
135 839
135 849
135 913
135 948
136 219
136 270
136 291
136 330
136 395
136 418
136 468
136 511
136 667
136 737
136 867
136 918
137 151
137 218
137 477
137 600
137 710
137 773
137 805
137 990
138 153
138 423
138 543
138 703
138 758
139 229
139 239
139 300
139 419
139 447
139 450
139 503
139 531
139 691
139 857
139 985
140 227
140 282
140 302
140 360
140 396
140 470
140 547
140 570
140 651
140 653
140 706
140 798
140 803
140 853
140 996
141 232
141 509
141 572
141 713
141 736
141 790
142 162
142 186
142 296
142 302
142 309
142 417
142 504
142 544
142 555
142 580
142 605
142 812
142 875
142 922
143 707
143 803
143 804
143 837
143 862
143 934
143 998
144 199
144 290
144 335
144 359
144 369
144 380
144 550
144 564
144 681
145 309
145 345
145 362
145 567
145 714
145 862
146 445
146 513
146 784
146 921
147 370
147 398
147 401
147 420
147 707
147 714
147 827
147 881
147 901
147 980
148 209
148 228
148 250
148 309
148 311
148 324
148 422
148 535
148 587
148 592
148 688
148 783
148 874
148 965
148 981
149 222
149 239
149 264
149 367
149 393
149 456
149 486
149 564
149 571
149 605
149 636
149 673
149 801
149 824
150 339
150 358
150 363
150 372
150 434
150 444
150 491
150 511
150 611
150 673
150 691
150 705
150 719
150 722
150 879
150 884
151 160
151 251
151 313
151 386
151 432
151 469
151 516
151 574
151 617
151 786
151 801
151 862
152 180
152 506
152 622
152 714
152 856
152 966
153 232
153 278
153 291
153 304
153 433
153 661
153 663
153 848
153 902
154 232
154 237
154 403
154 420
154 777
154 832
154 927
155 220
155 421
155 438
155 553
155 784
155 975
155 980
156 175
156 266
156 292
156 306
156 503
156 504
156 568
156 630
156 801
156 889
156 982
157 189
157 195
157 221
157 250
157 487
157 615
157 652
157 754
157 856
157 924
157 989
157 998
158 170
158 232
158 483
158 485
158 575
158 580
158 650
158 668
158 942
158 974
159 243
159 411
159 442
159 489
159 599
159 612
160 227
160 254
160 325
160 382
160 617
160 712
160 866
160 881
160 953
161 175
161 177
161 222
161 437
161 442
161 519
161 531
161 605
161 825
161 833
161 897
161 914
162 551
162 580
162 655
162 689
162 833
162 919
162 955
163 376
163 510
163 640
163 752
164 174
164 522
164 565
164 660
164 737
165 171
165 386
165 478
165 510
165 821
165 949
166 284
166 304
166 415
166 521
166 524
166 580
166 792
166 803
166 917
166 934
166 954
167 286
167 288
167 349
167 380
167 494
167 655
167 658
167 735
167 869
167 924
167 936
167 938
168 490
168 800
168 875
169 346
169 404
169 408
169 441
169 518
169 529
169 596
169 815
170 183
170 259
170 592
170 704
170 805
170 830
170 930
171 333
171 658
171 754
171 775
172 180
172 220
172 241
172 316
172 566
172 588
172 604
172 606
172 716
172 793
172 859
172 942
173 175
173 192
173 228
173 653
173 787
173 887
173 935
174 347
174 472
174 483
174 495
174 573
174 605
174 644
174 693
174 821
174 922
175 327
175 451
175 479
175 489
175 512
175 835
175 904
175 967
176 193
176 245
176 298
176 397
176 451
176 530
176 569
176 575
176 627
177 375
177 639
177 655
177 663
177 665
177 934
177 980
177 982
178 300
178 388
178 455
178 937
178 950
179 618
179 690
179 734
179 740
179 816
179 879
179 896
180 234
180 321
180 453
180 691
180 829
180 864
180 901
180 910
180 989
181 187
181 332
181 341
181 367
181 435
181 571
181 646
181 725
181 729
181 825
181 840
181 959
182 255
182 280
182 665
182 695
182 906
182 981
183 232
183 320
183 438
183 799
183 826
183 933
183 977
183 986
184 311
184 325
184 440
184 449
184 980
185 191
185 385
185 406
185 416
185 451
185 513
185 540
185 600
185 751
185 819
186 199
186 254
186 292
186 467
186 530
186 693
186 700
186 719
186 738
187 281
187 327
187 490
187 514
187 555
187 610
187 724
187 885
187 935
188 305
188 324
188 389
188 492
188 518
188 520
188 523
188 871
189 335
189 494
189 557
189 936
190 408
190 449
190 460
190 519
190 536
190 546
190 823
190 849
191 240
191 318
191 322
191 405
191 427
191 516
191 624
191 714
191 872
191 962
192 290
192 311
192 352
192 365
192 480
192 481
192 503
192 565
192 624
192 704
192 736
192 765
192 820
192 866
193 333
193 513
193 704
193 705
193 909
194 313
194 341
194 344
194 349
194 408
194 440
194 528
194 797
194 832
194 969
194 978
194 984
195 493
195 495
195 562
195 585
195 737
195 890
195 931
196 400
196 450
196 458
196 711
196 762
196 763
196 778
196 783
196 798
196 914
197 279
197 289
197 395
197 462
197 632
197 927
197 937
198 422
198 660
198 727
199 252
199 805
199 847
199 861
199 865
199 946
200 360
200 375
200 423
200 462
200 482
200 490
200 812
200 977
201 228
201 464
201 540
201 610
201 635
201 714
201 830
201 900
201 998
202 285
202 335
202 474
202 600
202 856
202 914
202 986
203 332
203 361
203 492
203 501
203 541
203 619
203 758
203 899
203 933
204 274
204 287
204 324
204 539
204 604
204 794
205 377
205 537
205 712
206 298
206 427
206 451
206 490
206 560
206 616
207 286
207 304
207 346
207 418
207 437
207 453
207 687
207 691
207 696
207 704
207 794
207 807
207 866
207 880
207 914
208 286
208 538
208 544
208 730
208 833
208 858
208 905
208 915
208 930
209 234
209 455
209 688
209 704
209 771
210 219
210 369
210 486
210 591
210 639
210 652
210 786
210 848
210 854
210 907
211 348
211 699
211 722
211 800
211 813
211 815
211 927
212 292
212 329
212 422
212 608
212 644
213 224
213 341
213 612
213 702
213 728
213 745
213 761
213 827
213 884
214 646
214 773
214 923
214 990
215 337
215 357
215 426
215 642
215 858
215 859
215 955
216 277
216 385
216 643
216 962
217 586
217 708
217 748
217 790
218 292
218 293
218 450
218 452
218 505
218 567
218 621
218 902
218 997
219 334
219 461
219 472
219 494
219 703
219 928
219 942
219 982
220 597
220 636
220 669
220 726
220 736
221 320
221 361
221 436
221 618
221 706
221 788
221 848
221 870
221 959
222 355
222 361
222 368
222 704
222 811
223 538
223 543
223 555
223 620
223 674
223 762
224 237
224 789
224 945
224 976
224 980
225 252
225 299
225 323
225 432
225 448
225 563
225 576
225 663
225 727
225 750
225 802
225 851
225 925
225 938
225 962
225 967
226 265
226 287
226 292
226 576
226 633
226 700
226 733
226 787
226 881
226 970
227 240
227 328
227 341
227 498
227 561
227 615
227 715
227 737
227 799
228 356
228 599
228 632
228 638
228 656
228 758
229 301
229 307
229 388
229 412
229 474
229 488
229 523
229 604
229 755
229 848
229 901
229 968
230 382
230 505
230 663
230 727
230 861
230 929
230 987
230 995
231 237
231 243
231 248
231 305
231 307
231 329
231 385
231 390
231 556
231 612
231 907
231 950
231 967
232 385
232 418
232 673
232 708
232 709
232 811
232 913
232 989
233 270
233 337
233 436
233 512
233 573
233 655
233 708
233 725
233 853
233 982
234 404
234 670
234 683
234 764
234 782
235 257
235 313
235 616
236 373
236 474
236 587
236 622
236 813
236 960
237 368
237 582
237 983
238 413
238 437
238 471
238 558
238 598
239 294
239 441
239 561
239 673
239 701
239 704
239 793
239 801
240 350
240 527
240 665
240 684
240 698
240 805
240 867
241 635
241 719
241 738
241 915
241 954
241 977
242 497
242 592
242 593
242 632
242 676
242 677
242 697
242 729
242 761
242 768
242 790
242 802
242 876
242 986
243 330
243 346
243 360
243 528
243 539
243 564
243 795
243 845
244 473
244 493
244 523
244 651
244 766
244 812
244 823
244 962
244 981
245 320
245 506
245 576
245 659
245 733
245 797
245 894
246 249
246 531
246 547
246 628
246 854
246 867
246 938
246 957
247 343
247 401
247 713
247 809
247 839
247 914
248 340
248 523
248 556
248 561
248 699
248 870
249 347
249 426
249 597
249 872
249 888
249 958
250 329
250 533
250 582
250 634
250 912
250 970
251 645
251 947
252 260
252 575
252 685
252 824
252 857
252 877
253 321
253 388
253 458
253 592
253 878
253 966
254 377
254 915
254 945
255 449
255 503
255 541
255 651
255 703
256 333
256 525
256 742
256 930
256 975
257 508
257 592
257 804
257 894
257 922
257 923
257 925
257 934
258 578
258 697
258 912
258 975
259 327
259 449
259 509
259 594
259 613
259 620
259 785
259 802
259 903
260 299
260 442
260 595
260 762
260 795
260 984
261 449
261 461
261 479
261 557
261 653
261 673
261 861
261 934
261 962
261 977
262 306
262 566
262 646
262 913
262 964
263 299
263 390
263 559
263 600
263 611
263 612
263 725
263 837
264 267
264 288
264 395
264 399
264 410
264 579
264 636
264 770
264 799
265 301
265 372
265 423
265 508
265 833
266 285
266 286
266 429
266 488
266 562
266 682
266 699
266 781
266 932
266 987
267 521
267 537
267 649
267 665
267 719
267 890
268 372
268 380
268 399
268 405
268 586
268 602
268 723
268 944
268 953
269 438
269 444
269 466
269 481
269 536
269 573
269 582
269 639
269 668
269 674
270 387
270 409
270 420
270 485
270 514
270 531
270 602
270 828
270 851
271 331
271 348
271 352
271 480
271 621
271 758
271 844
271 950
272 413
272 424
272 505
272 535
272 664
272 778
272 823
272 951
273 454
273 612
273 699
274 477
274 557
274 640
274 858
275 325
275 391
275 424
275 503
275 679
275 809
275 985
276 303
276 381
276 396
276 433
276 554
276 615
276 681
276 839
277 333
277 558
277 583
277 642
277 701
277 784
277 870
277 890
277 986
278 320
278 346
278 649
278 755
279 320
279 750
279 767
279 841
279 848
279 984
280 390
280 412
280 485
280 513
280 541
280 544
280 643
280 708
280 838
281 299
281 343
281 492
281 706
281 780
281 961
282 316
282 575
282 584
282 602
282 700
282 966
283 401
283 518
283 650
283 755
283 808
283 840
283 947
284 357
284 412
284 437
284 579
284 716
284 771
284 844
284 868
284 924
284 940
285 321
285 366
285 420
285 477
285 739
286 327
286 346
286 422
286 493
286 553
286 590
286 736
286 788
286 902
286 947
287 316
287 450
287 703
287 717
287 726
287 837
287 869
287 929
288 438
288 442
288 465
288 512
288 524
288 551
288 830
288 864
288 955
289 290
289 399
289 449
289 484
289 620
289 722
289 738
289 777
289 871
289 959
290 333
290 352
290 490
290 574
290 593
290 645
290 706
290 727
290 869
291 343
291 505
291 541
291 613
291 726
291 736
291 879
291 991
292 516
292 626
292 659
292 711
292 827
292 851
292 914
292 965
293 388
293 448
293 463
293 486
293 507
293 551
293 573
293 648
293 658
293 667
293 674
293 875
293 978
293 994
294 321
294 417
294 470
294 539
294 677
294 712
294 716
294 761
294 851
294 986
295 441
295 507
295 598
295 625
295 934
296 812
296 817
296 871
296 970
297 474
297 652
297 661
297 748
297 773
297 872
298 323
298 328
298 378
298 393
298 395
298 432
298 616
298 795
298 839
298 866
299 593
299 777
299 809
299 860
300 321
300 490
300 556
300 600
300 704
300 769
300 770
300 889
300 974
301 368
301 417
301 539
301 553
301 683
301 789
301 836
301 893
301 913
302 315
302 454
302 523
302 618
302 720
303 366
303 498
303 620
303 634
303 651
303 681
303 726
303 799
303 866
303 867
303 879
304 535
304 550
304 635
304 728
304 739
304 879
305 438
305 462
305 575
305 604
305 806
305 833
305 902
306 461
306 589
306 631
306 632
306 669
306 729
306 924
307 536
307 583
307 628
307 761
307 770
307 775
308 525
308 734
308 759
308 799
308 838
308 849
308 982
309 327
309 474
309 538
309 672
309 678
309 744
310 376
310 387
310 540
310 825
310 858
310 891
310 893
310 932
310 936
310 959
311 568
311 603
311 604
311 608
311 677
311 700
312 316
312 444
312 575
312 685
312 802
312 851
312 852
312 934
313 325
313 413
313 477
313 585
313 644
313 698
313 727
313 838
313 866
313 902
314 318
314 319
314 407
314 464
314 742
314 772
314 988
315 407
315 428
315 557
315 685
315 697
315 866
316 343
316 385
316 428
316 494
316 595
316 608
316 636
316 645
316 710
316 863
316 888
316 931
317 350
317 408
317 564
317 661
317 790
317 842
317 913
318 369
318 496
318 677
318 890
319 323
319 362
319 398
319 502
319 513
319 540
319 847
319 960
320 566
320 578
320 689
320 836
320 855
320 907
321 355
321 523
321 648
321 684
321 774
321 841
321 871
322 369
322 581
322 668
322 757
322 816
322 895
322 921
323 391
323 405
323 453
323 461
323 518
323 522
323 573
323 634
323 653
323 718
323 726
323 730
323 924
323 982
324 343
324 373
324 422
324 446
324 469
324 481
324 504
324 682
324 811
324 896
325 336
325 384
325 431
325 525
325 754
325 947
325 969
325 993
326 371
326 402
326 515
326 639
326 773
326 831
327 473
327 523
327 668
327 715
327 804
327 897
327 924
328 396
328 495
328 533
328 621
328 704
328 727
328 736
328 744
328 941
328 992
329 347
329 480
330 354
330 593
330 631
330 665
330 672
330 883
330 966
331 364
331 471
331 526
331 889
331 908
331 915
331 920
331 984
332 350
332 439
332 565
332 609
332 943
332 999
333 536
333 686
333 996
334 400
334 505
334 636
334 816
334 959
335 412
335 743
335 851
335 919
335 996
336 431
336 717
336 832
336 848
337 444
337 544
337 627
337 636
337 753
338 393
338 510
338 608
338 683
338 824
338 839
339 413
339 599
339 654
339 673
340 356
340 360
340 444
340 454
340 643
340 947
340 964
341 347
341 461
341 554
341 624
341 646
342 378
342 539
342 671
342 764
342 779
342 804
342 854
343 451
343 488
343 503
343 513
343 527
343 546
343 603
343 666
343 799
343 920
343 962
344 346
344 460
344 486
344 648
344 859
344 871
345 505
345 534
345 821
345 922
345 996
346 432
346 433
346 449
346 695
346 953
347 429
347 461
347 791
347 802
347 807
347 890
348 426
348 498
348 524
348 609
348 791
348 913
348 999
349 542
349 674
349 748
349 768
349 783
349 831
349 868
349 944
350 353
350 573
350 608
350 695
351 461
351 590
351 699
351 710
351 727
351 730
351 891
352 432
352 524
352 535
352 564
352 659
352 681
352 854
352 940
352 966
353 667
353 673
353 714
353 864
353 902
354 745
354 852
354 892
355 407
355 451
355 490
355 794
355 803
355 818
355 819
356 396
356 459
356 463
356 509
356 652
356 682
356 765
356 823
356 974
357 464
357 522
357 642
357 801
357 924
358 453
358 469
358 578
358 672
358 757
358 784
358 864
359 418
359 529
359 698
359 752
359 780
359 783
360 466
360 479
360 611
360 620
360 740
360 749
360 773
360 918
360 922
360 925
361 404
361 421
361 436
361 500
361 627
361 802
361 872
361 957
362 408
362 467
362 483
362 518
362 569
362 630
362 931
362 937
362 945
363 364
363 370
363 564
363 596
363 610
363 678
363 828
363 886
363 937
363 943
363 971
364 396
364 418
364 575
364 790
364 862
364 884
365 384
365 548
365 669
365 690
365 706
365 767
365 837
365 851
366 430
366 611
366 693
366 712
366 750
366 762
366 775
366 962
367 399
367 510
367 582
367 811
367 862
367 998
368 434
368 445
368 573
368 643
368 739
368 769
368 966
369 387
369 519
369 803
369 829
370 477
370 505
370 563
370 736
370 745
370 788
370 971
371 431
371 526
371 601
371 905
373 510
373 713
373 989
374 494
374 629
374 636
374 658
374 729
374 812
374 874
374 912
374 946
375 432
375 524
375 681
375 706
375 736
375 868
375 920
375 987
375 995
376 383
376 481
376 532
376 570
376 742
376 827
376 933
376 972
377 459
377 613
377 631
377 661
377 670
377 751
377 783
377 881
378 421
378 599
378 661
378 801
378 893
379 489
379 491
379 568
379 591
379 851
379 856
380 568
380 784
380 811
381 484
381 614
381 633
381 643
381 700
381 748
381 891
382 485
382 503
382 535
382 629
382 758
382 974
382 986
383 446
383 481
383 527
383 565
383 622
383 901
383 904
383 950
384 512
384 520
384 537
384 752
384 921
384 978
385 407
385 457
385 510
385 537
385 624
385 726
385 742
385 752
385 782
385 784
385 831
386 414
386 485
386 512
386 515
386 643
386 792
386 801
386 821
386 879
387 425
387 485
387 494
387 615
387 624
387 720
387 816
388 424
388 472
388 691
389 514
389 606
389 651
389 701
389 715
389 749
389 853
389 889
389 900
389 905
389 919
389 961
390 398
390 490
390 500
390 711
390 759
390 817
391 464
391 486
391 492
391 495
391 599
391 612
391 741
391 824
392 643
392 648
392 868
392 924
392 999
393 433
393 799
393 999
394 412
394 634
394 836
394 857
394 914
395 472
395 506
395 716
395 828
395 995
396 458
396 541
396 688
396 698
396 944
397 643
397 741
397 777
397 846
398 590
398 621
398 659
398 761
398 767
398 797
398 884
398 975
399 409
399 440
399 448
399 492
399 575
399 778
399 815
400 407
400 436
400 465
400 503
400 509
400 700
400 722
400 788
400 960
401 452
401 543
401 573
401 624
401 654
401 771
401 773
401 932
401 972
402 511
402 558
402 781
402 916
403 568
403 764
403 868
403 930
403 984
404 415
404 491
404 896
404 950
405 418
405 465
405 735
405 919
405 957
406 431
406 567
406 806
406 820
406 932
407 592
407 743
407 751
407 892
408 412
408 496
408 626
408 635
408 781
408 896
409 694
410 558
410 689
410 706
410 788
410 816
410 819
410 895
410 931
411 489
411 630
411 655
411 710
411 886
411 940
412 540
412 576
412 624
412 757
412 766
412 875
413 448
413 464
413 508
413 585
413 598
413 617
413 621
413 630
413 716
413 982
414 574
414 674
414 694
415 448
415 456
415 624
415 775
415 845
415 897
416 473
416 496
416 518
416 531
416 567
416 602
416 659
416 773
416 904
417 535
417 785
417 893
417 923
417 951
418 449
418 501
418 737
418 781
418 788
418 890
418 956
419 468
419 489
419 684
419 783
419 847
419 956
420 437
420 462
420 490
420 491
420 609
420 650
420 750
420 757
420 863
420 990
421 488
421 524
421 545
421 589
421 622
421 956
422 426
422 502
422 518
422 707
422 730
422 902
423 448
423 753
423 992
424 443
424 683
424 762
424 818
424 820
424 882
425 798
425 808
425 900
426 563
426 786
426 825
426 832
426 949
426 966
427 446
427 525
427 663
427 981
428 433
428 462
428 502
428 703
428 705
428 721
428 752
428 812
428 864
428 892
429 835
429 969
430 621
430 795
430 987
431 583
431 902
432 500
432 524
432 546
432 665
432 676
432 686
432 810
432 998
433 501
433 511
433 760
433 908
433 981
434 624
434 654
434 715
435 542
435 613
435 635
435 753
435 944
436 602
436 668
436 831
436 861
436 947
437 471
437 527
437 609
437 645
437 652
437 711
437 744
437 788
437 827
437 869
438 694
438 741
438 843
439 455
439 567
439 601
439 643
439 826
439 954
440 604
440 619
440 723
440 773
440 822
440 908
440 974
441 539
441 554
441 661
441 752
441 884
442 538
442 745
442 762
442 834
443 522
443 541
443 553
443 568
443 615
443 648
443 705
443 757
444 528
445 523
445 625
445 753
445 766
445 869
446 539
446 548
446 620
446 845
446 861
447 468
447 470
447 522
447 565
447 606
447 642
447 735
447 818
447 916
447 949
448 612
448 902
449 463
449 479
449 570
449 686
449 956
449 970
450 497
450 706
450 762
450 826
450 849
450 987
450 996
451 503
451 526
451 527
451 602
451 604
451 814
451 939
451 943
451 973
452 538
452 583
452 617
452 734
452 826
452 967
452 976
453 581
453 764
453 765
453 947
454 495
454 576
454 726
454 752
454 794
454 900
454 968
454 970
455 512
455 522
455 700
455 719
455 845
455 966
455 975
456 795
456 825
456 836
456 913
457 482
457 509
457 525
457 551
457 584
457 677
457 875
457 957
458 521
458 705
458 825
458 917
458 997
459 470
459 623
459 737
459 776
459 858
459 997
460 529
460 567
460 733
460 853
460 890
461 610
461 645
461 815
461 874
461 913
461 968
461 992
462 506
462 620
462 719
462 860
462 907
462 916
462 949
463 477
463 511
463 559
463 616
463 693
463 964
464 472
464 527
464 744
464 767
464 803
464 984
465 475
465 552
465 941
466 682
466 687
466 722
466 867
466 956
467 516
467 720
467 816
467 825
467 857
468 515
468 609
468 755
468 927
468 941
469 486
469 495
469 527
469 531
469 557
469 614
469 683
469 715
469 813
469 825
469 831
470 622
470 689
470 725
470 732
470 865
470 972
470 990
471 476
471 513
471 553
471 631
471 857
472 516
472 527
472 661
472 718
472 730
472 765
472 837
473 480
473 502
473 723
473 949
474 716
474 752
475 484
475 574
475 683
475 702
475 873
476 551
476 601
476 634
476 743
476 794
476 881
476 996
477 610
477 633
477 812
477 976
478 565
478 583
478 673
478 682
478 704
478 751
478 769
478 967
479 482
479 580
479 722
479 739
479 846
479 915
480 503
480 586
480 636
480 649
480 699
480 854
480 947
481 487
481 559
481 899
482 635
482 794
482 819
482 820
482 828
482 870
482 896
483 513
483 538
483 672
483 737
483 825
483 949
484 632
484 846
485 597
485 718
485 743
485 874
486 504
486 596
486 735
486 945
486 994
486 998
487 625
487 632
487 756
487 943
488 507
488 517
488 520
488 607
488 683
488 704
488 946
488 953
489 586
489 611
489 727
489 808
489 849
490 541
490 588
490 590
490 690
490 694
490 855
491 582
491 703
491 851
491 932
492 521
492 733
492 783
492 904
492 930
493 518
493 636
493 661
493 703
493 803
493 965
494 612
494 634
494 704
494 857
494 891
495 539
495 632
495 967
496 714
496 948
496 974
497 500
497 565
497 711
497 890
498 547
498 569
498 684
498 791
498 909
498 933
499 877
499 892
499 954
500 618
500 640
500 848
500 854
501 526
501 553
501 592
501 666
501 773
501 807
501 850
501 878
501 881
501 925
501 999
502 589
502 829
502 843
502 937
502 942
502 946
502 961
503 670
503 710
503 754
503 833
503 837
504 505
505 670
505 702
505 828
505 961
506 607
506 614
506 632
506 664
506 784
506 918
507 724
507 988
508 617
508 640
508 679
508 720
508 841
508 884
508 941
509 672
509 701
509 782
509 927
510 909
510 930
511 642
511 746
511 832
511 834
511 897
512 647
512 649
512 813
513 562
513 761
513 960
514 674
514 911
514 926
515 694
515 723
515 803
515 874
515 925
515 968
516 549
516 611
516 985
517 520
517 843
517 866
518 527
518 570
518 632
518 636
518 753
518 803
519 541
519 655
519 753
519 772
520 630
520 648
520 698
520 885
521 558
521 716
521 836
521 858
521 959
521 989
523 582
523 648
523 740
523 815
523 838
523 849
523 910
523 931
523 948
523 993
523 995
524 589
524 601
524 671
524 919
524 960
525 532
525 615
525 675
525 740
525 968
526 834
526 839
526 892
526 929
526 959
527 736
527 936
528 576
528 634
528 654
528 705
529 719
529 755
529 797
529 825
529 828
529 910
530 596
530 623
530 709
530 736
530 746
530 823
530 923
531 753
531 761
531 807
531 898
531 919
531 953
532 553
532 595
532 632
532 735
532 761
532 806
532 822
532 851
532 901
532 944
533 537
533 563
533 825
533 880
534 547
534 561
534 565
534 691
534 699
534 751
534 769
535 551
535 574
535 656
535 663
535 789
535 991
536 567
536 733
536 747
536 766
536 774
536 929
537 769
537 927
537 959
538 548
538 806
538 877
538 981
539 633
539 657
539 693
539 719
539 982
540 562
540 690
540 765
541 547
541 731
541 880
542 640
542 648
542 727
542 774
542 804
542 970
543 607
543 643
543 705
544 766
544 804
544 852
544 856
545 798
545 799
545 819
545 879
545 935
546 556
546 573
546 751
546 800
546 809
546 881
547 613
547 742
547 768
547 791
548 582
548 691
548 747
548 777
548 898
548 931
549 585
549 682
549 806
549 827
549 892
549 939
549 975
549 986
549 992
550 703
550 856
551 554
551 891
551 910
551 983
551 998
552 761
552 811
552 895
552 940
552 997
553 579
553 582
553 593
554 609
554 685
554 693
554 711
554 887
555 574
555 669
555 747
555 757
555 775
555 778
555 841
555 848
555 900
555 921
556 743
557 601
557 608
557 736
557 823
557 863
557 867
557 906
557 953
558 568
558 584
558 870
558 873
558 970
559 573
559 583
559 863
559 937
559 951
560 575
560 630
560 673
560 740
560 890
560 915
561 678
561 777
561 791
561 858
561 898
562 839
562 875
562 925
563 806
564 655
564 856
564 868
564 912
565 655
566 643
566 720
566 769
567 709
567 788
567 922
567 964
568 608
568 643
568 683
568 834
568 842
569 619
569 661
569 669
569 710
569 939
569 985
570 684
570 725
570 812
570 842
570 891
570 926
570 932
570 997
571 605
571 650
571 745
571 839
571 992
572 599
572 627
572 630
572 719
572 733
572 800
572 958
572 977
573 650
573 659
573 728
573 856
573 955
574 705
574 801
574 876
574 885
575 616
575 653
575 666
575 777
575 800
575 801
575 810
575 820
575 977
576 661
576 895
576 918
576 928
576 996
577 687
577 900
578 691
578 852
578 957
579 866
579 991
580 660
581 646
581 693
581 735
582 881
582 916
583 586
583 682
583 706
583 968
585 858
585 863
586 617
586 656
586 678
586 732
586 899
587 642
587 778
587 928
587 953
587 955
588 741
588 859
589 616
589 627
589 666
589 841
589 862
589 927
589 932
590 704
590 966
591 604
591 635
591 680
591 716
592 708
592 711
592 890
593 624
593 659
593 780
593 814
593 883
594 614
594 739
594 900
594 997
595 607
595 746
595 748
595 778
595 806
595 981
596 629
596 636
596 797
596 843
596 912
596 958
597 705
597 707
597 828
597 844
597 929
597 964
598 744
598 902
598 999
599 668
599 698
599 745
599 941
600 698
600 843
600 860
600 951
601 606
601 684
601 839
602 632
602 734
602 750
602 873
602 889
602 912
602 997
603 742
603 807
603 869
604 614
604 652
604 653
604 812
605 740
605 772
605 912
605 946
606 627
606 891
606 921
606 930
606 997
607 614
607 831
607 887
608 706
609 718
609 965
610 722
610 892
610 905
610 955
610 972
611 640
611 660
611 664
611 742
611 793
611 930
612 840
613 869
613 996
614 718
614 758
614 853
614 887
614 943
614 967
614 983
614 989
615 640
615 659
615 771
615 790
615 821
615 836
616 652
616 732
616 741
616 904
616 909
617 696
617 718
617 801
617 857
618 631
618 753
618 893
618 902
618 937
618 961
618 997
619 762
619 777
619 838
619 852
620 691
620 718
620 837
621 626
621 651
621 837
621 846
621 861
621 865
622 877
622 896
622 986
623 797
624 754
624 784
624 814
624 821
624 988
625 654
625 668
625 672
625 727
625 984
626 747
626 781
626 867
627 650
627 707
627 781
627 991
628 646
628 660
628 889
628 909
629 669
629 779
629 803
629 806
629 886
630 733
630 740
630 754
631 779
631 833
631 878
631 894
631 902
631 911
632 735
632 822
632 949
633 660
633 989
634 722
634 790
634 839
634 888
634 941
634 962
635 942
635 977
636 641
637 753
638 763
639 644
639 804
639 834
640 657
640 670
640 697
640 713
640 745
640 857
640 944
641 840
641 870
641 880
641 882
641 975
642 867
642 907
642 978
643 648
643 665
643 974
644 914
645 693
645 705
645 760
645 775
645 882
646 653
646 688
646 838
646 882
646 932
647 807
647 878
648 830
648 920
649 668
649 696
649 699
649 803
650 659
650 930
650 982
651 889
651 921
653 687
653 775
653 783
653 880
653 942
654 771
654 863
654 908
654 960
655 725
655 735
656 704
657 825
657 948
658 677
659 697
659 967
659 981
660 681
660 690
660 760
660 935
660 985
661 750
661 889
661 904
662 694
662 723
662 770
662 778
662 797
662 831
663 761
663 999
664 811
664 826
664 858
664 859
665 688
665 732
665 762
665 950
666 696
666 802
666 859
666 867
666 884
666 998
667 686
667 773
667 836
668 686
668 809
668 822
668 824
669 713
669 823
670 716
670 718
671 694
671 741
672 706
672 800
672 999
673 717
673 723
674 696
674 735
674 810
674 859
674 968
675 799
675 853
675 869
675 940
675 950
676 713
676 815
676 830
676 834
676 878
677 690
677 757
677 790
678 684
678 754
678 830
678 871
678 916
678 971
679 849
680 838
680 887
680 937
681 889
682 715
684 786
684 876
686 795
686 805
686 822
686 932
686 938
687 944
688 827
689 734
689 863
689 873
689 916
689 918
689 929
689 945
691 797
691 841
691 864
691 939
692 694
693 698
693 709
693 902
693 908
695 768
695 831
695 983
696 732
696 879
696 949
696 960
696 998
697 811
697 834
697 857
697 882
697 907
698 883
698 954
699 762
699 804
700 846
700 859
701 755
701 877
701 933
702 716
702 880
703 735
703 831
703 887
703 977
704 767
704 840
705 921
707 715
707 794
707 862
708 933
708 996
709 729
709 786
710 789
710 879
711 822
712 800
712 806
712 920
713 790
713 904
714 822
714 882
714 981
715 716
715 754
715 849
715 860
715 961
716 873
716 961
717 789
717 876
717 969
718 721
718 753
718 807
718 930
718 979
719 730
719 773
719 812
719 986
720 787
720 868
720 904
720 917
721 775
721 953
722 729
722 798
722 881
723 831
723 974
724 852
724 902
724 914
724 934
725 747
726 862
726 916
727 735
727 745
728 735
728 836
728 965
728 974
728 989
729 758
729 861
729 881
730 897
731 847
731 881
731 915
731 923
731 938
731 968
731 982
732 807
732 819
732 843
732 938
733 876
733 914
733 957
735 966
736 765
736 847
736 961
736 987
737 874
737 889
737 940
738 780
738 788
739 941
739 957
740 771
740 872
740 933
740 979
741 763
741 816
741 969
741 988
742 869
742 928
743 776
743 878
743 963
744 787
744 876
745 759
745 765
745 995
746 816
746 817
746 869
746 990
747 801
747 823
747 894
747 930
748 765
748 912
748 954
748 956
749 822
749 832
749 851
750 889
751 926
751 937
752 826
752 893
752 992
753 802
753 826
753 884
754 852
754 997
755 826
755 899
755 904
756 819
756 889
757 760
757 871
757 875
757 912
758 791
758 827
758 955
759 769
759 902
760 834
760 876
761 795
761 885
761 920
761 934
762 855
763 783
763 819
763 823
763 897
764 768
764 813
764 886
764 923
764 970
765 815
765 970
767 825
767 993
768 782
769 968
770 977
771 940
772 911
772 965
773 810
773 821
773 853
773 983
774 801
775 787
775 911
777 785
777 874
777 972
778 797
778 803
779 803
780 784
780 842
781 905
782 794
782 824
782 870
782 883
782 908
782 915
783 886
783 926
785 887
786 844
786 965
786 971
786 996
787 839
787 845
787 891
787 908
788 874
788 896
789 961
790 858
790 887
791 826
791 856
792 826
792 858
792 933
792 978
793 808
793 813
793 891
793 989
793 990
794 884
794 889
794 943
794 998
795 976
796 908
796 936
796 965
796 982
797 849
797 886
797 901
797 937
798 804
798 926
799 899
800 981
802 905
803 825
803 852
803 993
804 989
805 887
805 891
805 948
806 928
806 963
806 991
807 853
807 870
807 975
808 813
808 959
809 916
809 971
810 909
811 816
811 945
811 950
812 885
813 966
814 845
814 962
815 911
815 918
815 990
816 821
816 983
816 996
817 880
817 928
819 842
819 941
820 933
820 941
820 970
821 884
821 889
822 862
822 878
822 996
823 941
823 950
824 843
824 853
824 906
825 893
825 988
825 997
826 827
826 889
826 937
826 956
826 996
827 870
827 901
827 933
828 927
829 857
829 944
829 977
830 856
831 987
833 940
834 973
836 904
836 957
836 967
837 929
837 978
838 872
839 871
839 908
839 910
840 842
840 855
841 845
841 965
843 954
844 891
844 913
844 969
844 978
845 967
846 895
847 878
851 916
852 888
852 965
852 972
853 855
856 911
858 872
858 892
858 915
858 942
859 963
861 878
862 906
862 921
863 950
864 899
866 917
867 929
869 914
870 908
871 930
874 987
875 921
876 978
877 898
877 911
878 991
880 948
880 950
882 984
883 984
883 987
886 989
887 935
887 946
889 916
889 992
890 916
890 959
890 971
891 933
891 977
893 909
893 979
896 965
896 997
897 977
899 980
899 982
900 949
900 994
901 963
902 906
902 957
906 993
907 989
910 921
910 934
911 993
912 932
912 974
913 961
913 966
913 980
914 931
914 958
914 962
915 988
916 961
916 991
920 973
921 972
922 970
924 963
926 990
933 976
934 956
939 975
946 948
947 968
949 969
950 973
952 975
958 968
958 982
960 967
960 994
962 990
964 997
965 972
967 972
968 978
974 993
975 997
976 977
978 990
980 997
981 997
988 997
