0
100
263
0
1
0
0 10
0 22
0 42
0 52
0 55
0 66
0 72
0 75
0 95
1 18
1 51
1 74
1 75
1 87
2 59
2 68
2 96
3 30
3 94
4 10
4 32
4 41
4 60
4 63
5 28
5 40
5 63
5 64
5 75
5 89
6 35
6 36
6 72
6 80
6 86
7 13
7 22
7 25
7 64
8 20
8 36
8 44
8 54
9 12
9 16
9 21
9 40
9 50
9 58
9 60
9 80
9 94
9 96
10 26
10 52
10 53
10 68
10 90
10 94
11 26
11 50
11 80
12 17
12 25
12 29
12 38
12 56
12 65
13 21
13 74
13 81
13 90
14 15
15 18
15 19
15 27
15 28
15 36
15 58
15 84
16 25
16 29
16 32
16 51
16 85
17 23
17 37
17 40
19 31
19 71
19 81
19 99
20 23
20 35
20 38
20 60
20 71
20 77
20 83
21 22
21 66
21 72
21 82
22 54
22 84
23 46
23 96
24 40
24 46
24 53
24 54
24 59
24 80
25 33
25 59
26 27
26 71
26 94
27 46
27 70
27 87
27 88
28 61
28 73
30 35
30 77
30 81
30 83
30 94
31 58
32 84
32 86
33 63
33 68
33 74
33 85
33 86
33 93
34 36
34 79
34 92
35 86
36 44
36 54
36 69
36 86
36 88
36 90
37 79
37 84
37 89
37 93
38 72
38 79
39 55
39 74
39 79
40 49
41 51
41 55
41 58
41 68
41 84
41 92
42 43
42 45
42 49
42 52
42 53
42 95
43 69
43 71
43 89
43 90
44 61
44 67
44 69
44 96
45 47
45 97
46 55
46 60
46 69
46 73
46 83
46 86
46 89
46 99
47 53
47 73
47 86
48 63
48 66
48 74
48 75
48 93
49 51
49 89
49 99
50 52
50 66
51 65
51 72
51 89
52 75
52 98
53 65
53 99
54 77
54 96
55 85
56 72
57 96
58 70
58 79
58 96
59 62
59 64
59 96
60 76
60 92
60 97
61 62
61 67
61 83
62 71
62 93
63 83
64 74
64 76
64 97
65 69
66 83
67 79
67 95
68 84
68 88
69 99
70 77
70 93
71 93
71 97
72 90
73 76
74 84
75 94
75 97
76 96
77 78
77 87
79 81
79 86
79 88
79 92
80 81
85 92
85 98
86 97
88 89
88 91
90 98
91 96
91 97
