0
100
489
0
1
0
0 5
0 18
0 28
0 32
0 34
0 43
0 46
0 49
0 78
0 79
1 3
1 15
1 17
1 26
1 35
1 50
1 58
1 75
1 80
1 92
1 97
2 6
2 9
2 13
2 22
2 23
2 29
2 70
2 82
2 99
3 8
3 24
3 26
3 28
3 43
3 45
3 52
3 61
3 66
3 67
3 73
3 74
3 76
3 91
4 18
4 28
4 37
4 38
4 54
4 68
4 72
4 74
5 8
5 10
5 11
5 38
5 40
5 41
5 48
5 63
5 78
5 95
6 9
6 10
6 26
6 37
6 40
6 46
6 52
6 74
6 94
6 95
7 22
7 26
7 27
7 31
7 35
7 37
7 43
7 44
7 56
7 64
7 84
7 86
8 12
8 18
8 20
8 22
8 25
8 27
8 42
8 52
8 58
8 68
8 78
8 80
8 83
8 86
8 87
8 89
9 10
9 38
9 61
9 63
9 71
9 78
9 86
10 47
10 55
10 61
10 79
10 83
10 89
10 95
11 16
11 17
11 31
11 39
11 46
11 53
11 54
11 67
12 13
12 19
12 22
12 42
12 48
12 67
12 68
12 83
12 89
12 91
12 99
13 19
13 30
13 42
13 66
13 67
13 75
13 86
14 22
14 49
14 50
14 53
14 61
14 70
14 71
14 72
14 92
14 98
15 17
15 32
15 34
15 54
15 61
15 68
15 73
15 89
15 91
16 26
16 32
16 45
16 79
16 86
16 87
16 96
17 18
17 19
17 26
17 30
17 31
17 40
17 51
17 73
17 86
17 90
17 91
17 95
17 96
17 98
18 27
18 34
18 41
18 71
18 80
18 96
19 28
19 29
19 31
19 46
19 58
19 64
19 79
19 93
20 38
20 40
20 45
20 68
20 89
20 92
20 98
21 42
21 45
21 74
21 75
21 82
21 96
22 33
22 43
22 91
22 92
23 31
23 54
23 76
23 81
23 95
24 27
24 58
24 69
24 73
24 90
24 93
24 98
25 33
25 38
25 44
25 57
25 61
25 71
25 79
25 94
26 40
26 44
26 53
26 64
26 68
26 70
26 85
26 96
26 99
27 28
27 33
27 35
27 63
27 68
27 77
27 83
28 32
28 34
28 39
28 64
28 68
28 74
28 75
28 78
28 79
28 82
29 48
29 65
29 66
29 71
29 78
29 81
29 82
29 89
29 91
30 32
30 48
30 51
30 95
31 39
31 65
31 79
31 90
31 95
32 40
32 43
32 49
32 60
32 70
32 76
32 78
32 85
33 40
33 42
33 43
33 70
33 76
33 84
33 85
33 87
34 35
34 45
34 51
34 61
34 62
34 93
35 40
35 53
35 61
35 62
35 77
35 87
35 89
35 92
36 47
36 90
36 97
37 58
37 70
37 73
37 92
37 99
38 45
38 53
38 57
38 70
38 90
38 93
38 95
38 99
39 47
39 71
39 82
39 90
39 93
39 94
40 59
40 64
40 73
40 74
40 81
40 82
41 42
41 43
41 44
41 47
41 57
41 82
41 90
42 46
42 59
42 71
42 82
43 65
43 70
43 91
43 92
43 97
44 46
44 76
44 83
44 84
44 85
45 63
45 75
45 97
46 50
46 53
46 59
46 63
46 83
46 88
46 98
47 49
47 51
47 55
47 58
47 90
48 54
48 70
48 76
49 84
49 89
50 59
50 72
50 73
50 83
50 88
51 63
51 68
51 78
51 79
51 84
51 93
52 61
52 76
52 82
52 87
52 91
54 57
54 65
54 74
54 80
55 60
55 62
55 65
56 57
56 68
56 71
56 77
56 93
57 70
57 71
57 75
58 62
58 84
58 89
58 97
59 74
59 91
59 95
60 61
60 79
60 88
60 97
60 99
61 73
61 74
61 77
61 79
61 84
61 91
61 93
62 75
62 90
63 64
63 78
63 79
64 68
64 86
65 69
65 76
65 99
66 68
67 80
67 86
67 97
68 73
68 76
68 78
68 79
68 85
68 94
68 97
69 81
70 87
70 95
71 78
71 82
71 93
72 93
73 78
73 98
74 76
74 77
74 80
74 82
74 99
75 76
75 85
76 88
76 94
77 81
77 89
78 86
78 88
78 91
78 92
79 83
79 85
79 89
79 90
80 85
80 96
80 99
81 89
82 93
83 98
84 90
87 88
88 94
89 94
90 97
90 99
91 97
92 96
95 97
96 97
