0
100
264
0
1
0
0 37
0 39
0 57
0 92
1 19
1 32
1 52
1 54
1 60
1 63
1 70
1 95
2 17
2 37
2 40
2 46
2 83
2 89
3 26
3 27
3 46
3 90
3 96
3 97
3 99
4 9
4 28
4 36
4 77
5 12
5 72
6 8
6 64
7 31
7 54
7 73
7 74
7 95
8 10
8 20
8 27
8 36
8 56
8 59
8 65
8 89
9 15
9 44
10 32
10 54
10 57
10 75
11 24
11 36
11 96
12 42
12 45
12 58
12 67
12 72
12 74
12 86
13 16
13 19
13 50
13 64
13 72
13 75
13 93
14 55
14 73
14 75
14 84
15 16
15 72
15 83
15 92
16 24
16 26
16 38
16 54
16 57
16 66
17 19
18 19
18 21
18 34
18 44
18 45
18 56
18 57
18 63
19 36
19 83
20 44
20 55
20 56
20 68
20 74
20 80
21 23
21 24
21 27
21 31
21 56
21 70
21 71
21 82
21 86
22 37
22 38
22 40
22 52
22 53
22 61
22 94
23 27
23 42
23 68
23 81
24 31
24 41
24 80
25 47
25 60
25 69
25 76
26 30
26 32
26 43
26 68
26 70
26 83
26 98
26 99
27 29
27 40
27 69
27 86
28 33
28 43
28 48
28 53
29 37
29 56
29 65
30 50
30 77
31 98
32 38
32 46
32 47
32 79
32 89
33 44
33 53
33 61
33 68
35 36
35 42
35 69
35 85
35 86
35 92
36 61
36 80
37 86
38 46
38 94
39 56
39 85
40 94
40 98
41 48
41 59
41 85
41 89
42 44
42 51
42 54
43 49
43 72
44 87
45 61
45 64
45 72
45 86
45 90
46 47
46 50
46 75
46 78
46 83
47 77
48 56
48 89
49 75
49 85
50 54
50 69
50 75
50 80
50 91
51 76
51 88
52 77
52 94
53 64
53 81
53 92
54 95
54 97
55 62
56 81
57 87
57 98
58 64
58 68
58 74
58 79
59 88
59 98
60 72
60 94
62 67
62 83
62 92
63 77
63 98
64 75
64 77
64 91
64 95
65 89
66 74
66 99
67 84
69 80
69 81
69 98
70 73
71 92
72 95
73 88
73 91
73 99
76 86
76 97
77 89
77 95
80 86
81 85
81 87
82 99
83 91
83 98
86 93
86 95
86 97
87 92
88 99
89 98
93 97
96 99
