0
100
341
0
1
0
0 1
0 26
0 60
0 66
0 80
0 83
0 84
0 93
1 4
1 38
1 54
1 62
1 66
1 74
1 86
2 13
2 21
2 58
2 67
2 74
3 13
3 34
3 47
3 50
3 52
4 45
4 46
4 51
4 58
4 69
4 70
5 10
5 16
5 17
5 25
5 26
5 78
5 98
5 99
6 12
6 17
6 25
6 30
6 67
6 70
6 85
6 98
7 9
7 47
7 55
7 58
7 89
7 94
7 96
8 14
8 31
8 34
8 37
8 38
8 44
8 69
8 87
8 88
9 12
9 26
9 29
9 41
9 49
9 50
9 53
9 57
9 73
9 96
9 98
10 51
10 67
10 97
11 26
11 28
11 80
11 85
11 87
11 94
12 20
12 32
12 50
12 64
12 84
13 17
13 34
13 57
14 18
14 24
14 60
14 78
14 83
15 17
15 21
15 44
15 50
15 60
15 71
15 85
15 93
16 17
16 55
16 62
16 73
16 74
16 75
16 91
17 45
17 83
17 88
18 32
18 66
18 79
18 90
18 92
18 96
19 50
19 57
19 92
20 23
20 38
20 56
20 70
20 71
20 75
20 86
20 96
20 97
21 25
21 33
21 41
21 42
21 56
21 58
21 66
21 80
22 54
22 59
22 62
22 65
22 72
22 83
22 84
22 97
23 30
23 53
23 75
23 86
23 95
24 25
24 37
24 60
24 74
24 86
24 90
24 98
25 44
25 47
25 49
25 58
25 79
25 90
25 91
25 95
26 35
26 51
26 55
26 64
26 65
26 71
27 48
27 52
27 70
27 94
28 81
28 95
29 89
29 91
30 31
30 42
30 71
30 83
31 38
31 58
31 83
31 96
32 35
32 46
32 59
32 72
32 73
33 51
33 52
33 99
34 41
34 63
35 63
35 91
36 38
36 71
36 72
36 79
36 85
36 89
37 64
38 40
38 54
38 64
38 71
38 76
38 91
39 49
39 92
39 94
40 44
40 49
40 51
40 97
40 98
41 43
41 44
41 51
41 73
41 84
41 92
41 98
42 70
42 91
42 96
43 48
43 52
43 57
43 73
44 99
45 53
45 58
45 73
45 76
45 78
45 95
46 52
46 62
46 71
47 49
47 84
47 99
48 88
49 90
50 75
50 81
51 63
51 69
52 61
52 72
52 90
53 61
53 91
53 94
54 64
54 83
54 88
54 92
55 84
56 73
56 77
57 79
57 81
57 91
58 74
58 78
58 81
58 87
59 80
59 91
59 93
60 79
60 93
61 66
61 78
61 89
61 99
62 68
62 87
62 88
62 90
62 92
62 93
63 75
63 91
64 72
64 91
64 92
65 84
65 92
66 68
66 76
66 80
66 81
66 96
66 99
67 88
67 90
69 87
69 89
69 95
70 88
70 91
71 77
72 92
72 93
73 79
73 92
74 81
74 87
74 95
74 98
75 82
75 97
76 89
76 92
76 96
77 86
77 90
77 92
77 97
78 79
79 82
79 92
80 97
81 84
82 83
85 97
87 92
90 95
92 98
93 99
94 96
