0
100
238
0
1
0
0 6
0 63
0 88
1 3
1 12
1 26
1 35
1 45
1 63
1 66
2 17
2 18
2 55
2 59
2 84
2 86
2 89
3 48
3 60
3 66
3 68
3 78
3 79
3 82
4 30
4 35
4 58
4 80
5 9
5 11
5 44
5 69
5 74
6 21
6 22
6 34
6 49
6 50
6 53
6 82
7 16
7 63
7 88
8 61
8 66
8 85
8 98
9 16
9 17
9 59
9 75
10 53
10 57
10 61
10 72
10 77
10 91
10 98
11 12
11 15
11 35
11 59
11 87
11 90
12 13
12 44
12 55
12 77
13 17
13 28
14 31
14 37
14 60
14 91
15 27
15 69
15 73
16 21
16 27
16 54
16 59
16 63
17 45
17 53
17 58
17 87
17 91
17 98
18 24
18 33
18 80
18 84
18 96
19 89
20 76
20 92
21 64
21 80
21 91
23 40
23 71
24 37
24 38
24 50
25 72
25 74
25 87
26 34
26 48
26 78
27 85
28 58
28 64
28 80
29 31
29 51
29 93
29 94
30 35
30 42
30 51
30 57
30 84
30 87
30 96
30 99
32 33
32 74
32 76
33 42
33 85
34 45
34 68
35 36
35 44
35 65
35 69
35 89
35 92
35 93
36 43
36 94
36 99
37 40
37 43
37 50
37 65
37 90
37 92
38 58
38 81
38 86
38 89
39 68
39 78
39 81
40 51
40 52
40 67
40 86
41 98
42 74
42 89
43 60
43 70
44 55
44 93
44 96
45 86
46 63
47 49
47 54
47 70
47 88
47 95
48 74
48 87
49 81
49 89
51 67
51 68
51 75
52 68
52 89
52 94
53 71
53 73
53 74
54 84
55 74
55 86
55 88
56 64
56 80
56 85
56 86
57 64
57 90
58 66
58 86
58 87
58 95
59 79
59 97
61 64
61 71
61 76
61 80
62 84
62 90
64 77
64 78
65 77
65 78
66 90
69 88
69 96
69 98
70 75
70 80
70 82
71 75
71 78
72 87
73 82
76 78
77 88
79 81
79 99
82 96
83 86
84 94
85 99
86 93
90 94
90 98
91 95
92 98
