0
100
248
0
1
0
0 11
0 15
0 41
0 59
0 67
1 5
1 27
1 28
1 47
1 92
1 99
2 6
2 52
2 89
2 98
3 4
3 22
3 24
3 44
3 50
3 92
4 35
4 93
4 96
5 18
5 29
5 40
5 51
5 65
5 99
6 8
6 15
6 33
6 74
6 98
7 30
7 35
7 57
7 79
7 81
8 12
8 48
8 69
9 31
9 35
9 47
10 84
10 86
11 16
11 83
11 89
11 98
12 44
12 68
12 80
13 42
13 43
13 59
13 61
13 75
14 42
14 61
14 71
14 75
14 81
14 95
15 16
16 29
16 54
16 68
17 84
17 91
18 38
18 41
18 44
18 64
18 87
19 49
19 58
19 69
19 72
19 96
19 98
20 45
20 53
20 87
21 23
21 35
21 43
21 44
21 69
21 98
22 36
22 53
22 69
22 76
23 38
23 70
23 89
24 43
24 72
24 80
25 26
25 29
25 35
25 62
25 71
26 47
26 79
27 33
27 37
27 48
27 97
28 54
28 55
28 57
28 67
28 75
28 93
28 94
29 58
29 74
30 31
30 49
30 54
30 70
30 94
31 36
31 38
31 46
31 76
32 61
32 72
33 44
33 88
34 41
34 44
34 73
34 95
35 36
35 42
35 49
36 56
36 68
36 83
36 93
37 38
37 67
37 92
38 60
38 70
38 78
38 85
39 54
39 75
39 80
39 81
39 89
40 58
40 82
40 97
40 99
42 53
42 66
42 81
43 50
43 52
43 68
44 47
44 83
44 91
45 66
45 78
45 92
46 53
46 61
46 79
46 81
46 88
47 51
47 53
47 70
47 81
47 84
47 87
48 50
48 55
48 82
48 93
49 63
49 76
50 83
51 53
51 57
51 79
52 93
53 87
54 57
54 60
54 77
54 95
55 79
55 82
55 84
56 89
56 95
56 97
57 60
57 67
58 73
58 75
58 86
58 91
59 85
60 74
62 84
62 89
63 89
65 98
66 93
66 94
66 96
66 98
67 81
67 83
67 97
68 79
69 75
69 87
69 99
72 84
74 77
75 81
75 84
75 92
77 78
77 80
80 83
81 86
83 85
83 98
84 98
85 87
86 90
86 91
87 96
88 99
89 93
