0
100
483
0
1
0
0 26
0 29
0 37
0 41
0 49
0 55
0 66
0 67
0 79
0 95
0 96
0 98
1 4
1 5
1 7
1 9
1 12
1 16
1 37
1 40
1 41
1 52
1 62
1 67
1 90
1 92
1 93
2 5
2 8
2 36
2 39
2 53
2 61
2 68
2 70
2 99
3 7
3 24
3 58
3 63
3 64
3 83
3 93
3 95
4 9
4 27
4 29
4 46
4 50
4 53
4 54
4 60
4 61
4 65
4 73
4 74
4 77
5 9
5 20
5 24
5 26
5 37
5 47
5 56
5 62
5 97
6 7
6 17
6 25
6 57
6 67
6 71
6 91
6 99
7 10
7 17
7 21
7 25
7 27
7 30
7 32
7 69
7 89
7 94
8 10
8 26
8 29
8 32
8 63
8 75
8 83
8 92
9 10
9 18
9 25
9 41
9 53
9 54
9 97
10 15
10 17
10 39
10 41
10 42
10 58
10 62
10 75
10 87
11 13
11 22
11 24
11 36
11 45
11 63
11 76
11 79
11 92
12 25
12 29
12 58
12 96
12 97
13 14
13 19
13 37
13 47
13 87
13 88
13 97
14 21
14 32
14 35
14 41
14 53
14 57
14 59
14 71
14 85
14 89
15 20
15 32
15 33
15 36
15 39
15 49
15 53
15 56
15 57
15 60
15 65
16 18
16 31
16 41
16 54
16 66
16 70
16 71
16 81
16 82
16 85
17 44
17 68
17 90
18 22
18 29
18 55
18 63
18 65
18 74
18 75
18 80
18 90
19 30
19 33
19 47
19 51
19 55
19 61
19 63
19 64
19 85
19 93
19 94
19 99
20 28
20 44
20 47
20 57
20 61
20 75
20 78
21 22
21 25
21 28
21 39
21 40
21 68
21 86
21 92
22 27
22 37
22 38
22 40
22 59
22 61
22 72
22 76
22 78
22 88
23 25
23 69
23 77
24 25
24 40
24 54
24 60
24 62
24 66
24 73
24 77
24 80
24 81
24 88
24 91
25 26
25 37
25 39
25 51
25 71
25 91
26 32
26 34
26 41
26 45
26 49
26 52
26 86
27 29
27 31
27 35
27 41
27 47
27 54
27 56
27 99
28 40
28 58
28 65
28 69
28 87
28 93
29 52
29 69
29 84
29 95
30 37
30 53
30 58
30 62
30 66
30 69
30 71
30 79
30 82
31 65
31 69
31 76
32 40
32 61
32 71
32 72
32 95
33 57
34 43
34 49
34 54
35 38
35 66
35 72
35 78
35 86
35 90
36 37
36 44
36 92
37 60
37 66
37 70
37 83
37 85
37 90
38 44
38 69
38 79
38 81
38 95
39 41
39 55
39 58
39 64
39 69
39 79
39 82
39 85
40 41
40 74
40 76
41 50
41 52
41 75
41 82
42 60
42 61
42 79
42 85
42 91
43 45
43 53
43 64
43 74
43 86
43 99
44 58
44 74
44 75
44 76
44 92
44 98
45 67
46 58
46 66
46 70
46 80
46 85
46 86
46 89
46 91
46 93
47 52
47 61
47 74
47 80
47 83
47 86
47 90
47 97
48 53
48 64
48 89
48 98
48 99
49 53
49 63
49 92
50 52
50 58
50 59
50 63
50 68
50 73
50 89
51 58
51 64
51 72
51 73
51 75
51 76
51 94
51 97
51 98
52 53
52 56
52 57
52 59
52 60
52 97
53 61
53 65
53 69
53 76
53 81
53 83
53 86
53 91
53 94
53 96
54 57
54 94
55 64
55 74
55 90
55 95
56 88
56 89
56 96
57 65
57 70
57 71
57 86
58 64
58 89
58 93
59 72
59 83
59 86
59 91
59 97
60 72
60 75
60 76
60 84
60 88
60 94
61 67
61 73
61 99
62 68
62 84
62 92
63 80
64 83
64 88
65 75
65 80
65 87
65 88
66 86
66 94
67 97
67 99
68 69
68 85
68 87
68 88
69 83
69 86
69 89
70 73
70 80
70 86
70 99
71 72
71 77
71 78
71 89
71 94
72 95
72 98
73 79
74 92
74 97
75 77
75 87
75 88
75 89
76 78
76 79
76 81
76 91
77 82
78 92
79 82
79 88
80 85
80 89
80 95
82 99
83 87
84 86
84 88
85 86
85 89
87 89
87 92
87 94
87 95
87 98
87 99
88 89
90 98
91 93
91 99
94 98
