0
100
375
0
1
0
0 6
0 41
0 60
0 71
1 30
1 32
1 45
1 47
1 58
1 60
1 63
1 64
1 65
1 69
1 80
2 5
2 12
2 19
2 21
2 36
2 45
2 61
2 64
2 67
2 71
2 75
2 77
2 92
3 15
3 33
3 42
3 45
3 75
4 37
4 51
4 64
5 13
5 16
5 25
5 37
5 39
5 48
5 59
5 66
5 72
5 73
5 79
5 91
5 92
6 12
6 30
6 39
6 64
6 65
6 92
7 20
7 21
7 25
7 30
7 44
7 52
7 84
7 85
7 97
8 31
8 42
8 55
8 68
8 74
8 83
8 98
9 10
9 16
9 20
9 71
9 72
9 76
9 78
9 83
10 19
10 42
10 44
10 56
10 64
10 84
10 91
10 92
10 95
11 19
11 49
11 61
11 62
11 66
11 90
12 26
12 36
12 39
12 53
12 61
12 67
12 70
13 15
13 31
13 34
13 37
13 38
13 42
13 54
13 64
13 72
13 83
14 41
14 68
14 70
14 72
14 76
14 79
14 91
15 21
15 30
15 35
15 38
15 43
15 77
15 95
16 22
16 62
16 97
16 98
17 18
17 23
17 90
18 20
18 29
18 57
18 59
18 64
18 76
18 81
18 99
19 38
19 54
19 92
20 21
20 36
20 54
20 61
20 68
20 72
20 87
21 29
21 42
21 54
21 86
22 36
22 48
22 78
22 97
22 99
23 72
23 80
23 95
24 50
24 58
24 89
24 93
25 27
25 66
25 85
25 86
26 37
26 38
26 47
26 55
26 86
26 94
27 32
27 46
27 66
28 54
28 61
28 69
28 72
28 96
29 50
29 61
29 90
29 97
29 99
30 48
30 54
30 58
30 61
30 69
30 99
31 56
32 34
32 35
32 36
32 53
32 54
32 55
32 61
32 62
32 72
32 78
33 40
33 52
33 58
33 68
34 39
34 56
34 60
34 68
34 82
34 94
35 40
35 44
35 48
35 69
35 74
35 78
35 90
36 83
36 86
36 89
36 95
36 99
37 43
37 71
37 72
37 76
38 53
38 57
38 75
38 99
39 61
39 72
39 76
39 80
39 82
40 71
41 50
41 55
41 57
41 69
41 87
42 64
42 73
43 48
43 50
43 52
43 63
43 64
43 73
43 76
44 47
44 53
44 54
44 71
44 73
44 89
45 83
45 85
46 60
46 76
46 92
47 62
47 66
47 76
47 80
47 90
48 93
48 97
49 50
49 61
49 94
49 98
50 53
50 62
50 75
50 94
51 78
51 83
51 97
52 55
52 78
53 61
53 74
53 85
54 57
54 67
54 81
54 90
55 59
55 71
55 72
55 84
55 91
56 57
56 59
57 63
57 86
57 99
58 87
58 88
59 66
59 82
59 90
59 91
61 64
61 79
61 85
61 86
62 70
62 73
62 87
62 90
62 94
62 95
62 99
63 77
63 84
64 90
65 71
65 78
65 82
65 86
65 98
66 77
66 84
66 88
66 91
67 82
67 92
69 86
69 87
69 95
69 97
70 80
70 82
71 79
71 84
72 84
72 85
73 83
74 92
74 97
75 81
76 78
76 87
76 92
77 98
78 80
78 91
78 93
79 82
79 92
79 99
80 87
80 99
81 97
82 93
82 99
83 88
86 91
87 91
87 94
87 96
88 89
88 94
88 99
89 96
92 99
94 97
