0
100
249
0
1
0
0 45
0 63
0 67
0 99
1 33
1 44
1 58
1 68
2 21
2 62
2 92
3 7
3 16
3 46
3 79
3 96
3 97
4 12
4 15
4 16
4 26
4 33
4 80
4 83
4 95
5 43
5 65
5 89
6 31
6 56
6 64
7 21
7 23
7 34
7 70
7 75
7 88
7 98
8 10
8 31
8 43
8 59
8 70
8 71
8 83
9 19
9 34
10 63
10 64
10 73
10 75
11 32
11 57
11 73
11 86
12 47
12 48
12 85
13 23
13 43
13 50
13 51
13 69
13 70
13 73
13 88
13 94
14 20
14 33
14 38
14 39
14 61
14 64
14 69
14 74
15 60
15 80
17 23
17 27
17 34
17 44
17 48
17 56
17 61
17 62
17 73
17 74
18 57
18 66
18 67
18 77
19 20
19 26
19 27
19 38
19 59
19 81
20 26
20 28
20 37
20 80
20 81
21 66
22 36
22 37
22 93
23 93
24 40
24 79
24 85
25 49
25 52
25 60
25 61
25 66
25 68
25 86
25 95
26 37
26 59
26 60
26 66
26 81
27 42
27 68
27 92
28 39
28 54
28 59
28 63
28 93
29 94
30 78
30 94
31 42
31 59
31 61
31 85
31 94
32 33
32 34
33 37
33 67
33 85
33 89
34 42
34 52
34 55
35 37
35 38
35 45
35 80
35 89
36 79
36 89
36 97
37 44
37 59
37 94
38 42
39 46
39 55
39 72
40 80
40 90
41 58
41 59
41 88
41 89
42 49
42 55
42 57
42 60
42 63
42 72
42 87
43 52
43 79
43 86
45 49
45 92
46 49
46 75
46 78
47 64
47 77
47 91
47 98
48 67
48 79
49 73
49 77
49 78
49 99
50 70
50 76
51 64
51 96
52 76
52 93
53 68
53 78
54 59
54 79
54 87
54 97
55 57
55 72
55 84
55 99
56 67
56 70
57 69
57 71
57 93
59 66
59 67
59 68
59 70
59 79
59 83
60 73
60 74
62 74
63 72
63 99
64 83
64 97
65 95
66 96
66 97
68 78
69 91
69 92
70 83
71 77
73 99
76 95
77 83
78 79
78 86
79 81
79 83
79 84
82 86
85 90
89 92
91 99
96 97
