0
100
501
0
1
0
0 18
0 19
0 26
0 47
0 64
0 68
0 71
0 87
1 17
1 19
1 25
1 47
1 50
1 71
1 77
1 97
2 13
2 18
2 62
2 80
2 82
3 7
3 8
3 16
3 21
3 27
3 45
3 53
3 61
3 71
3 78
3 79
3 82
3 86
4 9
4 20
4 27
4 51
4 59
4 64
4 68
4 69
4 90
4 93
5 15
5 29
5 42
5 52
5 58
5 67
5 76
5 79
5 85
5 91
5 96
6 8
6 24
6 30
6 39
6 46
6 69
6 86
7 15
7 20
7 31
7 39
7 47
7 54
7 64
7 65
7 66
7 77
7 88
8 15
8 21
8 36
8 37
8 38
8 45
8 65
9 20
9 21
9 41
9 65
9 94
10 43
10 44
10 48
10 57
10 62
10 64
10 69
10 94
11 25
11 27
11 35
11 50
11 51
11 69
11 71
12 28
12 34
12 47
12 51
12 54
12 60
12 63
12 71
12 84
12 92
12 97
12 98
13 18
13 21
13 23
13 32
13 34
13 48
13 82
13 91
14 15
14 17
14 28
14 51
14 70
14 93
15 16
15 22
15 25
15 30
15 51
15 57
15 60
15 64
15 70
15 73
15 75
15 81
16 17
16 32
16 55
16 67
16 68
16 69
16 78
16 81
16 86
16 97
17 18
17 19
17 20
17 39
17 44
17 55
17 59
17 68
17 72
17 75
18 19
18 21
18 22
18 26
18 54
18 61
18 75
18 85
19 35
19 38
19 48
19 61
19 72
19 80
19 97
19 99
20 26
20 47
20 54
20 57
20 84
20 95
21 28
21 34
21 51
21 67
21 91
22 31
22 33
22 41
22 46
22 49
22 52
22 76
22 84
22 89
22 90
22 97
23 36
23 39
23 49
23 50
23 52
23 68
23 90
23 92
24 28
24 38
24 51
24 59
24 67
24 72
24 73
24 75
24 91
25 28
25 35
25 36
25 43
25 45
25 47
25 48
25 62
25 69
25 86
26 29
26 31
26 36
26 42
26 46
26 56
26 57
26 68
26 78
26 86
26 98
27 35
27 38
27 44
27 63
27 72
27 75
27 76
27 79
27 84
27 92
28 29
28 33
28 45
28 55
28 75
28 99
29 30
29 31
29 42
29 44
29 49
29 58
29 61
29 78
30 53
30 55
30 65
30 74
30 81
30 84
31 33
31 51
31 81
32 33
32 37
32 44
32 52
32 55
32 56
32 70
32 80
32 82
32 97
33 48
33 55
33 67
34 51
34 52
34 58
34 79
34 82
34 90
35 43
35 46
35 47
35 48
35 52
35 60
35 79
35 85
36 38
36 63
36 65
36 74
36 75
36 82
36 88
36 89
37 48
37 50
37 60
37 75
37 77
37 87
37 96
38 54
38 56
38 75
39 40
39 59
39 78
39 93
39 98
40 47
40 50
40 53
40 61
40 66
41 71
41 75
41 79
41 83
42 51
42 62
42 69
42 72
42 74
42 76
42 84
42 89
43 46
43 48
43 49
43 51
43 71
43 78
43 80
43 90
43 94
43 95
44 60
44 77
44 82
44 90
44 92
45 48
45 68
45 71
45 76
45 79
45 84
45 94
46 63
46 67
46 88
46 90
47 52
47 53
47 63
47 83
48 56
48 81
48 91
48 95
48 96
49 52
49 59
49 61
49 62
49 74
49 77
50 59
50 71
51 65
51 66
51 78
51 80
51 86
52 63
52 66
52 76
52 89
52 93
53 73
53 92
54 73
54 74
54 80
55 64
55 66
55 67
55 73
55 75
55 77
55 91
55 93
56 59
56 64
56 96
57 71
57 76
57 92
58 63
58 67
58 68
58 73
58 77
58 87
58 95
59 63
60 61
60 69
60 70
60 83
60 91
61 80
61 91
61 93
62 67
62 82
62 83
62 85
62 87
63 75
63 77
63 78
63 80
63 86
63 87
63 95
64 69
64 92
65 74
65 84
65 92
66 75
66 83
66 86
66 90
66 91
66 97
67 73
67 92
67 93
67 96
67 98
68 71
69 86
69 99
70 76
70 95
71 76
71 88
71 91
72 76
72 86
72 91
72 93
73 75
73 76
73 90
73 93
73 96
74 77
75 88
75 93
76 81
76 85
76 92
76 94
76 95
77 83
77 93
78 91
78 93
78 97
79 92
81 85
81 88
81 95
82 85
82 98
83 88
83 94
84 99
85 86
85 93
86 94
87 97
88 91
88 96
89 95
89 97
92 99
93 96
95 98
95 99
