0
100
370
0
1
0
0 6
0 7
0 10
0 33
0 40
0 71
1 13
1 24
1 49
1 75
1 94
2 6
2 9
2 14
2 63
2 70
2 87
2 89
2 97
3 13
3 28
3 30
3 41
3 42
3 57
3 69
3 74
3 99
4 14
4 40
4 44
4 81
4 85
4 96
5 13
5 39
5 52
5 55
5 59
5 61
5 69
5 94
6 8
6 21
6 45
6 47
6 51
6 69
7 12
7 17
7 29
7 37
7 54
7 69
7 77
7 94
8 15
8 24
8 43
8 73
8 80
8 82
8 89
9 27
9 30
9 38
9 48
9 50
9 71
9 79
9 85
9 97
10 17
10 20
10 23
10 24
10 43
10 44
10 59
10 89
11 12
11 75
12 16
12 19
12 36
12 52
12 73
12 78
12 79
12 88
13 15
13 16
13 18
13 19
13 28
13 43
13 46
13 49
13 57
13 75
13 82
14 34
14 35
14 38
14 45
14 55
14 57
14 84
14 98
15 25
15 30
15 50
15 68
15 74
15 86
16 34
16 38
16 43
16 63
16 86
16 96
17 64
17 65
17 79
17 88
17 89
18 33
18 44
18 50
18 55
18 66
18 67
18 92
18 93
19 26
19 31
19 43
19 47
19 52
19 68
19 73
19 74
19 85
20 55
20 57
20 81
20 95
21 23
21 51
21 73
21 94
22 24
22 27
22 45
22 48
22 49
22 70
22 77
22 80
22 96
23 28
23 71
23 73
23 96
24 30
24 32
24 53
24 58
24 61
24 63
24 69
24 73
24 76
24 84
25 52
25 55
25 57
25 67
25 69
25 76
25 85
26 65
27 42
27 43
27 51
27 71
27 87
27 90
27 95
28 39
28 47
28 50
28 57
28 60
29 45
29 50
29 52
29 62
29 66
29 69
30 36
30 38
30 40
30 42
30 71
30 89
31 44
31 50
31 62
31 82
31 87
32 36
32 39
32 52
32 57
33 41
33 59
33 65
33 66
34 56
34 99
35 89
36 46
36 67
36 88
36 97
37 45
37 71
37 74
38 68
38 81
38 90
39 66
39 74
39 93
40 55
40 68
41 59
41 60
41 62
41 67
41 98
42 62
42 74
42 88
43 60
43 63
43 65
43 78
43 93
44 67
44 81
44 87
45 46
45 52
45 53
45 68
45 81
45 84
45 94
46 53
46 54
46 55
46 70
47 49
47 51
48 50
48 58
48 67
48 93
48 96
49 53
49 54
49 55
49 60
50 79
50 98
51 52
51 67
51 75
51 77
51 89
52 58
52 64
52 66
52 89
52 91
53 59
53 83
53 96
54 76
54 81
54 99
55 60
55 66
55 67
55 70
55 76
55 77
55 83
55 86
55 92
56 59
56 88
56 89
57 62
58 67
58 72
59 70
59 82
60 63
60 73
60 82
60 83
60 95
60 99
61 72
61 75
61 95
62 79
62 84
63 75
63 83
63 84
63 87
64 65
64 75
64 77
64 82
65 86
65 94
65 95
66 90
67 68
67 98
68 72
68 83
69 87
70 85
71 92
72 73
72 80
72 99
73 95
73 97
74 78
74 79
74 90
74 91
75 84
76 89
76 92
77 81
77 93
77 99
79 99
81 97
82 92
84 94
85 89
85 93
86 88
86 98
86 99
87 88
87 93
90 93
91 93
91 97
98 99
