0
100
432
0
1
0
0 27
0 34
0 82
1 3
1 7
1 21
1 38
1 58
1 78
1 84
1 97
2 26
2 41
2 45
2 52
2 54
2 69
2 70
2 78
3 11
3 20
3 46
3 53
3 75
3 79
3 82
3 83
3 89
3 94
3 95
4 32
4 38
4 53
4 65
4 87
4 98
5 14
5 35
5 37
5 51
5 53
5 70
5 82
5 91
6 9
6 17
6 20
6 29
6 41
6 63
6 71
6 75
6 96
7 35
7 37
7 49
7 52
7 70
7 81
7 93
8 23
8 36
8 63
8 78
8 89
8 90
9 35
9 43
9 44
9 49
9 55
9 63
9 66
9 77
9 83
9 92
10 23
10 27
10 34
10 43
10 44
10 52
10 67
10 68
10 69
10 90
10 94
11 73
11 85
12 14
12 17
12 24
12 26
12 29
12 32
12 53
12 70
12 81
12 87
12 88
12 95
13 14
13 15
13 23
13 26
13 28
13 31
13 42
13 44
13 60
13 64
13 66
13 84
14 22
14 36
14 59
14 75
14 91
15 22
15 32
15 46
15 54
15 77
15 94
16 29
16 30
16 31
16 47
16 50
16 53
16 56
16 63
16 64
16 72
16 74
16 80
17 27
17 45
17 46
17 62
17 64
17 81
17 82
17 83
18 27
18 34
18 40
18 44
18 55
18 57
18 58
18 63
18 88
19 29
19 35
19 38
19 62
19 63
19 66
19 72
20 21
20 22
20 24
20 30
20 36
20 40
20 48
20 58
20 69
20 96
20 97
21 24
21 40
21 51
21 93
22 26
22 28
22 52
22 65
22 66
22 73
22 78
22 88
23 35
23 51
23 64
23 90
23 94
24 26
24 33
24 49
24 51
24 60
24 68
24 69
24 77
24 80
25 32
25 48
25 63
25 69
25 92
26 31
26 32
26 44
26 46
26 59
26 60
26 62
26 63
26 74
26 77
26 86
26 92
27 29
27 34
27 35
27 64
27 79
28 46
28 58
28 71
28 73
28 97
29 39
29 46
29 50
29 51
29 61
29 76
29 89
29 94
30 38
30 44
30 77
30 85
30 87
30 96
31 42
31 54
31 63
31 66
31 74
31 91
31 94
31 97
31 98
32 36
32 62
32 81
32 84
33 36
33 39
33 40
33 44
33 55
33 69
33 74
33 90
34 45
34 48
34 60
34 62
34 70
34 80
34 91
35 39
35 40
35 49
35 79
35 83
35 91
36 46
36 50
36 54
36 65
36 69
36 84
36 86
38 40
38 41
38 43
38 51
38 68
38 70
38 83
38 96
39 58
39 64
39 86
39 89
40 46
40 50
40 52
40 72
40 85
40 95
41 48
41 54
41 59
41 62
41 76
41 77
41 79
41 96
41 97
42 61
42 72
42 91
42 98
43 68
44 75
44 81
44 82
44 91
44 92
45 50
45 65
45 68
45 76
45 84
45 98
46 50
46 79
46 89
46 92
47 51
47 62
47 79
47 82
47 91
48 75
49 51
49 60
49 61
49 62
49 75
49 77
49 84
49 85
49 89
49 90
50 51
50 60
50 65
51 59
51 75
51 77
51 87
52 61
52 89
52 96
53 59
54 68
54 84
54 97
55 65
55 69
55 84
55 97
56 66
56 69
56 72
56 94
56 95
57 67
57 71
57 87
58 73
58 82
58 96
59 61
59 63
59 64
59 68
59 78
60 75
60 86
60 88
60 99
61 67
61 82
61 95
61 97
62 65
62 74
62 90
63 73
63 78
64 78
64 96
64 99
65 73
65 77
65 79
66 76
66 90
66 93
67 70
67 86
67 87
67 97
68 82
68 84
68 87
70 87
71 89
72 82
73 98
74 77
74 84
74 88
75 77
75 91
75 97
76 94
76 96
76 98
77 81
77 82
78 85
79 80
79 82
80 85
81 91
81 97
83 88
83 90
83 97
87 94
94 95
95 98
