0
100
487
0
1
0
0 2
0 7
0 19
0 29
0 32
0 50
0 55
0 61
0 63
0 74
0 91
0 94
1 2
1 15
1 19
1 23
1 45
1 47
1 50
1 66
1 83
1 99
2 5
2 29
2 30
2 42
2 55
2 57
2 60
2 62
2 75
2 83
2 90
2 95
3 7
3 10
3 15
3 29
3 31
3 42
3 69
3 82
3 90
3 92
4 7
4 16
4 28
4 35
4 38
4 41
4 52
4 53
4 56
4 80
4 83
4 87
4 92
4 98
5 7
5 18
5 21
5 24
5 26
5 29
5 33
5 34
5 42
5 44
5 91
6 14
6 18
6 37
6 38
6 57
6 64
6 78
6 95
7 49
7 54
7 73
7 80
7 81
7 82
7 92
8 15
8 19
8 26
8 31
8 33
8 45
8 49
8 75
8 90
9 11
9 13
9 26
9 35
9 45
9 59
9 69
9 78
10 22
10 28
10 39
10 40
10 45
10 84
10 88
11 15
11 26
11 39
11 41
11 43
11 63
11 64
11 87
12 16
12 65
12 67
12 79
12 80
12 81
12 82
12 86
13 15
13 20
13 29
13 37
13 41
13 45
13 47
13 65
13 70
13 79
13 88
13 93
14 28
14 44
14 47
14 49
14 54
14 70
14 73
14 77
14 84
14 94
14 98
15 17
15 18
15 22
15 26
15 60
15 64
15 70
15 76
16 26
16 28
16 30
16 47
16 88
16 90
16 94
16 96
17 31
17 68
17 73
17 86
17 88
17 95
18 27
18 33
18 44
18 47
18 53
18 81
18 83
18 84
18 90
18 95
19 25
19 42
19 57
19 66
20 32
20 33
20 40
20 60
20 72
20 77
20 86
20 95
21 33
21 48
21 63
21 71
21 75
21 85
22 43
22 53
22 63
22 79
22 81
22 92
23 25
23 53
23 56
23 59
23 68
23 72
23 76
24 27
24 35
24 55
24 58
24 59
24 67
24 79
24 88
24 91
25 30
25 32
25 37
25 41
25 42
25 65
25 68
25 83
25 84
26 32
26 57
26 77
26 85
26 93
26 96
27 30
27 59
27 60
27 77
27 83
27 92
27 97
28 31
28 55
28 63
28 66
28 67
28 75
28 77
28 81
28 96
29 73
29 75
29 77
29 81
29 88
30 46
30 59
30 74
30 85
31 36
31 47
31 54
31 62
31 72
31 92
31 99
32 44
32 66
32 77
32 84
33 37
33 41
33 45
33 51
33 69
33 72
33 99
34 58
34 62
34 65
34 80
35 59
35 80
35 83
35 91
36 41
36 43
36 71
37 46
37 48
37 50
37 59
37 60
37 62
37 67
37 78
37 81
37 82
37 86
37 88
38 52
38 64
38 68
38 94
38 99
39 53
39 84
40 45
40 67
40 69
40 73
40 78
40 79
40 85
40 93
41 43
41 44
41 46
41 60
41 68
41 75
41 79
41 81
41 97
42 49
42 54
42 71
42 74
42 77
42 80
43 51
43 62
43 78
43 87
43 98
44 57
44 82
44 99
45 66
45 83
45 84
45 91
45 96
46 51
46 75
46 92
46 97
47 58
47 94
47 96
48 52
48 53
48 60
48 70
48 80
48 95
49 56
49 59
49 66
49 69
49 72
49 78
49 99
50 57
50 58
50 60
50 78
50 99
51 83
51 97
52 54
52 55
52 68
52 74
52 85
52 90
53 64
53 66
53 67
53 69
53 70
53 79
53 81
53 90
53 92
54 64
54 74
54 76
54 77
54 87
54 99
55 86
55 91
55 95
55 98
56 63
56 88
56 92
56 93
57 68
57 71
57 72
57 76
57 96
58 65
58 88
58 95
58 98
59 63
59 66
59 92
59 98
59 99
60 65
60 66
60 75
60 77
60 98
61 84
61 89
62 64
62 73
62 92
63 73
63 93
64 66
64 69
64 90
65 71
65 78
65 84
65 88
67 71
67 78
67 84
68 89
68 90
68 94
69 70
70 87
70 93
71 72
71 73
71 75
71 80
71 84
71 91
71 99
72 91
72 98
73 76
73 78
74 86
74 88
74 92
74 96
75 76
75 77
75 89
75 98
76 78
76 86
76 91
76 92
77 78
78 81
78 94
78 98
79 90
79 91
81 92
81 96
82 91
82 94
83 95
84 86
85 89
85 91
86 95
86 99
88 91
88 93
88 97
90 97
92 96
93 98
93 99
