0
100
272
0
1
0
0 3
0 11
0 29
0 37
0 54
0 66
0 72
1 11
1 19
1 25
1 38
1 89
2 3
2 37
2 65
3 12
3 22
3 76
3 80
4 14
4 26
4 28
4 38
4 75
4 78
5 28
5 33
5 70
5 79
5 94
6 10
6 18
6 36
6 49
6 78
6 82
6 95
7 42
7 59
7 75
8 12
8 15
8 28
8 40
8 43
8 55
8 74
8 99
9 12
9 15
9 16
9 74
9 84
9 90
9 93
9 99
10 11
10 17
10 22
10 40
10 46
10 52
10 56
10 57
10 67
11 58
11 65
11 78
12 13
12 39
12 60
12 69
12 75
12 97
13 14
13 59
13 67
13 68
13 75
13 77
13 96
13 99
14 61
15 18
15 22
15 35
15 41
15 43
15 50
15 53
15 93
16 33
16 35
16 51
16 55
16 60
16 71
16 75
16 82
17 25
17 31
17 33
18 27
18 32
18 55
18 68
18 81
18 85
19 38
19 57
19 67
19 88
20 31
20 43
20 50
20 51
20 70
21 32
21 48
21 64
21 80
22 55
22 79
23 35
23 46
23 48
23 58
23 97
24 44
25 78
25 91
25 98
26 84
26 90
27 31
27 60
28 43
29 32
29 43
29 46
30 34
30 76
30 95
31 40
31 48
31 50
31 51
31 52
31 70
31 74
31 87
32 59
33 35
33 40
33 60
34 37
34 53
34 58
34 67
34 95
34 99
35 53
35 56
35 72
35 84
35 91
35 95
36 39
36 48
36 53
36 85
36 91
37 38
37 58
37 80
38 57
38 72
39 42
39 46
39 51
39 56
39 78
39 92
39 94
40 74
40 86
40 93
41 48
41 77
42 49
42 68
42 84
42 88
42 89
43 63
43 82
44 55
44 63
44 75
45 54
45 58
45 61
45 63
46 62
46 67
46 79
47 66
47 67
47 74
47 79
48 56
48 89
48 91
49 51
49 84
50 66
50 67
51 59
51 77
51 98
52 53
52 66
53 64
53 65
53 87
53 90
53 94
55 58
56 91
57 92
57 94
58 69
58 80
58 87
59 80
59 91
60 86
60 98
61 68
61 93
61 94
62 71
63 77
63 88
64 83
64 96
66 74
66 84
66 88
66 96
67 76
68 88
70 85
71 83
71 90
72 75
73 88
73 91
73 93
74 90
74 95
77 86
78 90
79 94
79 95
80 94
82 87
82 98
84 87
88 90
89 91
89 93
