0
100
483
0
1
0
0 1
0 15
0 16
0 51
0 62
0 72
0 88
0 90
0 99
1 6
1 14
1 15
1 30
1 64
1 79
1 81
2 11
2 26
2 33
2 38
2 62
2 70
2 81
2 86
2 91
2 96
3 4
3 23
3 24
3 40
3 53
3 64
3 79
4 7
4 13
4 40
4 45
4 46
4 74
4 77
4 79
5 9
5 13
5 26
5 28
5 32
5 36
5 47
5 62
5 65
5 84
6 15
6 23
6 24
6 30
6 36
6 52
6 57
6 66
6 89
7 19
7 24
7 26
7 28
7 44
7 45
7 48
7 55
7 60
7 61
7 67
7 97
8 16
8 26
8 32
8 43
8 53
8 59
9 12
9 13
9 24
9 45
9 53
9 59
9 61
9 78
9 79
10 11
10 24
10 90
10 97
11 31
11 32
11 37
11 40
11 46
11 55
11 61
11 62
11 69
11 78
11 87
11 91
11 93
11 95
12 14
12 20
12 22
12 32
12 35
12 58
12 71
12 94
13 16
13 45
13 52
13 55
13 60
13 62
13 68
13 78
13 79
13 94
13 96
13 98
14 29
14 41
14 43
14 53
14 54
14 55
14 73
14 77
15 25
15 31
15 35
15 40
15 51
15 55
15 63
15 74
15 90
16 18
16 28
16 30
16 35
16 45
16 60
16 74
16 95
17 24
17 34
17 43
17 57
17 70
17 72
18 26
18 52
18 53
18 58
18 68
18 74
19 26
19 27
19 38
19 44
19 48
19 52
19 57
19 59
19 63
19 68
19 91
19 94
20 21
20 23
20 48
20 61
20 67
20 69
20 85
20 87
20 97
21 22
21 30
21 32
21 84
21 85
21 90
21 94
22 27
22 28
22 49
22 75
22 76
22 87
23 40
23 50
23 55
23 68
23 70
23 71
23 72
23 96
24 44
24 84
24 89
24 96
25 28
25 37
25 45
25 65
25 69
25 77
25 97
26 27
26 62
26 83
26 84
27 29
27 30
27 36
27 54
27 76
27 80
27 81
27 98
28 31
28 34
28 35
28 50
28 53
28 76
28 98
29 34
29 36
29 37
29 43
29 45
29 54
29 56
29 59
29 85
29 97
30 33
30 42
30 48
30 75
30 80
30 96
30 98
31 57
31 58
31 61
31 70
32 36
32 41
32 56
32 62
32 73
32 75
32 80
32 96
33 52
33 68
33 83
33 93
34 47
34 60
34 61
34 66
34 70
34 79
34 80
34 81
34 87
34 93
34 98
34 99
35 51
35 75
35 85
35 90
35 98
36 48
36 59
36 64
36 88
36 99
37 51
37 65
37 72
37 81
37 89
37 96
38 40
38 59
38 76
38 80
38 91
39 41
39 43
39 57
39 86
40 49
40 58
40 81
41 63
41 70
41 91
41 94
41 97
42 51
42 60
42 85
42 87
42 89
43 46
43 56
43 61
43 64
43 71
43 89
43 90
43 98
44 48
44 74
44 81
44 97
45 47
45 48
45 51
45 57
45 65
45 69
45 85
46 48
46 52
46 58
46 77
46 93
47 57
47 73
47 78
47 98
48 60
48 71
48 75
48 79
48 98
49 54
49 58
49 66
49 67
49 71
49 85
49 93
50 51
50 63
50 85
50 86
50 91
50 94
50 95
50 96
50 99
51 76
52 72
52 76
52 96
52 97
53 58
53 61
54 55
54 83
54 84
54 86
54 88
55 61
55 72
55 75
55 81
55 83
55 91
55 92
56 62
56 77
56 80
56 82
56 95
56 96
57 89
58 73
58 88
59 62
59 66
59 73
59 75
60 65
60 72
60 78
60 89
60 90
60 93
60 96
61 62
61 69
62 71
62 79
62 81
62 86
62 89
62 93
62 95
62 99
63 66
63 72
63 79
63 92
63 98
64 95
64 97
65 95
66 70
67 71
67 82
68 72
69 83
69 86
69 90
69 96
69 97
70 74
70 88
71 92
71 96
72 81
73 75
73 91
74 80
74 89
75 81
75 89
75 98
76 92
76 97
77 81
77 88
77 89
77 94
78 80
78 89
78 97
79 83
79 95
79 98
80 87
80 92
80 94
80 95
80 97
80 99
82 92
82 95
83 93
84 85
84 87
85 88
85 92
85 93
85 95
87 90
87 94
87 96
88 91
89 90
89 98
90 92
90 94
90 95
90 97
95 97
96 98
