0
100
242
0
1
0
0 20
0 29
0 30
0 43
0 54
0 69
1 69
2 18
2 38
2 45
2 52
2 56
3 42
3 54
3 69
3 93
4 6
4 16
4 59
4 62
4 67
5 10
5 42
6 16
6 24
6 25
6 34
6 58
6 64
7 21
7 73
7 84
7 88
7 98
8 23
8 34
8 46
8 55
8 77
8 79
9 14
9 31
9 61
9 76
10 45
10 52
10 75
11 27
12 19
12 30
12 32
12 34
12 80
12 95
12 99
13 17
13 22
13 56
13 85
13 91
14 53
14 63
14 76
15 22
15 73
15 81
16 28
16 30
16 66
16 95
17 34
17 53
17 54
17 63
17 72
17 81
17 84
18 28
18 31
18 33
18 52
19 68
19 75
19 96
19 99
20 29
20 76
20 95
20 99
21 49
21 52
21 65
21 70
22 35
22 37
22 62
22 84
23 32
23 57
23 96
24 43
24 73
24 98
25 45
25 92
26 33
26 83
27 43
28 63
28 79
28 80
28 81
28 92
29 38
29 46
29 63
29 64
29 87
29 90
30 46
30 55
30 78
31 66
31 76
31 85
31 86
33 39
33 48
33 56
33 61
33 81
33 88
33 98
34 36
34 56
34 65
34 75
34 83
35 47
35 49
35 53
35 73
35 77
37 42
37 49
37 74
38 57
39 40
39 76
39 79
40 48
40 51
40 71
41 46
41 78
41 92
41 96
42 88
42 94
43 49
43 60
43 61
43 69
43 75
43 86
44 89
45 85
46 54
46 64
46 84
47 48
47 60
47 71
47 83
47 92
47 99
48 99
49 53
50 82
50 89
51 62
51 65
51 83
51 84
51 89
51 97
52 94
52 96
52 98
53 73
53 81
54 55
54 70
54 79
55 66
56 67
56 84
57 63
57 65
57 82
57 85
57 86
58 66
58 87
60 86
62 74
63 71
63 72
63 81
64 73
65 75
65 91
66 86
66 89
66 93
67 71
67 78
68 70
69 88
69 98
71 95
72 80
72 86
72 93
73 83
75 84
75 89
76 82
77 83
77 91
78 85
80 81
80 82
80 89
82 99
83 90
85 98
86 96
89 96
90 96
92 93
94 96
