0
100
241
0
1
0
0 7
0 23
0 24
0 61
0 74
0 91
1 47
1 86
1 89
2 18
2 30
2 31
2 47
2 53
2 84
3 30
3 41
3 49
3 57
3 93
3 97
4 80
4 98
5 39
5 40
5 51
5 62
5 64
5 84
5 88
6 13
7 46
7 47
8 21
8 26
8 42
8 63
8 71
8 77
8 84
8 85
9 54
9 87
10 58
11 12
11 26
11 48
11 55
11 57
11 76
11 83
12 18
12 23
12 45
12 64
12 85
13 46
13 48
13 53
13 75
14 20
14 46
14 54
15 71
15 86
15 91
16 52
16 70
16 80
16 83
17 78
17 98
18 31
18 40
18 41
18 44
18 52
18 73
19 36
19 40
19 52
19 64
19 67
19 71
19 91
19 92
19 95
20 27
20 29
20 86
21 22
21 70
22 46
22 58
22 74
23 24
23 32
23 41
23 42
23 57
23 85
23 87
23 88
24 26
24 74
24 86
24 88
25 61
25 65
26 35
26 36
26 41
26 53
26 65
26 70
26 82
26 86
27 30
27 88
28 41
28 75
28 85
28 90
29 31
29 35
29 61
29 63
29 99
30 41
30 44
30 47
30 54
30 60
30 66
31 38
31 39
31 57
31 76
31 81
32 55
32 94
32 96
33 97
33 98
34 73
34 88
35 77
35 80
35 98
36 38
36 74
36 75
37 53
38 60
38 92
39 48
39 55
40 81
41 43
41 90
41 97
42 44
42 94
44 86
45 62
45 67
45 75
45 78
45 82
45 86
45 97
46 66
46 83
47 73
47 76
47 99
48 64
48 71
48 82
49 99
50 55
50 73
51 56
51 58
51 78
52 65
52 72
52 79
54 55
54 69
54 72
55 65
55 77
56 73
57 67
57 68
57 77
58 62
58 72
58 78
59 66
59 69
59 82
59 83
59 87
59 99
61 92
61 97
62 70
62 72
62 90
63 71
63 75
64 82
64 89
65 82
65 86
65 90
66 94
67 96
68 91
68 96
69 76
70 85
71 72
71 81
71 82
72 74
73 82
74 75
74 80
76 94
80 83
82 91
83 84
84 95
87 94
88 89
89 92
89 98
93 98
