0
100
238
0
1
0
0 1
0 3
0 21
0 22
0 39
0 86
0 94
1 16
1 18
1 28
1 36
1 58
1 78
1 88
2 68
2 72
2 81
3 14
3 19
3 26
3 36
3 37
3 49
3 55
4 10
4 58
4 69
4 79
5 22
5 35
5 94
5 99
6 13
6 72
6 73
6 85
6 89
6 90
7 57
7 67
7 76
8 25
8 57
8 62
8 64
8 97
8 98
9 12
9 30
9 42
9 49
9 59
9 98
10 13
10 23
10 36
10 41
10 58
10 70
11 13
11 35
11 40
11 62
11 68
11 83
11 89
12 23
12 24
12 26
12 75
13 48
13 61
14 42
15 55
16 54
16 80
17 42
17 74
17 91
17 97
18 34
18 68
19 32
19 37
20 46
20 72
20 83
20 84
20 85
21 40
21 42
21 46
21 63
21 84
22 53
22 61
23 42
23 44
23 98
24 31
24 42
25 63
25 69
25 81
25 83
26 52
26 58
26 66
26 81
27 66
27 74
28 29
28 95
29 33
29 46
29 50
29 89
30 41
30 57
31 32
31 50
31 53
31 61
31 64
32 35
32 41
32 63
32 64
32 91
33 37
33 39
33 47
33 61
33 81
34 57
35 55
35 75
35 76
36 38
36 49
36 99
37 62
38 45
38 48
38 60
38 80
39 49
40 62
40 88
43 52
43 53
43 54
43 60
43 75
43 82
43 90
44 50
44 55
44 58
44 72
45 55
46 59
46 79
46 96
47 51
48 71
48 73
49 82
50 77
50 98
51 52
51 62
51 73
51 90
51 93
52 78
52 86
52 96
53 59
54 66
54 82
54 99
55 60
56 57
56 97
58 65
58 68
58 77
59 90
60 64
60 71
60 90
60 96
61 69
61 73
61 77
61 89
62 68
62 91
62 96
63 71
63 77
64 77
64 80
64 81
65 76
66 85
66 89
67 84
67 96
68 77
68 85
70 84
71 79
71 93
72 75
72 91
73 83
75 88
76 82
76 93
77 84
77 89
78 83
80 81
80 93
81 89
82 87
83 93
84 91
84 94
85 90
88 94
89 93
90 93
92 97
93 94
93 97
