0
100
241
0
1
0
0 35
0 40
0 61
1 4
1 10
1 26
1 31
1 50
2 9
2 35
2 38
2 49
2 50
2 73
2 97
3 14
3 29
3 33
3 59
3 86
3 95
3 99
4 9
4 19
4 22
4 27
4 48
4 54
4 74
4 80
4 84
4 91
5 20
5 55
5 60
6 19
6 39
6 46
6 55
7 51
7 53
7 57
7 68
8 13
8 20
8 27
8 44
8 49
8 97
9 26
9 31
9 33
9 45
9 46
9 74
9 77
9 82
9 89
10 25
10 29
10 51
10 59
10 95
10 96
11 41
11 63
11 73
11 92
12 15
12 17
12 91
13 16
13 23
13 57
13 59
13 64
13 82
13 91
14 17
14 76
15 30
16 43
16 58
16 73
16 85
16 91
16 98
17 38
17 42
18 41
19 28
19 54
19 63
19 79
19 99
20 34
20 86
20 88
21 34
21 36
21 39
21 83
22 41
22 86
23 60
24 82
25 51
25 72
25 95
26 33
26 39
26 89
26 91
27 32
27 37
27 62
27 64
27 67
29 50
29 73
30 46
30 66
30 70
31 87
32 38
32 57
32 65
33 50
33 52
33 60
33 64
33 99
34 43
34 50
34 57
34 64
34 75
35 51
35 57
35 78
36 42
36 49
36 59
36 82
37 96
38 52
38 65
39 45
39 70
40 71
40 81
40 86
40 93
40 95
41 54
42 52
42 92
43 48
43 69
43 75
43 97
44 45
44 82
44 97
45 53
45 85
46 61
46 70
46 77
47 49
47 83
47 90
48 70
48 85
49 56
49 74
49 99
50 55
50 61
50 65
51 66
52 67
52 76
53 57
53 64
53 74
54 59
54 61
54 72
54 94
55 68
56 96
57 66
57 71
57 92
58 68
58 75
59 66
59 74
59 84
59 85
60 68
60 89
60 90
61 79
61 85
61 92
62 65
62 83
62 86
63 68
63 69
63 76
63 84
63 87
65 74
65 93
67 92
67 93
68 76
68 83
69 90
70 99
72 87
72 94
73 82
73 86
73 94
73 96
73 99
74 75
75 88
75 95
75 99
76 81
76 97
77 91
79 98
85 98
90 99
93 99
