0
500
2425
0
1
0
0 46
0 73
0 101
0 104
0 164
0 198
0 223
0 234
0 250
0 286
0 314
1 28
1 77
1 89
1 167
1 299
1 371
2 4
2 13
2 133
2 160
2 177
2 292
2 305
2 334
2 474
3 21
3 33
3 91
3 199
3 415
3 489
4 11
4 13
4 219
4 238
4 327
4 333
4 340
4 414
4 485
4 489
5 68
5 159
5 166
5 250
5 297
5 298
6 15
6 33
6 48
6 85
6 238
6 311
7 120
7 199
7 215
7 231
7 273
7 298
7 345
7 351
7 413
7 443
7 463
7 476
8 161
8 168
8 182
8 230
8 333
8 373
8 483
9 58
9 148
9 164
9 218
9 247
9 331
9 359
9 362
9 453
9 471
10 26
10 89
10 156
10 269
10 410
11 13
11 35
11 76
11 93
11 133
11 194
11 291
11 305
11 315
11 446
12 189
12 261
12 268
12 272
12 309
12 452
12 469
12 481
12 494
13 25
13 51
13 148
13 173
13 188
13 225
13 237
13 318
13 323
13 336
14 15
14 29
14 105
14 218
14 283
14 314
14 368
14 369
14 370
15 17
15 54
15 90
15 132
15 289
15 376
15 388
15 394
16 61
16 78
16 176
16 189
16 199
16 267
16 320
16 342
16 367
16 381
16 427
16 495
17 57
17 59
17 60
17 150
17 220
17 233
17 250
17 418
17 419
18 70
18 74
18 117
18 131
18 165
18 265
18 336
18 406
18 414
19 50
19 190
19 198
19 201
19 218
19 221
19 338
19 373
19 436
19 444
19 469
20 33
20 42
20 85
20 120
20 121
20 220
20 233
20 361
20 385
20 434
20 461
20 464
20 466
21 74
21 87
21 143
21 213
21 246
21 361
21 377
21 393
22 103
22 140
22 205
22 215
22 222
22 292
22 402
22 470
22 483
23 120
23 125
23 155
23 167
23 175
23 203
23 297
23 410
23 419
24 71
24 86
24 172
24 274
24 296
24 313
24 315
24 343
24 346
24 389
24 499
25 42
25 83
25 135
25 145
25 187
25 234
25 243
25 245
25 307
25 326
25 327
25 334
25 348
25 358
25 395
26 187
26 286
26 382
26 397
26 455
27 28
27 69
27 294
27 305
27 498
28 29
28 209
28 256
28 274
28 291
28 408
28 455
29 69
29 93
29 162
29 190
29 290
29 409
29 426
29 456
29 460
29 495
30 36
30 47
30 174
30 189
30 289
30 307
30 375
31 34
31 156
31 172
31 353
31 483
32 135
32 141
32 181
32 244
32 265
32 302
32 306
32 338
32 362
32 383
32 392
32 426
32 466
33 80
33 94
33 203
33 208
33 211
33 368
33 419
33 446
34 88
34 134
34 175
34 246
34 307
34 355
34 364
34 423
34 469
34 480
35 142
35 186
35 191
35 222
35 260
35 294
35 301
35 320
35 332
35 348
35 351
35 406
35 487
36 55
36 63
36 116
36 200
36 210
36 247
36 272
36 492
37 77
37 152
37 211
37 273
37 400
37 454
38 49
38 294
38 356
38 400
38 454
38 455
38 467
38 492
39 66
39 101
39 239
39 267
39 270
39 280
39 369
39 494
40 55
40 135
40 144
40 151
40 174
40 316
40 320
40 416
40 420
40 465
41 173
41 199
41 224
41 295
41 296
41 363
42 69
42 88
42 153
42 156
42 179
42 238
42 248
42 464
43 142
43 170
43 183
43 200
43 205
43 286
43 312
43 314
43 344
43 388
43 437
44 100
44 135
44 175
44 248
44 311
44 313
45 124
45 135
45 170
45 172
45 181
45 202
45 252
45 305
45 341
45 367
46 65
46 95
46 188
46 207
46 234
47 69
47 159
47 165
47 217
47 219
47 224
47 241
47 323
47 330
47 441
48 51
48 52
48 53
48 95
48 114
48 128
48 151
48 170
48 174
48 264
48 353
49 148
49 159
49 173
49 273
49 354
49 498
50 79
50 84
50 293
50 325
50 334
50 379
50 394
50 405
50 412
50 476
51 66
51 126
51 196
51 346
51 358
51 366
51 392
51 402
51 419
51 438
52 57
52 61
52 68
52 113
52 179
52 221
52 233
52 239
52 286
52 352
52 428
52 484
52 497
53 67
53 150
53 178
53 236
53 246
53 464
53 476
54 121
54 232
54 234
54 288
54 305
54 309
54 341
54 424
54 463
54 465
54 470
55 63
55 82
55 93
55 109
55 271
55 301
55 404
56 120
56 132
56 143
56 232
56 238
56 242
56 270
56 356
56 482
56 492
57 127
57 155
57 170
57 178
57 180
57 220
57 253
57 265
57 310
57 316
57 361
57 383
57 434
58 211
58 229
58 266
58 338
58 376
58 454
58 468
58 479
59 129
59 149
59 184
59 185
59 214
59 234
59 252
59 281
59 299
59 398
59 417
59 473
60 66
60 92
60 114
60 118
60 200
60 221
60 233
60 260
60 268
60 279
60 296
60 323
60 342
60 344
60 453
61 125
61 140
61 203
61 237
61 318
61 342
61 464
62 93
62 127
62 157
62 290
62 319
62 458
63 90
63 144
63 238
63 312
63 327
63 463
63 494
64 82
64 166
64 185
64 201
64 220
64 234
64 254
64 293
64 336
64 350
64 383
64 406
64 423
64 434
65 115
65 176
65 240
65 271
65 330
65 402
65 407
65 426
65 457
65 497
66 163
66 287
66 294
66 339
66 364
66 403
66 471
66 477
67 180
67 229
67 230
67 233
67 305
67 463
67 469
68 145
68 157
68 252
68 285
68 296
68 300
68 405
68 423
68 494
69 119
69 183
69 189
69 193
69 233
69 295
69 301
69 326
69 382
69 403
69 498
70 115
70 183
70 194
70 208
70 215
70 253
70 265
70 339
70 365
70 453
71 72
71 113
71 197
71 210
71 234
71 313
71 345
71 370
71 398
71 401
71 456
72 183
72 406
72 494
73 116
73 136
73 200
73 242
73 266
73 268
73 307
73 325
73 374
73 402
73 405
73 455
73 498
74 75
74 115
74 173
74 242
74 266
75 80
75 105
75 122
75 216
75 246
75 290
75 326
75 333
75 381
75 383
75 470
76 89
76 145
76 270
76 381
76 403
76 408
77 78
77 168
77 184
77 274
77 301
77 402
78 87
78 89
78 98
78 258
78 280
78 303
78 350
78 358
79 181
79 198
79 232
79 319
79 362
79 408
79 427
79 473
80 94
80 114
80 227
80 240
80 312
80 320
80 377
81 425
81 453
81 476
81 483
82 163
82 194
82 253
82 312
82 351
82 362
82 402
83 102
83 104
83 115
83 123
83 250
83 287
83 293
83 398
83 475
83 492
84 251
84 369
84 465
84 468
85 146
85 155
85 229
85 256
85 305
85 419
85 483
86 129
86 148
86 227
86 258
86 263
86 328
86 350
86 356
86 359
86 378
87 111
87 134
87 326
87 368
87 433
87 489
88 161
88 305
88 359
89 103
89 154
89 354
89 482
90 105
90 145
90 216
90 256
90 286
90 336
90 384
90 385
90 403
90 417
90 433
90 467
91 101
91 195
91 403
91 433
91 444
91 448
91 451
91 469
92 105
92 154
92 263
92 284
92 422
93 170
93 200
93 206
93 279
93 287
93 314
93 328
93 416
94 105
94 120
94 131
94 226
94 404
94 465
95 148
95 335
95 378
95 386
95 404
95 473
95 491
96 201
96 230
96 237
96 344
96 390
96 442
96 463
96 484
97 110
97 242
97 389
97 396
97 407
97 451
97 483
98 160
98 186
98 193
98 220
98 287
98 289
98 302
98 335
98 486
98 494
98 495
99 126
99 192
99 216
99 226
99 244
99 317
99 318
99 327
99 368
99 379
99 461
99 483
100 152
100 159
100 160
100 170
100 231
100 454
101 172
101 205
101 228
101 310
101 314
101 322
101 331
101 338
101 341
101 350
101 399
101 494
102 218
102 226
102 281
102 299
102 371
102 376
102 430
102 441
102 483
102 491
103 125
103 167
103 314
103 372
103 415
103 429
104 229
104 239
104 294
104 304
104 415
104 422
104 424
105 114
105 153
105 189
105 213
105 260
105 393
106 109
106 148
106 162
106 232
106 290
106 330
106 391
107 153
107 284
107 308
107 417
108 134
108 144
108 280
108 290
108 298
109 176
109 210
109 231
109 248
109 300
109 313
109 366
109 374
109 407
109 413
109 446
110 135
110 167
110 209
110 269
110 299
110 344
110 455
110 475
111 161
111 163
111 359
111 385
111 475
111 493
112 119
112 248
113 116
113 180
113 181
113 195
113 216
113 221
113 239
113 342
113 395
113 417
113 435
113 467
113 468
113 485
114 163
114 197
114 200
114 227
114 294
114 320
114 321
114 322
114 337
114 340
114 413
114 465
114 489
114 493
115 130
115 139
115 149
115 178
115 204
115 300
115 302
115 332
115 341
115 355
115 405
115 408
115 420
116 331
116 398
116 403
116 449
117 210
117 337
117 396
118 130
118 243
118 259
118 357
118 443
118 471
119 142
119 158
119 169
119 178
119 222
119 264
119 307
119 318
119 324
119 328
119 390
119 395
120 177
120 196
120 216
120 252
120 324
120 360
120 373
120 433
120 461
120 464
121 128
121 138
121 156
121 376
122 274
122 311
122 433
122 487
123 256
123 348
123 454
123 458
124 146
124 233
124 263
124 314
124 376
125 171
125 191
125 211
125 232
125 245
125 292
125 357
125 375
126 177
126 186
126 219
126 249
126 260
126 335
126 428
127 322
127 380
127 392
127 429
128 193
128 203
128 237
128 250
128 302
128 321
128 361
128 453
128 495
129 197
129 203
129 481
129 483
130 133
130 136
130 285
130 291
130 348
130 451
130 493
130 494
131 146
131 181
131 253
131 295
131 309
131 402
132 245
132 287
132 432
132 435
132 466
133 138
133 187
133 195
133 261
133 279
133 304
133 339
133 382
133 464
133 487
134 261
134 306
134 333
134 465
134 492
135 140
135 141
135 245
135 246
135 353
136 180
136 246
136 385
136 470
137 148
137 209
137 218
137 223
137 247
137 266
137 274
137 296
137 298
137 407
137 423
138 234
138 275
138 422
139 142
139 160
139 166
139 175
139 225
139 229
139 271
139 323
139 348
140 278
140 307
140 331
140 405
140 424
140 454
140 490
141 151
141 201
141 307
141 327
141 379
141 416
142 161
142 222
142 273
142 374
142 456
143 155
143 176
143 196
143 233
143 304
143 325
143 462
144 209
144 254
144 375
144 376
144 393
144 475
144 477
144 499
145 278
145 358
145 405
145 453
145 479
146 164
146 290
146 292
146 369
146 399
146 414
146 453
146 472
146 474
147 232
147 272
147 273
147 310
147 324
147 357
148 199
148 206
148 230
148 278
148 437
148 478
149 165
149 184
149 399
149 405
149 408
149 419
149 468
149 497
150 200
150 294
150 308
150 316
150 404
150 467
151 188
151 243
151 315
151 333
151 379
151 425
151 442
151 445
151 451
151 493
152 204
152 279
152 300
152 330
152 371
152 389
152 410
152 457
152 478
153 185
153 195
153 262
153 300
153 333
153 393
153 458
154 228
154 297
154 376
154 401
154 416
155 156
155 162
155 243
155 297
155 311
155 316
155 395
155 419
156 168
156 258
156 387
156 440
157 205
157 234
157 255
157 287
157 313
157 404
157 458
157 475
157 486
157 494
158 167
158 316
158 325
158 355
158 372
158 418
158 432
159 176
159 271
159 272
159 294
159 308
159 367
159 412
159 456
159 472
160 180
160 211
160 217
160 305
160 344
160 380
160 480
160 498
161 169
161 176
161 201
161 239
161 250
161 255
161 351
161 440
162 178
162 195
162 275
162 327
162 383
162 390
162 415
162 432
162 450
162 476
163 165
163 196
163 247
163 299
163 300
163 343
163 390
163 432
163 451
164 202
164 254
164 266
164 281
164 324
164 362
165 198
165 223
165 311
165 370
165 382
165 443
166 197
166 198
166 221
166 228
166 336
166 388
166 404
166 478
167 216
167 223
167 243
167 396
167 474
168 241
168 467
169 198
169 225
169 227
169 314
169 347
169 476
169 480
170 261
170 317
170 330
170 351
170 359
170 396
170 429
170 430
170 441
170 448
171 191
171 305
171 448
171 480
172 358
172 408
172 494
173 281
173 299
173 308
173 322
173 370
173 376
173 430
173 486
174 271
174 295
174 308
174 338
174 371
174 440
174 456
175 178
175 182
175 185
175 215
175 227
175 244
175 302
175 326
175 390
175 398
175 412
175 416
175 422
175 471
175 476
176 187
176 225
176 301
176 390
176 410
176 420
176 447
176 450
176 451
177 194
177 201
177 308
177 334
177 348
177 450
178 183
178 189
178 197
178 211
178 252
178 265
178 269
178 274
178 289
178 397
178 472
178 491
179 195
179 216
179 255
179 275
179 423
180 181
180 237
180 273
180 330
180 366
180 439
180 448
180 466
180 483
181 206
181 266
181 309
181 375
182 229
182 234
182 248
182 287
182 295
182 369
182 431
182 454
182 469
183 228
183 293
183 362
183 395
183 413
183 417
183 427
184 258
184 363
184 368
184 422
185 193
185 203
185 298
186 337
186 380
186 438
186 470
187 203
187 256
187 267
187 309
187 384
187 417
187 431
187 454
187 486
188 218
188 387
188 391
188 462
189 210
189 260
189 361
189 407
189 491
190 259
190 353
190 415
190 445
190 474
191 260
191 350
191 396
191 449
191 453
192 217
192 317
192 489
193 202
193 263
193 277
193 331
193 348
193 418
194 212
194 353
194 470
195 385
195 397
195 406
196 218
196 231
196 237
196 270
196 274
196 352
196 355
196 398
196 492
197 241
197 362
197 384
197 385
197 418
197 456
197 479
197 497
198 204
198 341
198 343
198 355
199 201
199 249
199 264
199 298
199 303
199 331
199 334
199 399
199 465
199 482
200 254
200 274
200 310
200 332
200 367
200 372
200 406
200 431
201 321
201 389
202 239
202 375
202 377
202 389
202 419
202 448
202 477
203 273
203 379
203 402
203 411
203 443
204 256
204 310
204 367
204 383
204 447
204 458
205 236
205 244
205 271
205 277
205 359
205 398
205 431
205 444
206 251
206 365
206 388
206 405
206 473
207 300
207 355
207 416
208 266
208 403
208 440
209 290
209 294
209 319
209 323
209 333
209 350
209 358
209 476
210 305
210 348
210 375
211 269
211 410
211 428
211 452
211 474
211 483
212 233
212 240
212 297
212 332
212 441
213 273
213 323
213 379
214 220
214 265
214 370
215 243
215 335
215 445
216 290
216 351
216 435
216 442
216 444
216 478
217 346
217 375
217 498
218 243
218 275
218 303
218 306
218 317
218 380
218 431
218 442
219 262
219 287
219 314
219 340
219 373
219 396
219 414
220 246
220 263
220 327
220 407
220 493
221 223
221 238
221 247
221 358
221 372
221 376
221 380
221 416
221 428
222 274
222 381
222 384
222 452
222 467
223 240
223 247
223 283
223 435
224 262
224 356
224 396
224 443
224 448
224 496
225 311
225 438
226 236
226 328
226 362
227 289
227 407
227 448
228 243
228 288
228 348
228 351
228 449
229 353
229 438
229 451
230 235
230 302
230 335
230 493
231 247
231 390
232 238
232 242
232 331
232 402
232 430
232 459
232 483
233 323
233 330
233 337
234 251
234 262
234 296
234 307
234 348
234 358
234 365
234 491
235 377
235 392
235 422
236 256
236 273
236 333
236 415
236 441
236 473
237 278
237 303
237 317
237 392
237 403
237 411
238 256
238 285
238 327
238 334
238 379
238 446
238 463
239 274
239 281
239 342
239 378
239 451
240 289
240 294
240 321
240 322
240 325
240 394
240 430
240 473
240 482
241 283
241 335
241 391
241 414
242 308
242 315
242 332
242 369
242 480
243 257
243 417
243 427
243 433
244 282
244 284
244 304
244 310
244 313
244 329
244 333
244 351
244 447
245 273
245 383
245 393
245 394
245 438
245 457
245 491
246 254
246 266
246 268
246 269
246 311
246 325
246 480
246 492
247 281
247 310
247 331
247 384
247 385
247 394
247 449
248 272
248 306
248 327
248 412
248 477
248 493
249 370
249 485
250 259
250 314
250 368
251 282
251 312
251 350
251 432
251 447
251 458
251 470
252 261
252 343
253 268
253 318
253 319
253 339
253 393
253 478
253 479
254 344
254 352
254 442
254 499
255 454
256 264
256 313
256 335
256 434
256 465
257 299
257 476
257 482
258 318
258 347
259 347
260 282
260 341
260 362
260 398
260 419
261 268
261 276
261 380
261 458
261 469
262 269
262 283
262 289
262 323
262 340
262 420
262 430
263 319
263 386
263 388
263 450
263 459
264 295
264 310
264 321
264 366
264 393
264 417
264 421
265 280
265 429
266 273
266 280
266 281
266 283
266 360
266 415
266 448
267 271
267 318
267 327
267 350
267 443
267 481
268 318
268 383
268 468
269 304
269 365
269 393
269 415
269 428
269 442
269 451
270 352
270 362
270 400
270 418
271 276
271 344
271 356
271 379
271 411
271 412
271 437
272 319
272 363
272 384
272 460
272 484
272 498
273 350
273 367
273 381
273 455
273 461
274 428
274 444
275 306
275 350
275 407
276 320
276 424
276 438
277 298
277 387
277 449
277 470
277 488
278 327
278 345
279 296
279 321
279 356
279 368
279 431
279 438
279 492
280 380
280 413
280 496
281 326
281 359
281 424
282 309
282 339
282 346
282 367
282 425
282 442
283 406
283 438
284 293
284 299
284 305
284 314
284 351
284 389
284 400
284 402
284 419
284 487
285 406
285 449
285 475
285 482
286 346
286 466
287 323
287 391
288 371
288 406
288 436
288 476
289 319
289 346
289 414
289 448
290 343
290 413
290 468
290 472
291 298
291 307
291 321
291 370
291 429
291 447
291 459
291 466
291 485
291 492
292 322
292 354
292 414
292 426
292 488
293 343
293 480
294 297
294 340
294 410
294 472
294 499
295 300
295 349
295 464
295 472
296 382
296 442
296 489
297 307
297 343
297 380
297 394
297 443
298 341
298 383
299 319
299 416
299 466
299 491
300 339
300 377
300 436
301 430
301 440
302 309
302 378
302 452
302 480
302 483
303 474
304 331
304 361
304 448
305 316
305 349
305 370
305 371
305 396
305 472
306 322
306 404
306 418
306 432
306 435
306 452
306 460
306 463
306 493
307 315
307 327
307 337
307 392
307 426
307 475
307 481
308 401
308 435
308 447
308 475
308 478
308 495
309 347
309 372
309 438
309 440
309 462
309 469
310 335
310 357
310 367
311 461
311 497
312 323
312 390
312 397
312 438
312 478
313 324
313 325
313 440
313 450
313 474
313 485
314 332
314 363
314 376
314 481
315 448
316 337
316 356
317 318
317 338
317 362
317 390
317 456
317 461
317 479
318 393
318 407
318 431
318 436
319 321
319 466
319 494
320 328
320 342
320 410
320 447
320 474
320 487
321 355
321 479
322 356
322 396
322 469
323 487
323 488
324 481
324 486
325 357
325 486
326 356
326 367
326 390
326 397
326 478
326 485
326 486
326 487
327 352
327 366
328 334
328 371
328 375
328 394
328 399
328 402
329 336
329 396
329 434
329 458
330 448
331 361
331 400
331 450
331 452
332 481
333 337
333 404
333 451
333 462
335 348
335 390
335 427
335 447
336 362
336 433
336 451
336 472
337 477
338 350
338 351
338 395
338 409
339 432
339 443
341 369
341 494
342 381
342 393
342 422
342 471
343 392
343 399
343 441
343 461
343 486
344 385
344 447
344 455
344 498
345 405
345 431
345 433
345 436
346 361
346 434
347 372
347 387
347 389
347 448
348 351
349 362
349 373
349 402
349 466
350 404
350 411
350 497
351 482
352 357
352 428
352 457
353 379
353 386
353 437
353 438
353 495
354 373
354 384
354 419
354 451
354 463
355 365
355 427
355 429
355 499
356 407
357 372
357 384
357 439
357 449
357 461
357 489
357 492
358 360
358 372
358 484
359 447
359 476
360 448
361 364
361 411
361 426
361 437
361 454
361 457
361 497
362 426
362 487
363 389
363 480
365 369
365 444
365 457
365 461
365 478
367 459
368 488
369 417
369 446
370 456
370 467
371 378
372 469
373 412
374 443
374 477
375 395
375 453
375 471
375 475
376 381
376 415
377 382
377 395
377 416
377 420
377 455
377 458
378 381
378 399
378 470
378 499
379 438
380 428
380 445
380 448
381 438
381 489
382 399
382 409
382 456
382 458
382 463
383 469
384 407
384 419
385 396
386 487
386 489
387 390
387 474
388 393
388 443
389 418
389 426
389 458
390 425
390 452
390 464
391 409
391 464
392 462
393 491
394 409
394 428
394 443
394 485
395 411
395 460
395 480
396 410
396 418
396 443
397 406
397 441
397 443
398 437
398 458
398 495
398 499
399 403
399 418
399 445
399 485
399 499
400 404
401 416
401 465
401 494
402 448
403 415
403 433
403 465
404 472
405 434
405 453
405 471
406 412
406 442
406 493
407 420
407 426
409 423
409 427
410 445
410 489
411 427
411 433
411 439
411 445
411 462
412 428
412 463
412 467
413 493
414 445
414 471
415 427
417 442
417 455
417 459
417 477
418 475
418 481
419 447
422 451
422 459
423 439
423 487
424 479
424 485
424 498
426 451
427 439
429 431
431 479
432 453
433 445
433 448
433 450
433 461
434 487
435 457
435 491
436 454
436 480
439 488
440 465
441 475
442 450
442 462
444 483
445 495
446 466
446 478
447 483
448 481
449 456
451 460
451 489
452 468
453 462
454 474
455 491
456 464
457 478
457 495
461 483
463 472
464 471
464 480
464 490
467 469
469 488
470 483
471 479
476 480
476 484
481 490
483 493
485 494
489 491
493 496
