0
500
1896
0
1
0
0 46
0 128
0 241
0 331
0 428
1 274
1 300
2 8
2 26
2 192
2 207
2 325
2 354
2 418
2 476
3 7
3 36
3 38
3 70
3 159
3 173
3 216
3 257
3 318
3 355
3 390
3 394
4 64
4 269
4 289
4 364
4 389
5 109
5 183
5 210
5 278
5 290
5 297
5 312
5 348
5 366
5 430
6 46
6 88
6 118
6 133
6 223
6 258
6 333
6 352
6 402
6 483
7 65
7 79
7 172
7 191
7 196
7 273
7 280
7 375
8 26
8 177
8 188
8 202
8 252
8 443
9 110
9 168
9 424
9 454
9 484
10 58
10 77
10 83
10 311
10 366
11 214
11 289
11 493
12 76
12 77
12 79
12 351
12 425
12 432
13 28
13 39
13 81
13 82
13 164
13 240
13 300
13 357
13 428
14 317
14 339
14 342
14 371
14 385
14 448
15 75
15 231
15 313
15 319
15 386
15 399
15 411
16 133
16 150
16 296
16 341
16 346
16 430
16 443
17 33
17 121
17 154
17 216
17 287
17 295
18 93
18 157
18 250
18 274
18 365
19 54
19 234
19 248
19 283
19 286
19 298
19 378
19 404
19 411
19 461
20 29
20 32
20 150
20 186
20 281
20 328
20 395
20 477
21 39
21 122
21 195
21 289
21 341
21 348
21 418
21 456
21 465
22 218
22 319
22 321
22 342
22 345
22 364
22 460
23 32
23 240
23 291
23 431
24 114
24 222
24 262
24 352
24 393
24 452
25 31
25 91
25 94
25 144
25 190
25 387
25 392
25 417
25 430
25 455
26 95
26 310
26 318
26 495
27 77
27 106
27 127
27 161
27 192
27 255
27 256
27 290
27 350
28 68
28 73
28 78
28 296
28 298
28 406
28 455
29 131
29 352
29 375
29 400
29 405
30 49
30 126
30 189
30 234
30 235
30 276
30 328
30 349
31 71
31 91
31 225
31 353
31 446
31 459
32 130
32 419
32 480
33 64
33 86
33 217
33 323
33 337
33 422
34 50
34 74
34 109
34 153
34 235
34 282
34 286
34 361
34 369
35 101
35 186
35 306
36 104
36 105
36 132
36 135
36 191
36 338
36 386
36 433
37 279
37 308
37 390
37 456
38 99
38 171
38 182
38 256
38 334
38 339
38 468
38 487
39 133
39 167
39 301
39 341
39 347
39 408
39 459
39 467
40 64
40 79
40 166
40 203
40 241
40 265
40 344
40 360
40 433
40 451
40 494
41 88
41 161
41 169
41 254
41 340
41 422
41 485
42 44
42 50
42 157
43 54
43 60
43 228
43 233
43 244
43 313
43 318
43 357
43 404
43 444
43 455
44 83
44 94
44 141
44 346
44 370
44 378
44 409
44 491
45 191
45 211
45 217
45 312
45 324
45 335
45 384
46 60
46 69
46 151
46 202
46 300
46 363
46 415
47 94
47 129
47 145
47 149
47 168
47 175
47 228
47 287
47 321
48 58
48 68
48 117
48 166
48 218
48 234
48 348
48 476
49 175
49 244
49 280
49 396
49 397
50 100
50 127
50 177
50 258
50 351
50 358
50 451
50 497
51 53
51 94
51 280
51 432
51 484
52 97
52 380
52 459
52 473
52 474
53 68
53 118
53 123
53 209
53 225
53 240
53 241
53 449
54 156
54 246
54 291
54 305
54 349
55 153
55 305
55 374
55 391
55 449
55 459
56 72
56 110
56 119
56 142
56 153
56 249
56 257
56 325
56 395
56 431
57 207
57 229
57 263
57 275
57 354
58 171
58 293
58 363
58 443
58 483
59 68
59 134
59 237
59 243
59 249
59 265
59 277
59 280
59 339
59 420
59 425
59 434
59 483
60 92
60 226
60 239
60 269
60 475
60 484
60 497
61 80
61 162
61 233
61 238
61 333
61 355
61 435
61 444
61 476
62 84
62 201
62 223
62 258
63 125
63 255
63 386
63 405
64 75
64 110
64 235
64 263
64 293
64 308
64 341
64 472
64 479
65 68
65 75
65 160
65 171
65 204
65 227
66 134
66 162
66 165
66 301
66 319
66 445
66 464
66 485
67 126
67 312
67 340
67 452
67 493
67 497
68 85
68 228
68 254
68 261
68 448
68 475
69 81
69 148
69 232
69 244
69 488
70 228
70 289
70 364
71 406
71 442
71 486
71 490
72 106
72 138
72 145
72 260
72 323
72 394
72 493
73 97
73 200
73 224
73 323
74 115
74 266
74 410
74 478
74 493
75 152
75 160
75 180
75 269
75 279
75 347
75 363
75 456
76 231
76 288
76 300
76 367
76 464
77 85
77 90
77 237
77 309
77 312
77 436
77 444
78 102
78 127
78 151
78 186
78 212
78 376
78 398
79 164
79 174
79 206
79 286
79 438
80 127
80 157
80 240
80 261
80 292
80 353
80 447
81 107
81 121
81 138
81 159
81 186
81 209
81 275
81 407
81 415
81 450
82 166
82 203
82 305
82 329
82 373
82 378
83 243
83 373
84 86
84 115
84 131
84 202
84 246
84 282
84 319
84 352
85 96
85 107
85 122
85 146
85 190
85 191
85 342
85 359
85 393
85 461
86 128
86 130
86 158
86 161
86 177
86 232
86 301
86 314
86 492
87 101
87 110
87 127
87 208
87 262
87 320
87 429
88 171
88 225
88 244
88 351
88 378
89 138
89 224
89 299
89 332
90 150
90 219
90 279
90 348
90 412
90 416
90 418
90 432
90 434
90 488
91 211
91 232
91 246
91 319
91 483
91 487
92 105
92 124
92 131
92 177
92 218
92 299
93 246
93 367
93 438
94 348
94 386
94 396
94 418
94 474
95 150
95 158
95 187
95 214
95 303
95 315
95 439
95 465
96 136
96 140
96 175
96 198
96 255
96 300
96 325
96 442
96 448
96 467
97 129
97 133
97 180
97 205
97 388
97 454
98 113
98 124
98 143
98 222
98 302
98 321
98 396
98 407
99 107
99 203
99 231
99 233
99 234
99 263
99 337
99 468
99 486
100 139
100 218
100 300
100 358
100 396
100 402
100 431
100 464
101 184
101 222
101 249
101 260
101 277
101 379
101 396
101 428
101 484
101 499
102 116
102 246
102 466
103 118
103 169
103 207
103 299
103 344
103 373
103 456
104 220
104 271
104 290
104 457
104 479
105 158
105 217
105 231
105 236
105 284
105 479
106 121
106 170
106 217
106 242
106 289
107 184
107 282
107 340
107 357
107 360
107 396
107 443
108 131
108 250
108 256
108 284
108 353
108 357
108 369
108 391
108 396
108 420
109 190
109 204
109 370
109 377
110 252
110 360
110 455
110 487
111 152
111 233
111 255
111 288
111 301
111 381
111 399
112 256
112 258
112 320
112 322
112 324
112 331
112 412
113 134
113 206
113 240
113 456
113 480
114 171
114 370
114 421
114 482
115 163
115 295
115 302
115 378
116 200
116 206
116 298
116 327
116 444
116 469
117 122
118 200
118 217
118 366
118 465
119 137
119 266
119 364
119 366
120 168
120 254
120 296
120 444
121 125
121 126
121 191
121 265
121 316
121 327
121 401
121 408
121 496
122 182
122 302
123 144
123 257
123 329
123 361
123 387
123 401
123 424
124 187
124 275
124 343
124 418
125 185
125 233
125 238
125 327
125 434
125 447
125 459
126 140
126 182
126 237
126 259
126 345
126 373
126 376
126 380
126 462
127 149
127 168
127 257
127 280
127 353
127 400
127 418
127 473
127 475
127 483
127 484
128 141
128 142
128 237
128 240
128 252
128 405
128 497
129 145
129 292
129 401
129 421
130 148
130 275
130 311
130 347
130 358
130 499
131 171
131 172
131 180
131 372
131 391
131 414
131 424
131 448
131 464
132 199
132 277
132 293
132 372
132 403
132 412
133 236
133 272
133 433
133 488
135 146
135 157
135 184
135 245
135 352
135 459
135 475
135 495
136 147
136 156
136 176
136 211
136 260
136 271
136 478
137 186
137 250
137 305
137 319
137 375
137 416
137 454
138 157
138 177
138 285
138 318
138 357
138 485
139 221
139 282
139 330
139 351
139 360
139 407
140 235
140 276
140 287
140 418
140 420
140 438
140 452
140 495
141 254
141 273
142 217
142 286
142 309
142 348
143 149
143 254
144 257
144 296
144 332
144 451
145 156
145 279
145 290
145 324
145 377
145 391
145 395
145 424
146 225
146 292
146 398
146 420
147 450
148 227
148 311
148 318
148 334
148 343
148 359
148 450
148 466
148 477
148 483
149 274
149 278
149 459
150 176
150 224
150 244
150 327
150 409
150 458
151 288
151 303
151 410
151 433
152 263
152 268
152 275
152 424
152 432
152 441
152 479
153 264
153 306
153 456
154 235
154 241
154 290
154 302
154 352
154 403
155 157
155 177
155 306
155 395
155 407
155 499
156 203
156 245
156 292
156 322
156 338
156 432
156 497
157 219
157 237
157 280
157 340
157 460
157 498
158 204
158 217
158 281
158 394
158 477
158 479
158 497
159 175
159 227
159 415
159 428
159 465
160 161
160 173
161 270
161 350
161 490
162 364
162 368
163 267
163 319
163 324
163 443
164 206
164 282
164 302
164 370
164 446
164 485
165 186
165 411
165 416
165 458
166 187
166 235
167 414
167 430
167 474
167 496
168 393
168 484
168 490
169 199
169 267
169 290
169 293
169 432
169 498
170 250
170 269
170 304
171 232
171 373
171 466
171 474
172 225
172 308
172 337
172 349
172 454
173 175
173 186
174 175
174 201
174 220
174 288
174 316
174 389
175 420
175 477
176 245
176 272
176 317
176 329
176 357
176 415
176 450
176 460
176 485
177 232
177 243
177 329
177 354
177 381
177 429
177 438
177 485
177 489
178 210
178 333
178 499
179 193
179 225
179 292
179 419
179 448
179 491
180 205
180 227
180 303
180 307
180 376
180 379
180 390
180 423
181 228
181 312
181 321
181 346
181 355
181 381
182 194
182 256
182 325
182 326
182 352
182 403
182 422
182 466
182 479
183 213
183 248
183 357
183 369
183 452
183 464
183 479
184 293
184 345
184 370
184 382
184 434
184 495
185 189
185 204
185 267
185 324
185 330
185 394
185 415
185 450
186 342
186 423
186 456
186 482
187 206
187 239
187 404
187 480
187 485
188 238
188 242
188 281
188 415
188 456
189 234
189 262
189 349
189 357
189 360
189 368
189 476
190 275
190 385
191 217
191 274
191 303
191 476
192 273
192 403
192 424
192 490
193 205
193 215
193 426
193 490
194 330
194 419
194 471
195 225
195 411
195 447
196 232
196 246
196 273
196 464
196 465
196 475
196 483
197 198
197 208
197 219
197 254
197 301
197 336
197 412
197 416
198 280
198 358
198 479
199 225
199 365
199 369
199 494
200 260
200 278
200 299
200 324
200 334
200 363
200 369
200 373
200 495
201 242
201 266
201 442
201 448
201 465
202 234
202 243
202 270
202 327
202 376
202 381
203 214
203 235
203 288
203 378
203 410
203 473
203 493
204 255
204 305
204 314
204 357
204 375
204 454
204 472
205 298
205 325
205 360
206 427
206 476
206 488
207 209
207 342
207 437
207 498
208 271
209 225
209 412
209 467
210 260
210 338
210 345
210 354
210 366
211 299
211 364
211 433
212 252
212 287
212 301
212 343
212 385
212 429
212 445
213 475
214 230
214 327
214 389
214 440
214 448
214 489
215 266
215 392
215 404
215 485
215 487
216 257
216 291
216 415
216 451
217 266
217 361
217 404
217 461
217 470
218 308
218 321
218 370
219 248
219 249
219 289
219 298
219 362
219 374
219 448
219 463
220 265
220 332
220 467
220 488
221 233
221 252
221 345
221 447
221 471
221 480
222 286
222 319
222 347
222 350
223 364
223 388
223 483
224 229
224 275
224 290
224 297
224 438
224 479
225 382
225 430
225 454
225 459
226 234
226 239
226 279
226 299
226 322
226 373
226 454
226 461
227 310
228 303
228 355
228 457
228 461
228 475
228 490
229 279
229 317
229 377
229 486
229 487
230 343
230 353
230 487
231 356
231 362
231 370
232 261
232 327
232 346
232 450
233 237
233 241
233 302
233 354
234 235
234 293
234 360
234 449
234 466
234 490
235 288
235 304
235 310
236 279
236 356
236 377
236 399
236 412
236 431
237 261
237 287
237 320
237 394
237 396
237 455
238 301
239 273
239 327
239 345
239 357
239 421
239 444
239 480
240 493
241 252
241 305
241 378
241 388
241 399
241 413
241 464
242 296
242 301
242 318
242 346
242 390
242 419
242 445
242 492
243 254
243 367
243 467
244 303
244 398
244 473
245 267
245 315
245 329
245 342
245 390
245 409
245 413
245 416
245 432
246 308
246 351
246 464
247 311
247 318
247 335
247 471
248 359
248 378
248 399
248 454
249 334
249 369
249 393
249 398
250 366
250 389
250 475
251 393
251 400
251 458
251 461
251 476
252 263
252 306
252 331
252 348
252 457
253 260
253 285
253 302
253 319
253 330
253 333
253 358
253 385
254 286
254 300
254 311
254 368
254 447
254 483
255 313
255 338
255 349
256 274
256 278
256 440
256 456
257 337
257 355
257 373
257 476
258 499
259 347
259 370
259 423
259 428
260 386
260 473
261 303
261 314
262 341
262 369
262 422
262 432
263 344
263 451
264 314
264 385
264 465
265 374
265 419
265 465
266 354
266 367
266 407
266 433
266 456
267 273
267 405
267 435
267 460
267 492
268 275
268 349
268 449
268 463
269 449
270 307
270 311
270 334
270 383
271 346
271 403
271 446
272 294
272 326
272 429
272 487
273 328
273 356
273 359
273 491
274 331
274 347
274 460
274 486
275 414
275 468
276 391
276 393
276 455
276 489
278 345
278 366
278 405
278 454
279 293
279 310
279 314
279 321
279 429
279 471
280 418
281 333
281 462
281 468
282 302
282 314
282 437
282 466
282 474
283 344
283 387
283 482
283 489
284 313
284 350
284 360
285 422
286 433
287 448
287 465
287 493
287 496
288 366
289 326
289 479
289 492
290 340
290 365
290 398
290 425
291 312
291 368
291 397
291 454
291 496
292 378
292 393
292 455
292 480
292 484
293 312
293 324
293 341
293 408
293 429
293 449
294 295
294 319
294 360
294 454
295 330
295 332
295 417
295 468
296 492
297 372
298 373
298 446
299 312
299 319
299 380
299 401
299 430
299 496
300 389
301 332
302 319
302 347
302 362
302 391
303 355
303 407
303 481
304 374
304 380
304 399
304 400
304 432
304 457
304 468
305 358
305 372
305 435
305 446
306 421
306 467
306 469
307 319
307 379
308 311
308 356
308 368
308 374
309 328
309 370
309 490
310 362
310 473
311 318
311 489
312 365
312 492
313 337
314 329
314 390
315 335
315 360
316 401
317 365
317 414
317 450
317 466
318 364
318 397
318 413
319 440
319 456
319 490
320 345
320 361
320 397
320 410
320 446
321 345
321 398
321 435
321 475
322 325
322 476
323 338
323 410
324 414
324 449
324 493
325 327
325 364
325 499
326 367
326 370
327 387
327 405
327 428
328 412
328 468
330 401
330 453
331 388
331 426
331 437
332 333
332 451
333 354
333 371
333 382
333 388
333 408
333 417
334 358
334 372
334 406
334 448
334 486
335 350
335 353
335 370
335 391
335 423
335 426
335 453
336 345
336 347
336 413
336 452
336 478
336 499
337 373
337 381
338 384
338 431
338 480
340 369
340 435
340 478
341 386
341 487
342 352
342 420
342 441
343 402
343 461
343 474
344 354
344 432
344 472
345 382
345 384
345 420
345 426
346 429
346 458
347 368
347 397
347 400
347 412
348 408
348 473
348 495
349 381
350 368
352 496
353 391
353 420
353 433
353 463
354 414
354 472
355 396
356 366
357 366
357 469
358 391
358 400
358 412
358 480
359 442
359 472
360 370
360 433
360 467
361 381
361 434
361 475
361 485
363 382
364 439
365 405
365 418
365 462
366 377
366 488
367 474
368 443
368 485
369 431
370 378
370 464
371 488
372 423
372 452
373 489
374 441
374 469
374 472
375 436
375 489
377 434
378 488
379 446
379 461
380 416
382 396
382 481
383 397
383 399
383 491
383 492
384 400
384 445
386 393
386 439
389 429
391 447
392 486
394 494
394 496
395 399
395 441
395 460
396 412
396 415
396 424
397 482
399 425
399 482
400 417
400 433
402 405
402 426
402 437
402 496
403 470
405 428
405 481
406 496
408 491
412 429
412 463
412 465
412 483
413 415
413 499
415 461
415 476
416 420
416 426
417 423
417 496
418 446
418 451
419 448
420 423
420 461
421 436
424 435
424 478
425 437
425 452
425 462
426 489
427 435
427 452
429 450
431 446
433 471
433 479
435 437
435 498
437 472
438 471
441 459
442 482
443 481
445 465
445 499
446 469
447 486
449 460
450 457
451 499
453 469
455 474
456 496
457 477
457 493
459 470
470 499
471 472
471 476
471 488
471 495
480 493
482 487
482 492
482 496
483 487
484 488
