0
500
2489
0
1
0
0 24
0 38
0 61
0 106
0 185
0 195
0 271
0 274
0 357
0 359
0 485
1 8
1 85
1 113
1 116
1 206
1 230
1 269
1 320
1 359
1 440
2 64
2 178
2 187
2 235
2 320
2 376
2 387
3 48
3 92
3 184
3 231
3 323
3 335
3 344
3 409
3 413
3 420
3 498
4 68
4 130
4 169
4 283
4 335
4 399
5 234
5 316
5 359
5 381
5 424
6 29
6 94
6 114
6 162
6 204
6 223
6 274
6 287
6 309
6 389
6 411
6 475
7 63
7 75
7 101
7 112
7 116
7 125
7 163
7 345
7 468
7 483
8 31
8 136
8 225
8 233
8 376
8 442
8 489
9 20
9 58
9 132
9 175
9 182
9 195
9 221
9 252
9 267
9 270
9 351
9 377
9 388
9 397
9 412
9 451
9 479
10 61
10 81
10 90
10 114
10 198
10 245
10 325
10 387
10 433
10 436
10 440
10 495
11 70
11 148
11 282
11 325
11 335
11 431
11 445
12 35
12 36
12 93
12 272
12 301
12 374
12 448
12 450
12 471
12 494
13 161
13 232
13 324
14 35
14 41
14 156
14 312
14 334
14 378
14 393
14 438
15 92
15 105
15 163
15 173
15 196
15 215
15 385
15 427
15 483
15 495
16 75
16 93
16 103
16 117
16 237
16 244
16 314
16 336
16 356
16 376
16 384
16 391
16 424
16 427
16 468
16 491
17 116
17 145
17 188
17 192
17 272
17 317
17 376
17 469
18 20
18 104
18 187
18 195
18 235
18 260
18 289
18 307
18 371
18 381
18 391
18 413
18 435
18 456
19 29
19 46
19 62
19 90
19 112
19 124
19 159
19 252
19 287
19 324
19 428
20 52
20 59
20 159
20 188
20 198
20 260
20 262
20 283
20 284
20 402
21 123
21 136
21 258
21 372
21 394
21 410
21 443
22 54
22 88
22 284
22 310
22 317
22 362
22 415
22 422
22 426
22 461
22 474
23 84
23 156
23 186
23 279
23 335
23 372
23 494
24 40
24 69
24 112
24 117
24 139
24 160
24 234
24 243
24 477
25 101
25 171
25 189
25 197
25 218
25 245
25 274
25 349
25 494
26 106
26 115
26 137
26 234
26 341
26 434
26 461
27 171
27 372
28 54
28 70
28 115
28 125
28 127
28 321
28 357
28 378
28 406
29 111
29 299
29 342
29 418
29 466
29 490
29 498
30 153
30 451
30 490
31 157
31 164
31 171
31 234
31 297
31 311
31 419
32 93
32 173
32 235
32 260
32 261
32 356
32 379
32 409
33 203
33 301
33 312
33 342
33 377
33 435
33 438
34 97
34 123
34 134
34 176
34 250
34 285
34 351
34 448
34 468
35 81
35 182
35 187
35 200
35 273
35 302
35 338
36 51
36 164
36 177
36 280
36 299
36 329
36 338
36 348
36 382
36 429
37 161
37 195
37 198
37 248
37 277
37 305
37 380
37 405
37 425
38 118
38 121
38 144
38 189
38 228
38 254
38 289
38 296
38 353
38 382
38 392
38 408
39 84
39 220
39 309
39 345
39 365
39 497
40 51
40 87
40 185
40 195
40 285
40 297
40 358
40 378
40 402
40 404
40 438
40 443
41 46
41 59
41 93
41 191
41 221
41 227
41 233
41 283
41 303
41 339
41 364
41 422
41 478
41 479
42 62
42 101
42 123
42 206
42 312
42 387
42 404
42 417
42 450
42 475
42 494
43 184
43 249
43 359
43 486
44 55
44 97
44 116
44 139
44 158
44 236
44 351
44 435
44 466
44 481
45 61
45 156
45 190
45 257
45 306
45 324
45 341
45 370
45 394
45 399
45 471
45 476
46 111
46 133
46 134
46 345
47 109
47 145
47 176
47 180
47 295
47 333
47 449
48 146
48 147
48 270
48 305
48 408
48 409
48 426
48 443
48 470
48 480
49 71
49 142
49 202
49 232
49 234
49 401
49 436
50 87
50 193
50 217
50 230
50 251
50 277
50 333
50 375
50 398
50 402
50 416
50 499
51 75
51 89
51 160
51 208
51 281
51 394
51 411
51 416
51 435
52 100
52 144
52 207
52 214
52 277
52 344
52 379
52 380
52 420
52 475
52 486
53 56
53 193
53 276
53 316
53 433
53 441
54 112
54 141
54 175
54 300
54 328
54 348
54 447
54 462
55 110
55 152
55 175
55 242
55 275
55 328
55 360
55 390
55 418
55 454
56 59
56 74
56 123
56 203
56 204
56 267
56 288
56 305
56 328
56 344
56 373
56 475
57 115
57 236
57 290
57 324
57 338
57 348
57 419
58 115
58 226
58 246
58 285
58 293
58 300
58 398
58 411
58 447
58 463
59 99
59 114
59 133
59 165
59 177
59 217
59 230
59 232
59 319
59 356
59 399
59 418
59 441
59 497
59 498
60 70
60 72
60 102
60 118
60 125
60 137
60 160
60 196
60 246
60 273
60 299
60 339
60 402
60 434
61 147
61 148
61 187
61 247
61 252
61 275
61 278
61 451
61 466
61 477
61 490
62 87
62 122
62 224
62 294
62 341
62 383
62 398
62 457
63 86
63 232
63 318
63 339
63 418
63 441
64 126
64 146
64 154
64 157
64 216
64 228
64 237
64 248
64 345
64 381
64 432
64 440
64 460
64 463
64 471
64 482
65 123
65 127
65 160
65 402
66 124
66 166
66 221
66 249
66 252
66 303
66 328
66 336
66 346
66 422
66 427
67 87
67 169
67 178
67 179
67 238
67 263
67 287
67 314
67 356
67 420
67 467
67 472
68 106
68 265
68 365
68 376
68 377
68 430
68 463
68 497
69 181
69 298
69 338
69 374
69 413
69 450
69 476
70 103
70 109
70 156
70 167
70 187
70 333
70 445
70 471
70 491
71 90
71 111
71 112
71 280
71 292
71 337
71 379
71 413
71 419
71 486
71 495
72 91
72 120
72 167
72 212
72 232
72 420
72 442
72 490
73 74
73 208
73 385
73 469
74 168
74 266
74 286
74 303
74 305
74 335
74 371
74 454
74 460
75 139
75 140
75 143
75 252
75 321
75 386
75 400
75 411
75 434
75 439
75 442
75 486
75 493
76 110
76 142
76 146
76 202
76 328
76 377
76 390
76 438
76 465
77 93
77 133
77 145
77 233
77 238
77 246
77 268
77 286
77 312
77 328
77 360
77 420
78 118
78 169
78 254
78 305
78 313
78 339
78 363
78 412
78 465
79 109
79 140
79 152
79 154
79 181
79 259
79 296
79 366
79 381
79 399
79 443
79 445
79 471
79 489
80 126
80 253
80 427
81 108
81 161
81 185
81 191
81 231
81 272
81 286
81 318
81 321
81 377
81 398
81 442
81 480
81 487
81 495
82 99
82 260
82 270
82 288
82 291
82 322
82 339
82 459
82 462
83 156
83 174
83 210
83 233
83 332
83 349
83 464
83 479
84 90
84 97
84 98
84 135
84 167
84 232
84 264
84 321
84 366
84 428
85 97
85 179
85 253
85 323
85 363
85 400
85 417
85 459
85 474
86 91
86 118
86 119
86 120
86 122
86 198
86 291
86 417
87 88
87 109
87 115
87 168
87 170
87 218
87 372
87 384
87 411
87 423
87 471
88 105
88 148
88 203
88 286
88 313
88 314
88 317
88 348
88 436
88 478
88 489
89 118
89 169
89 185
89 189
89 256
89 343
89 368
89 382
89 393
89 394
89 416
89 427
89 468
89 475
90 102
90 140
90 258
90 286
90 289
90 323
90 329
90 340
91 96
91 203
91 219
91 290
91 395
91 464
92 175
92 244
92 289
92 433
93 135
93 145
93 237
93 262
93 324
93 375
93 376
93 381
93 408
93 415
93 459
94 177
94 297
94 298
94 321
94 376
94 380
95 100
95 123
95 142
95 190
95 231
95 259
95 262
95 400
95 416
96 243
96 256
96 327
96 338
96 376
96 378
96 414
96 471
97 110
97 177
97 198
97 213
97 269
97 476
98 119
98 126
98 208
98 232
98 318
98 356
98 442
98 447
98 456
99 104
99 173
99 180
99 221
99 227
99 254
99 306
99 397
99 408
99 445
99 457
99 472
99 479
100 121
100 166
100 180
100 299
100 393
100 432
101 115
101 116
101 117
101 168
101 209
101 298
101 324
101 338
101 375
101 404
101 417
101 457
102 173
102 255
102 263
102 278
102 319
102 403
102 424
102 460
103 123
103 219
103 283
103 286
103 302
103 320
103 404
103 416
103 420
104 132
104 170
104 188
104 228
104 381
104 418
104 490
105 116
105 133
105 169
105 247
105 249
106 133
106 157
106 217
106 245
106 251
106 259
106 344
106 391
106 481
107 180
107 199
107 238
107 303
107 412
107 449
107 458
107 482
108 112
108 170
108 200
108 301
108 331
108 332
108 340
108 352
108 370
108 404
108 430
108 449
108 470
108 473
109 264
109 288
109 408
109 448
109 487
110 145
110 245
110 384
110 388
111 228
111 249
111 262
111 301
111 318
111 419
111 455
112 187
112 256
112 344
112 346
112 371
112 442
112 451
113 184
113 210
113 226
113 254
113 284
113 359
113 403
113 411
113 437
113 465
113 468
114 154
114 299
114 351
114 381
114 416
114 467
115 158
115 177
115 244
115 365
115 394
115 411
116 229
116 268
116 371
116 377
116 409
116 448
116 491
117 214
117 239
117 273
117 429
117 435
117 456
118 129
118 189
118 207
118 259
118 323
118 455
119 163
119 212
119 247
119 290
119 485
120 176
120 261
120 283
120 289
120 300
120 323
120 473
121 205
121 334
121 348
121 417
121 418
121 472
122 153
122 169
122 211
122 248
122 294
122 401
123 129
123 134
123 215
123 227
123 233
123 245
123 247
123 255
123 258
123 275
123 278
123 327
123 376
123 420
123 482
124 255
124 272
124 387
124 408
124 453
125 291
125 375
125 425
125 429
125 453
126 133
126 199
126 233
126 274
126 360
126 387
126 473
127 138
127 141
127 160
127 267
128 133
128 153
128 269
128 307
128 343
128 377
128 393
128 410
128 420
128 459
128 487
129 162
129 183
129 201
129 259
129 275
129 323
129 393
129 401
130 168
130 243
130 244
130 276
130 467
130 491
131 198
131 224
131 280
131 370
131 385
131 387
131 392
131 401
131 453
132 392
132 417
132 446
132 461
133 183
133 241
133 247
133 253
133 322
133 328
133 368
133 411
133 412
133 468
133 476
134 164
134 172
134 207
134 217
135 150
135 157
135 239
135 339
136 150
136 188
136 198
136 203
136 249
136 384
136 459
137 172
137 173
137 317
137 346
137 398
137 408
138 142
138 213
138 281
138 313
138 401
138 428
139 187
139 205
139 232
139 237
140 168
140 209
140 249
140 264
140 294
140 304
140 363
140 441
140 445
140 467
141 378
141 404
142 169
142 277
142 304
142 427
142 477
143 172
143 272
143 364
143 444
143 449
143 490
144 163
144 167
144 209
144 237
144 240
144 258
144 407
144 419
145 244
145 485
146 152
146 177
146 182
146 236
146 335
146 344
146 348
146 372
146 375
146 472
147 206
147 212
147 228
147 326
147 360
148 214
148 280
148 356
148 362
148 382
148 444
149 168
149 183
149 206
149 242
149 249
149 263
149 300
149 378
150 286
150 308
150 336
150 339
150 437
150 488
150 496
151 155
151 213
151 246
151 365
151 404
151 422
151 432
152 226
152 243
152 251
152 293
152 322
152 476
152 493
153 158
153 195
153 298
153 364
154 194
154 214
154 218
154 259
154 260
154 268
154 300
154 323
154 339
154 384
154 408
154 436
154 461
155 267
155 274
155 294
155 320
155 337
155 409
155 498
156 259
156 280
156 296
156 325
156 431
156 449
157 169
157 181
157 287
157 296
157 404
157 436
158 172
158 181
158 287
158 302
158 403
158 412
158 419
158 448
159 216
159 273
159 328
159 346
159 465
160 191
160 219
160 419
161 184
161 246
161 250
161 267
161 310
161 313
161 318
161 436
162 173
162 188
162 328
162 365
162 443
163 169
163 223
163 296
163 318
163 376
163 437
164 205
164 329
164 401
164 471
165 300
165 350
165 395
165 424
166 182
166 187
166 316
166 405
166 445
166 452
166 464
167 189
167 196
167 197
167 251
167 276
167 285
167 330
167 406
167 410
167 418
167 453
168 190
168 214
168 242
168 245
168 250
168 279
168 353
168 411
169 284
169 392
169 425
170 181
170 229
170 243
170 307
170 308
170 342
170 367
170 384
170 416
170 493
170 496
171 268
171 279
171 287
171 343
171 368
171 424
171 444
171 467
172 213
172 247
172 248
172 293
172 437
173 192
173 224
173 230
173 490
174 188
174 265
174 318
174 383
174 418
174 488
175 239
175 272
175 320
175 380
175 406
175 428
175 441
176 185
176 218
176 273
176 300
176 379
176 381
176 450
177 326
177 371
177 451
177 466
177 487
178 189
178 190
178 252
178 266
178 301
178 321
178 464
179 262
179 322
179 364
179 386
179 445
179 465
180 181
180 288
180 391
180 456
180 467
181 188
181 317
181 397
181 404
181 429
181 449
182 221
182 267
182 327
182 369
182 449
182 494
182 498
183 209
183 315
183 448
183 493
184 245
184 247
184 255
184 304
184 401
184 409
184 462
184 472
184 489
185 239
185 243
185 277
185 393
186 230
186 273
186 327
186 361
186 453
186 471
186 472
187 193
187 309
187 310
187 329
187 356
187 416
187 465
187 466
187 490
187 495
188 297
188 318
188 431
189 258
189 267
189 317
189 355
189 357
189 397
189 425
189 428
189 439
190 220
190 254
190 305
190 369
190 377
190 419
191 221
191 240
191 249
191 277
191 298
191 319
191 333
191 352
191 390
191 414
191 440
192 230
192 259
192 279
192 341
192 432
192 456
193 240
193 242
193 261
193 293
193 328
193 354
193 366
193 385
193 398
194 220
194 237
194 241
194 324
194 336
194 339
194 407
194 413
194 416
194 420
194 434
194 471
195 225
195 344
195 463
196 272
196 274
196 349
196 397
196 450
196 461
197 396
197 460
197 477
198 240
198 384
198 489
199 224
199 260
199 285
199 296
199 324
199 327
199 383
200 206
200 284
200 310
200 380
200 417
200 445
200 448
200 461
200 495
201 204
201 337
201 441
201 455
201 471
201 482
202 241
202 256
202 319
202 341
202 348
203 210
203 220
203 235
203 425
203 427
203 498
204 215
204 253
204 340
204 365
204 380
204 394
204 395
204 438
204 470
205 379
205 448
205 497
206 275
206 316
206 318
206 360
206 411
206 422
206 450
206 484
206 490
207 233
207 235
207 244
207 261
207 264
207 288
207 305
207 429
207 440
207 442
207 486
208 272
208 308
208 368
208 371
208 431
208 494
209 295
209 314
209 332
209 336
209 384
210 253
210 264
210 294
210 447
210 463
211 217
211 242
211 255
211 289
211 358
211 363
211 374
211 433
212 271
212 303
212 393
212 404
212 416
213 216
213 316
213 336
213 351
213 398
213 418
214 270
214 323
215 270
215 318
215 328
215 346
215 349
215 454
215 478
216 233
216 261
216 264
216 282
216 304
216 318
216 365
216 388
216 407
216 417
216 459
216 470
217 289
217 330
217 420
218 455
218 457
219 264
219 322
219 331
219 333
219 351
219 380
219 401
220 264
220 293
220 396
220 397
220 448
220 466
221 247
221 446
221 451
221 469
222 235
222 319
222 356
222 383
222 486
223 228
223 242
223 259
223 263
223 285
223 367
223 375
223 389
223 400
223 423
223 499
224 248
224 266
224 440
225 298
225 334
225 351
225 468
226 254
226 294
226 296
226 326
226 345
226 437
226 460
226 464
226 466
226 480
227 307
227 392
227 397
227 412
228 272
228 283
228 293
228 388
228 395
228 453
228 467
228 488
229 293
229 338
229 386
229 396
229 453
230 414
230 464
231 309
231 423
231 431
231 470
232 246
232 315
232 343
232 346
232 390
233 332
234 242
234 343
235 362
235 370
235 391
235 439
235 452
235 457
235 471
236 266
236 298
236 304
237 297
237 314
237 322
237 330
237 334
237 401
237 404
237 441
237 447
237 492
238 277
238 295
238 334
238 345
238 367
238 430
239 240
239 303
239 460
239 483
240 347
240 357
240 384
240 396
240 456
240 497
241 301
241 306
241 348
241 370
241 456
241 498
242 336
242 342
242 348
242 438
243 248
243 293
243 312
243 440
244 286
244 370
244 389
244 477
244 496
245 299
245 350
245 387
245 415
245 439
246 286
246 340
246 365
246 367
246 410
246 494
247 254
247 382
247 384
248 258
248 300
248 430
248 434
248 474
249 286
249 288
249 321
249 401
249 441
250 267
250 271
250 303
250 353
250 459
251 278
251 330
252 282
252 434
252 474
252 496
253 349
253 369
253 414
253 425
253 471
254 301
254 334
254 381
254 382
254 447
254 458
255 259
255 343
255 381
255 424
256 296
256 298
257 261
257 358
257 395
258 270
258 302
258 308
258 316
258 346
258 348
258 359
258 365
258 375
259 274
259 275
259 301
259 344
259 361
259 363
259 378
259 393
259 492
260 299
260 351
260 434
260 461
261 316
261 348
261 422
261 486
262 265
262 290
262 330
262 389
262 455
262 483
263 266
263 305
263 323
263 386
263 453
264 269
264 281
264 462
265 287
265 308
265 327
265 337
266 288
266 311
266 389
266 424
266 479
267 268
267 296
267 299
267 468
267 495
268 283
268 377
268 404
268 436
269 324
269 339
269 442
270 286
270 343
270 363
271 303
271 321
271 357
271 401
271 402
271 455
271 479
271 499
272 385
272 488
273 286
273 298
273 320
273 371
274 276
274 284
274 378
275 284
275 317
275 368
276 334
276 360
276 394
276 433
276 450
276 459
276 483
277 398
278 310
278 337
278 350
278 366
278 470
278 472
279 306
279 403
279 416
279 441
280 284
280 301
280 340
280 425
280 449
280 466
281 338
281 368
282 450
283 284
283 340
283 376
283 392
283 459
283 497
284 293
284 299
284 304
284 418
284 442
284 460
284 474
284 484
285 387
285 390
285 486
285 488
286 439
286 481
287 326
287 386
287 456
287 461
287 463
288 294
288 432
288 465
288 484
289 387
290 337
290 389
290 390
290 453
290 466
291 314
291 325
291 465
292 322
292 342
292 352
292 364
292 390
293 327
293 333
294 351
294 384
294 416
295 333
295 334
295 404
295 418
295 478
295 496
296 332
296 354
296 415
296 424
296 429
296 444
297 305
297 336
297 489
298 351
298 417
298 419
299 317
299 329
299 340
299 425
299 452
299 457
300 362
300 448
301 323
301 366
301 393
301 400
302 386
302 442
302 481
303 328
303 395
303 402
303 421
303 422
303 427
304 382
304 397
304 441
305 325
305 359
305 413
305 471
306 331
306 346
306 357
306 400
306 433
306 465
306 490
307 335
307 355
307 394
307 453
308 314
308 323
308 358
308 380
308 468
308 495
309 313
309 318
309 412
309 419
310 497
311 364
311 399
311 429
312 410
313 343
313 363
313 395
313 491
313 496
314 367
314 374
314 434
314 441
314 484
315 321
315 338
315 420
315 438
315 498
316 379
316 414
317 356
317 380
318 328
318 373
318 380
318 410
318 452
319 338
319 371
319 488
320 366
320 377
320 384
320 444
320 486
321 434
322 351
322 372
322 395
322 397
322 459
322 485
323 324
323 326
323 342
323 352
323 360
323 377
324 328
324 351
324 426
324 436
325 385
325 413
325 416
325 443
326 408
326 412
326 418
326 442
327 330
327 352
327 426
328 339
328 390
328 471
329 364
329 368
329 461
329 467
330 390
330 413
331 364
331 379
331 418
332 333
332 348
332 409
332 423
332 451
332 484
332 486
333 344
333 402
334 438
334 459
335 391
335 401
335 454
336 383
336 394
336 452
336 495
337 351
338 374
339 433
339 461
340 360
340 372
340 395
340 465
340 484
341 343
341 447
343 356
343 447
343 481
344 376
344 399
344 412
345 354
345 374
345 386
345 419
346 348
346 488
347 422
348 488
349 368
349 387
349 416
349 459
350 430
350 443
350 457
351 390
351 406
351 451
351 469
351 489
353 391
353 466
353 468
353 483
353 495
354 376
354 402
354 496
355 372
355 391
355 396
355 409
355 473
355 490
355 491
356 397
356 454
357 382
357 415
357 451
358 364
358 387
358 444
359 428
359 443
360 438
360 456
360 490
360 496
361 404
361 414
361 420
361 472
361 481
361 485
362 374
362 427
362 428
362 462
362 490
362 493
363 448
363 452
363 494
365 455
365 457
366 382
366 388
366 390
366 436
366 470
366 473
366 481
367 388
367 394
367 453
367 462
367 475
368 417
368 424
368 478
369 494
370 425
370 496
371 388
371 434
371 469
372 418
372 464
373 477
374 377
374 434
375 381
375 391
375 401
375 439
375 456
375 465
375 477
376 458
376 487
377 393
377 396
377 430
377 436
377 454
378 396
378 405
378 486
379 386
379 417
379 451
379 481
380 451
380 499
381 384
381 430
381 462
382 444
382 477
383 408
383 456
384 425
384 441
384 485
385 411
385 437
385 456
386 449
386 497
387 407
387 417
387 490
388 487
389 487
390 426
390 450
390 489
391 401
391 426
392 479
394 443
396 398
396 432
396 495
397 399
398 419
398 480
398 481
399 442
399 492
400 498
401 422
401 427
401 438
401 477
402 438
402 453
402 489
403 412
403 427
404 415
404 447
405 440
405 449
405 493
406 412
407 413
407 479
407 484
408 418
408 423
408 477
408 484
409 435
410 461
411 439
412 416
412 418
412 420
413 435
413 443
413 470
414 466
414 483
415 424
415 451
416 452
416 482
417 438
419 478
421 426
421 443
421 471
422 448
422 479
422 484
424 434
424 448
424 465
424 479
426 447
426 465
426 471
427 495
428 480
429 430
429 449
430 467
430 475
430 492
431 458
431 483
431 492
432 498
433 455
433 494
434 452
436 470
437 479
437 493
438 462
438 467
440 461
440 495
442 465
443 460
446 485
449 485
449 492
450 466
450 470
450 473
452 453
452 477
456 474
456 486
460 481
461 473
463 470
463 494
464 474
464 488
465 484
467 496
468 472
468 476
469 476
471 495
472 499
474 487
477 479
478 499
479 487
482 493
491 496
