0
500
2349
0
1
0
0 5
0 64
0 109
0 231
0 276
0 373
0 388
0 395
0 399
1 44
1 54
1 110
1 157
1 271
1 339
1 424
1 433
1 440
1 484
1 489
2 6
2 52
2 180
2 211
2 212
2 356
2 381
2 407
3 48
3 113
3 234
3 474
3 476
3 489
4 62
4 104
4 204
4 239
4 318
4 328
4 354
4 355
4 394
4 471
5 62
5 171
5 201
5 205
5 308
5 369
5 393
5 434
5 443
6 64
6 113
6 130
6 131
6 142
6 288
6 375
7 71
7 113
7 152
7 193
7 204
7 240
7 248
7 323
7 426
7 428
8 23
8 163
8 232
8 242
8 327
8 375
8 389
8 396
8 400
8 430
8 477
8 485
8 491
9 44
9 101
9 291
9 292
9 359
9 400
9 430
9 441
10 107
10 163
10 232
10 243
10 481
11 84
11 116
11 159
11 288
11 301
11 322
11 342
11 430
11 476
12 46
12 90
12 126
12 177
12 265
12 298
12 324
12 391
12 420
12 443
13 125
13 209
13 273
13 275
13 320
13 395
13 459
14 17
14 82
14 90
14 128
14 152
14 249
14 323
14 330
14 349
14 442
14 460
14 469
15 25
15 327
15 334
15 398
15 411
15 413
16 34
16 201
16 252
16 260
16 276
16 288
16 290
16 291
16 298
16 327
16 338
16 371
16 374
16 401
16 462
16 469
16 498
17 169
17 216
17 376
17 430
17 473
18 220
18 224
18 262
18 266
18 339
18 361
18 388
19 85
19 260
19 320
19 343
19 353
19 358
19 428
19 432
19 488
20 55
20 96
20 101
20 125
20 142
20 251
20 293
20 328
20 339
20 364
20 388
20 483
21 90
21 162
21 307
21 310
21 371
21 412
21 434
21 438
21 445
21 480
22 48
22 286
22 324
22 327
22 428
22 432
22 451
23 84
23 89
23 229
23 253
23 308
23 321
23 330
23 428
23 435
24 91
24 149
24 226
24 299
24 396
24 409
24 443
24 470
25 39
25 53
25 128
25 228
25 274
25 330
25 370
25 406
25 461
25 493
26 48
26 51
26 76
26 123
26 131
26 190
26 237
26 344
26 360
26 399
26 401
26 414
27 32
27 84
27 116
27 166
27 269
27 299
27 307
27 308
27 325
27 353
27 415
27 423
27 499
28 60
28 81
28 111
28 124
28 149
28 167
28 246
28 247
28 253
28 356
28 383
28 394
28 452
29 115
29 138
29 172
29 199
29 206
29 214
29 228
29 274
29 318
29 336
29 373
29 448
30 35
30 49
30 97
30 201
30 211
30 218
30 263
30 267
30 268
30 279
30 289
30 300
30 336
30 341
30 357
30 404
31 48
31 157
31 162
31 168
31 249
31 278
31 327
31 382
31 435
32 119
32 132
32 261
32 310
32 442
33 82
33 108
33 185
33 295
33 312
33 345
33 353
33 474
34 80
34 120
34 190
34 377
34 461
34 480
34 486
35 243
35 266
35 296
35 315
35 387
35 473
36 72
36 105
36 159
36 312
36 318
36 364
36 387
36 437
36 455
36 497
37 82
37 115
37 260
37 290
37 314
37 424
37 489
38 154
38 247
38 291
38 398
38 417
39 83
39 98
39 142
39 368
39 375
39 381
39 392
39 421
40 55
40 193
40 217
40 235
40 317
40 403
40 435
41 98
41 106
41 115
41 136
41 165
41 223
41 492
42 78
42 99
42 157
42 314
42 319
42 351
42 427
42 481
43 115
43 119
43 133
43 188
43 287
43 304
43 319
43 346
43 371
43 385
43 398
43 458
43 485
44 71
44 81
44 104
44 129
44 205
44 212
44 282
44 392
44 493
45 82
45 93
45 147
45 336
45 364
45 389
45 454
46 118
46 232
46 318
46 342
46 446
46 492
47 113
47 122
47 153
47 341
47 488
48 117
48 252
48 286
48 433
49 68
49 107
49 108
49 137
49 185
49 354
49 474
50 68
50 73
50 90
50 129
50 141
50 246
50 256
50 316
50 486
51 123
51 152
51 188
51 240
51 296
51 404
51 437
52 82
52 87
52 191
52 207
52 428
52 458
52 485
53 123
53 276
53 286
53 395
53 434
53 447
54 70
54 71
54 72
54 91
54 152
54 259
54 345
54 391
54 464
55 58
55 174
55 202
55 209
55 238
55 317
55 331
55 347
55 389
55 426
55 436
55 475
56 237
56 245
56 280
56 282
56 312
56 328
56 344
56 433
57 199
57 361
57 370
58 115
58 140
58 269
58 367
58 430
58 438
58 455
58 461
58 476
59 64
59 72
59 170
59 331
59 447
59 473
60 98
60 113
60 303
60 326
60 344
60 360
60 432
60 480
60 495
61 88
61 140
61 181
61 313
61 329
61 331
61 342
61 387
61 404
61 420
61 489
62 275
62 296
63 85
63 212
63 231
63 250
63 287
63 331
63 465
63 475
64 169
64 193
64 303
64 374
64 381
64 407
64 499
65 115
65 175
65 218
65 292
65 318
65 351
66 160
66 164
66 190
66 212
66 217
66 245
66 292
66 295
66 312
66 449
66 461
66 493
66 498
67 108
67 259
67 495
68 104
68 112
68 173
68 255
68 277
68 295
68 379
68 491
69 149
69 240
69 254
69 349
69 351
69 358
69 400
69 418
70 86
70 88
70 157
70 331
70 434
71 98
71 127
71 132
71 178
71 261
71 263
71 360
72 76
72 110
72 144
72 205
72 247
72 307
72 325
72 358
72 369
72 386
72 389
72 416
72 436
72 453
72 477
73 153
73 193
73 208
73 277
73 288
73 303
73 342
73 362
73 372
73 453
73 461
73 462
74 111
74 149
74 150
74 183
74 200
74 226
74 247
74 275
74 278
74 356
74 439
75 96
75 113
75 124
75 182
75 274
75 406
75 423
75 439
76 114
76 120
76 246
76 347
76 379
76 469
76 483
76 484
77 80
77 101
77 185
77 260
77 349
77 365
77 467
78 85
78 87
78 100
78 141
78 200
78 338
78 352
78 357
78 359
78 435
78 446
79 152
79 193
79 230
79 257
79 262
79 353
79 367
79 430
80 106
80 178
80 236
80 313
80 352
80 409
80 416
80 436
80 482
80 483
81 181
81 193
81 230
81 289
81 335
81 339
81 343
81 436
82 154
82 184
82 262
82 267
82 328
82 338
82 373
82 472
83 102
83 126
83 156
83 186
83 234
83 237
83 304
83 345
83 469
84 116
84 124
84 139
84 141
84 355
84 381
84 465
84 472
85 235
86 205
86 247
86 327
87 88
87 155
87 259
88 213
88 215
88 334
88 457
89 117
89 192
89 198
89 201
89 277
89 307
89 382
89 409
90 170
90 182
90 230
90 289
90 298
90 302
90 452
91 242
91 280
91 358
91 373
91 453
91 476
92 399
92 454
92 494
93 127
93 137
93 253
93 282
93 291
93 354
93 405
93 428
93 457
94 112
94 138
94 141
94 198
94 208
94 220
94 225
94 259
94 314
94 396
94 414
94 488
95 104
95 135
95 140
95 176
95 178
95 185
95 203
95 317
95 360
95 379
96 102
96 130
96 133
96 139
96 232
96 310
96 360
96 445
96 450
96 472
97 150
97 193
97 195
97 228
97 264
97 387
97 413
97 458
97 470
98 125
98 143
98 202
98 310
98 418
98 448
99 126
99 196
99 197
99 239
99 491
99 499
100 158
100 167
100 174
100 205
100 319
100 327
100 347
100 380
101 116
101 125
101 227
101 255
101 276
101 317
101 321
101 370
101 428
102 318
102 338
102 341
102 350
102 405
102 424
103 124
103 164
103 212
103 350
103 404
103 421
104 275
104 314
105 130
105 155
105 198
105 324
105 449
105 466
105 470
106 124
106 196
106 220
106 231
106 381
107 160
107 162
107 382
107 393
107 414
107 498
108 196
108 233
108 306
108 308
108 327
108 363
108 477
109 111
109 259
109 304
109 309
110 189
110 241
110 264
110 280
110 294
110 321
110 427
110 433
110 446
111 114
111 136
111 232
111 237
111 241
111 281
111 363
111 382
111 420
112 117
112 233
112 261
112 332
112 358
112 479
113 185
113 327
113 412
113 436
113 439
113 492
114 140
114 198
114 219
114 222
114 254
114 312
114 390
115 170
115 171
115 197
115 201
115 263
115 370
116 140
116 243
116 360
116 390
116 445
116 454
116 465
117 127
117 130
117 144
117 201
117 267
117 268
117 283
117 333
117 350
117 372
117 374
117 485
118 330
118 355
118 414
118 485
119 133
119 162
119 176
119 183
119 193
119 205
119 228
119 314
119 377
119 432
120 152
120 379
121 129
121 148
121 234
121 238
121 241
121 245
121 255
121 339
121 345
121 385
122 127
122 166
122 174
122 264
122 315
122 374
122 431
122 454
123 168
123 210
123 301
123 331
123 494
124 175
124 201
124 203
124 206
124 326
124 360
124 464
124 485
125 129
125 169
125 268
125 412
125 425
125 455
126 169
126 216
126 248
126 309
126 332
126 333
126 355
126 405
126 423
127 166
127 177
127 208
127 220
127 351
127 438
127 478
128 160
128 161
128 233
128 261
128 303
128 343
128 402
128 413
128 414
129 137
129 217
129 236
129 265
129 299
129 322
129 404
129 422
129 433
129 498
130 158
130 176
130 181
130 215
130 231
130 258
130 292
130 312
130 403
130 468
131 148
131 177
131 287
131 299
131 319
131 338
131 340
132 236
132 309
132 475
133 192
133 227
133 251
133 256
133 261
133 451
133 455
134 158
134 188
134 379
134 409
134 433
134 458
135 226
135 251
135 258
135 292
135 309
135 336
135 353
135 386
135 456
136 159
136 301
136 378
136 442
137 139
137 261
137 283
137 325
137 415
137 428
138 170
138 214
138 300
138 405
139 193
139 218
139 238
139 252
139 300
139 311
139 358
139 411
139 473
140 163
140 171
140 254
140 341
141 269
141 279
141 325
141 344
141 354
141 438
142 172
142 204
142 216
142 246
142 404
142 446
142 448
142 450
143 221
143 236
143 245
143 305
143 370
143 383
143 439
143 459
144 185
144 282
144 323
144 356
144 474
145 174
145 201
145 229
145 319
146 163
146 193
146 217
146 231
146 250
146 302
146 407
146 426
147 153
147 186
147 192
147 234
147 331
147 344
147 441
148 151
148 215
148 466
149 159
149 219
149 341
149 354
149 359
149 369
149 404
149 459
149 491
150 168
150 267
150 319
150 346
150 376
150 390
151 158
151 295
151 383
151 402
151 435
151 449
152 162
152 192
152 241
152 288
152 307
152 377
152 410
152 474
152 495
153 161
153 262
153 322
153 340
153 359
153 415
153 439
153 458
153 467
153 472
154 190
154 258
154 286
154 289
154 315
154 321
154 401
154 417
155 205
155 208
155 225
155 242
155 417
155 418
156 204
156 288
156 355
156 419
157 296
157 375
157 427
157 457
157 483
158 171
158 193
158 198
158 221
158 224
158 336
158 409
158 463
158 481
159 175
159 179
159 221
159 274
159 322
159 355
159 398
159 435
159 445
159 446
160 244
160 271
160 310
160 327
160 400
160 464
161 162
161 279
161 364
161 427
161 465
161 489
162 226
162 303
162 364
162 401
162 407
162 452
163 227
163 329
163 330
163 343
163 373
163 402
163 439
163 480
164 221
164 228
164 265
164 292
164 359
164 430
164 474
164 494
165 167
165 276
165 325
165 370
165 410
166 218
166 226
166 259
166 276
166 331
166 335
166 394
166 398
166 412
166 424
167 196
167 237
167 264
167 317
167 381
167 462
167 475
167 490
167 493
168 177
168 218
168 297
168 386
169 262
169 363
169 444
169 446
169 484
170 177
170 212
170 261
170 307
170 312
170 379
170 382
170 395
170 411
171 182
171 271
171 296
171 429
171 451
171 491
172 218
172 253
172 436
172 438
173 204
173 333
173 357
173 373
173 427
173 497
174 259
174 316
174 362
174 366
174 489
174 494
175 250
175 251
175 297
175 312
175 363
175 382
175 458
175 473
176 179
176 245
176 268
176 312
176 334
176 340
176 410
176 412
176 435
177 212
177 277
177 286
177 306
177 431
177 432
177 467
178 188
178 236
178 287
178 344
178 365
178 366
178 385
178 427
178 438
178 455
178 458
179 228
179 328
179 399
179 413
179 438
180 249
180 322
180 335
180 375
180 418
180 437
180 464
181 195
181 254
181 278
181 305
181 319
181 325
181 340
181 391
181 403
181 418
181 445
181 491
182 196
182 270
182 354
182 399
182 459
182 485
183 223
183 345
183 373
183 423
183 447
184 327
184 423
184 441
185 195
185 217
185 352
185 408
185 490
186 211
186 292
186 326
186 363
186 368
186 419
186 477
187 256
187 284
187 287
187 298
187 345
187 353
187 395
187 438
187 469
188 223
188 227
188 241
188 242
188 365
188 393
189 219
189 256
189 269
189 336
189 393
190 205
190 221
190 245
190 301
190 341
190 408
190 439
190 449
190 497
191 223
191 244
191 245
191 260
191 296
191 373
192 211
192 278
192 298
192 309
192 330
193 215
193 268
193 306
193 347
193 449
193 468
194 218
194 232
194 346
194 403
194 404
195 241
195 282
195 356
195 386
195 392
195 395
195 464
195 469
195 482
196 265
196 311
196 318
196 453
197 198
197 272
197 279
197 281
197 296
197 343
197 354
197 356
197 442
197 459
198 290
198 331
198 347
198 369
198 385
198 393
198 457
198 494
199 215
199 292
199 354
199 393
199 412
199 433
199 456
199 475
199 491
199 498
200 236
200 444
201 303
201 312
201 350
201 397
201 420
201 432
202 234
202 417
202 421
203 215
203 229
203 390
203 429
204 264
204 273
204 327
204 379
205 234
205 304
205 324
205 359
205 454
205 472
205 489
206 236
206 238
206 300
206 336
206 352
207 261
207 366
207 421
207 479
208 304
208 380
208 385
208 387
208 440
209 228
209 235
209 264
209 342
209 350
209 383
209 390
209 430
210 262
210 306
210 334
210 347
210 400
210 410
211 215
211 241
211 329
211 463
212 273
212 309
212 314
212 321
212 378
212 437
212 441
213 217
213 280
213 406
213 420
213 485
214 268
214 285
214 350
215 293
215 302
215 319
215 400
215 484
216 278
216 329
216 334
216 497
217 240
217 316
217 343
217 434
218 247
218 301
218 317
218 337
218 488
219 348
219 363
219 496
220 234
220 274
220 279
220 296
220 329
220 405
221 222
221 226
221 240
221 382
221 386
221 424
222 239
222 388
222 390
222 392
223 246
223 302
223 395
223 402
223 424
223 437
223 448
224 311
225 434
225 456
225 498
226 253
226 256
226 283
226 290
226 355
226 363
226 388
227 445
227 452
227 453
227 463
227 466
227 478
227 479
228 314
228 323
228 382
228 401
228 402
229 236
229 237
229 299
229 304
229 327
229 338
229 362
229 387
230 247
230 291
230 336
230 446
230 448
230 456
230 470
231 324
231 390
231 399
231 427
231 430
231 466
231 491
232 254
232 312
232 387
232 396
232 471
233 257
233 288
233 300
233 407
233 441
233 464
233 475
233 484
235 287
235 331
235 396
236 280
236 285
236 359
236 427
237 284
237 287
237 354
238 266
238 290
238 339
238 462
239 251
239 340
239 448
239 457
239 475
239 482
240 273
241 324
241 343
241 426
241 433
241 492
242 252
242 262
242 263
242 266
242 284
242 309
242 339
242 381
242 411
242 468
243 288
243 352
243 365
243 418
243 492
244 279
244 280
244 330
244 332
244 359
244 375
244 491
245 271
245 446
245 448
246 263
246 282
246 297
246 311
246 319
246 391
246 419
246 420
246 422
246 478
246 499
247 347
247 378
247 391
247 398
247 438
248 355
248 402
248 416
250 277
250 284
250 381
250 394
250 414
250 464
250 468
251 317
251 342
251 386
251 391
251 444
251 457
251 477
253 311
253 330
253 374
253 382
253 427
253 454
253 471
254 321
254 325
254 345
254 365
254 388
254 390
254 400
254 440
255 257
255 325
255 371
255 414
255 452
256 258
256 273
256 287
256 294
256 320
256 330
256 382
256 397
256 437
257 300
257 320
257 386
258 327
258 424
258 480
259 355
259 473
259 484
260 307
260 405
260 490
261 288
261 376
261 442
261 444
261 460
262 322
262 330
262 342
262 469
263 367
263 400
263 429
264 279
264 355
264 445
264 487
265 423
265 425
265 448
266 279
266 316
266 400
266 442
267 308
267 319
267 349
267 369
267 396
267 428
267 496
268 309
268 351
268 379
268 382
268 440
269 281
269 335
269 349
269 354
269 367
269 398
269 433
269 451
270 353
270 405
271 322
271 332
271 362
271 463
271 480
272 300
272 302
272 318
272 372
272 430
273 394
273 435
273 453
273 455
273 463
273 466
273 475
273 483
275 294
275 314
275 317
275 333
275 406
275 410
276 292
276 296
276 410
277 321
277 356
277 395
277 397
277 472
277 495
278 316
278 371
278 448
279 287
279 364
279 366
280 285
280 390
281 297
281 444
281 452
282 322
282 333
282 360
282 373
282 426
282 427
282 449
282 464
282 468
283 317
283 382
283 451
284 314
284 329
284 449
284 453
284 483
285 292
285 407
285 451
285 473
286 344
286 446
286 482
287 289
287 393
287 405
287 429
287 443
288 331
288 406
288 427
289 305
289 361
289 448
289 467
290 356
290 414
291 345
291 357
291 403
291 440
292 402
292 403
292 418
292 447
292 451
292 497
293 365
293 453
293 469
294 333
294 359
295 410
295 420
295 453
295 458
295 465
296 353
296 366
296 389
296 450
296 465
298 320
298 347
298 376
298 460
298 466
300 339
300 351
300 418
300 439
301 325
301 360
301 375
301 414
301 416
301 449
301 459
301 485
301 495
302 377
302 457
303 306
303 404
303 421
303 451
303 474
304 339
304 458
305 309
305 465
306 322
306 360
306 363
306 372
306 390
307 338
307 399
307 434
307 453
308 324
308 382
308 389
308 405
308 433
308 456
308 461
308 464
308 469
308 471
308 476
309 423
309 441
309 473
309 476
309 481
309 483
310 352
310 422
311 331
311 406
311 440
312 316
312 427
312 471
312 498
313 406
313 449
314 367
314 424
314 427
314 453
315 317
315 443
316 375
316 388
316 429
316 486
317 381
317 388
317 399
317 426
318 392
320 386
320 441
320 464
321 364
321 416
321 419
321 433
321 441
322 397
322 465
322 498
323 331
323 387
323 439
324 335
324 462
324 472
324 495
325 355
325 389
325 476
326 380
326 408
326 411
326 438
326 488
327 363
327 373
327 398
327 419
328 346
328 377
329 348
329 391
329 392
329 396
330 397
330 416
330 454
330 487
330 495
331 389
332 353
332 488
332 491
332 493
332 495
333 388
333 400
333 453
333 482
333 495
334 337
334 344
334 444
335 453
336 377
336 381
336 467
336 495
336 498
337 364
337 456
337 457
337 460
337 487
338 360
338 402
339 468
339 469
339 481
340 367
340 403
341 465
342 467
344 426
344 462
345 427
346 348
346 369
346 378
346 435
346 469
346 482
347 459
348 360
348 369
348 380
348 394
348 441
348 464
349 354
349 478
350 398
350 403
350 435
350 454
350 478
350 493
351 358
351 366
351 378
352 427
352 447
352 453
352 455
352 458
353 399
353 437
354 365
355 360
355 402
355 404
355 454
355 466
356 479
357 451
357 472
358 457
358 467
359 386
360 361
360 456
361 395
361 443
361 494
362 369
362 372
363 379
363 395
363 463
363 498
364 405
364 424
364 460
365 402
365 422
366 409
366 483
366 494
367 374
367 408
368 419
368 466
369 388
369 432
370 407
370 413
370 443
370 447
370 493
371 403
371 453
373 391
373 451
373 467
373 468
373 489
375 438
377 437
378 494
379 413
379 416
379 446
379 449
380 401
380 416
380 436
380 446
381 385
381 450
382 400
382 429
382 490
382 491
383 388
383 407
384 418
384 430
384 472
386 412
386 440
386 443
386 452
386 465
386 472
387 436
387 457
388 463
389 410
389 444
389 494
390 417
391 433
392 396
393 396
393 398
393 484
394 409
394 429
394 450
395 398
395 421
396 472
397 424
398 417
398 473
398 489
399 460
400 445
400 470
402 433
402 481
402 483
402 495
403 439
403 450
403 479
403 487
404 411
404 424
404 436
404 496
405 412
407 468
407 487
408 471
408 479
409 464
409 488
410 448
410 456
411 435
411 455
411 465
411 488
413 459
413 493
414 462
417 427
417 491
418 461
418 469
418 473
419 438
419 476
420 424
420 425
422 449
423 442
423 489
425 444
425 464
428 481
429 462
429 492
431 452
432 433
432 474
434 440
434 480
434 484
436 478
437 439
438 445
439 447
439 448
439 453
439 477
439 487
440 441
440 454
440 456
440 459
440 479
440 499
441 474
442 466
443 478
445 449
446 463
448 459
449 458
449 490
451 479
453 481
454 458
455 481
456 470
457 466
457 472
458 487
459 473
459 485
465 477
466 482
467 489
468 486
468 490
474 492
475 496
475 499
477 495
481 483
482 489
482 492
489 496
490 492
490 497
490 499
