0
500
3074
0
1
0
0 27
0 64
0 70
0 71
0 105
0 119
0 124
0 125
0 174
0 196
0 217
0 229
0 237
0 301
0 309
0 414
0 420
0 465
0 487
0 491
0 498
1 26
1 37
1 55
1 102
1 159
1 177
1 210
1 234
1 400
1 420
1 471
2 41
2 42
2 130
2 171
2 174
2 212
2 420
2 442
3 15
3 23
3 42
3 82
3 128
3 157
3 242
3 256
3 317
3 407
3 437
3 479
4 111
4 120
4 149
4 160
4 201
4 216
4 258
4 263
4 277
4 290
4 330
4 334
4 338
4 353
4 395
4 413
4 439
5 104
5 206
5 243
5 254
5 300
5 377
5 406
5 425
5 445
5 450
5 474
5 481
6 67
6 177
6 234
6 239
6 274
6 282
6 373
6 390
6 399
6 410
6 433
6 474
6 478
7 57
7 116
7 122
7 131
7 232
7 266
7 300
7 397
7 495
8 58
8 79
8 91
8 117
8 159
8 184
8 234
8 241
8 258
9 25
9 125
9 132
9 183
9 200
9 257
9 260
9 313
9 358
9 390
9 435
10 24
10 144
10 203
10 268
10 314
10 338
10 425
10 436
10 446
10 448
11 14
11 37
11 42
11 45
11 61
11 110
11 139
11 156
11 174
11 229
11 263
11 317
11 382
11 396
11 426
11 430
11 442
11 480
12 42
12 79
12 88
12 133
12 216
12 240
12 275
12 366
12 381
12 412
12 413
13 16
13 17
13 97
13 120
13 156
13 196
13 315
13 326
13 410
13 455
13 460
13 485
14 49
14 56
14 107
14 114
14 163
14 194
14 224
14 300
14 319
14 336
14 463
14 485
15 30
15 53
15 161
15 175
15 225
15 342
15 394
15 422
15 458
15 474
16 88
16 92
16 133
16 150
16 180
16 309
16 388
16 390
16 434
17 81
17 155
17 238
17 292
17 294
17 315
17 333
17 378
17 379
18 110
18 153
18 163
18 168
18 179
18 181
18 184
18 344
18 358
18 444
19 47
19 53
19 208
19 242
19 267
19 318
19 319
19 402
19 429
19 475
20 50
20 56
20 166
20 244
20 291
20 303
20 324
20 391
20 481
21 53
21 82
21 125
21 140
21 203
21 324
21 332
21 389
21 393
21 413
21 443
21 449
21 462
21 479
21 492
22 96
22 150
22 187
22 238
22 364
22 367
22 368
22 418
22 478
23 49
23 66
23 88
23 116
23 145
23 226
23 263
23 296
23 312
23 342
23 383
23 408
23 454
23 489
24 74
24 97
24 139
24 152
24 169
24 178
24 216
24 224
24 272
24 316
24 351
24 396
24 400
24 415
24 469
24 491
25 32
25 69
25 115
25 169
25 178
25 231
25 238
25 255
25 386
25 397
25 409
25 483
26 125
26 185
26 190
26 201
26 244
26 286
26 293
26 320
26 358
26 364
26 425
27 94
27 106
27 127
27 160
27 207
27 237
27 255
27 305
27 327
27 348
27 352
27 427
27 430
27 432
27 473
27 483
27 488
28 63
28 84
28 92
28 116
28 210
28 232
28 245
28 254
28 264
28 283
28 284
28 289
28 410
28 466
29 91
29 99
29 119
29 123
29 169
29 253
29 360
29 363
29 371
29 382
29 423
29 424
30 76
30 108
30 115
30 137
30 193
30 221
30 224
30 245
30 318
30 355
30 475
30 477
31 48
31 61
31 200
31 231
31 254
31 309
31 329
31 369
31 395
31 408
31 496
32 52
32 62
32 98
32 106
32 108
32 165
32 180
32 217
32 244
32 291
32 302
32 321
32 325
32 326
32 347
32 375
32 378
32 392
32 402
32 456
32 470
32 472
33 46
33 83
33 148
33 159
33 206
33 292
33 384
33 412
33 439
33 458
33 483
34 38
34 70
34 84
34 93
34 135
34 140
34 148
34 174
34 225
34 233
34 267
34 281
34 289
34 314
34 316
34 349
34 410
34 497
35 54
35 176
35 232
35 428
35 476
36 74
36 116
36 130
36 138
36 157
36 170
36 187
36 260
36 273
36 286
36 318
36 417
36 487
36 498
37 64
37 67
37 79
37 85
37 107
37 117
37 168
37 260
37 298
37 323
37 392
37 454
37 485
37 494
38 101
38 124
38 136
38 205
38 214
38 233
38 236
38 273
38 312
38 381
38 401
38 402
38 427
38 489
39 99
39 117
39 147
39 157
39 167
39 234
39 247
39 269
39 314
39 364
39 372
39 405
39 444
39 464
40 72
40 83
40 89
40 104
40 155
40 174
40 183
40 217
40 244
40 274
40 428
40 469
40 499
41 71
41 80
41 115
41 213
41 236
41 398
41 428
41 449
41 483
41 493
42 79
42 290
42 303
42 361
42 417
42 430
42 437
42 448
42 495
43 69
43 111
43 133
43 135
43 137
43 199
43 253
43 290
43 333
43 372
43 422
43 454
43 460
43 482
43 485
44 87
44 116
44 120
44 153
44 173
44 224
44 264
44 290
44 329
44 378
44 445
45 93
45 153
45 193
45 220
45 226
45 230
45 256
45 274
45 288
45 309
45 349
45 388
45 409
45 464
45 486
46 113
46 238
46 290
46 309
46 338
46 339
46 352
46 461
46 475
47 70
47 76
47 97
47 111
47 112
47 172
47 198
47 220
47 248
47 251
47 299
47 326
47 396
47 426
48 57
48 152
48 197
48 218
48 254
48 265
48 279
48 312
48 387
48 450
48 465
49 172
49 237
49 258
49 265
49 268
49 358
49 398
49 476
49 477
49 484
49 499
50 52
50 53
50 183
50 208
50 246
50 253
50 391
50 496
51 53
51 133
51 173
51 236
51 250
51 286
51 389
51 407
51 436
51 479
51 485
52 93
52 98
52 133
52 155
52 168
52 172
52 188
52 205
52 225
52 254
52 268
52 331
52 422
52 423
52 466
52 468
52 480
52 493
53 75
53 76
53 78
53 140
53 148
53 173
53 202
53 277
53 460
53 486
54 157
54 159
54 198
54 245
54 277
54 319
54 356
54 387
54 394
54 422
54 425
55 58
55 92
55 98
55 156
55 249
55 261
55 299
55 370
55 377
55 441
55 475
56 62
56 129
56 143
56 253
56 289
56 295
56 330
56 433
57 58
57 102
57 182
57 194
57 260
57 297
57 298
57 363
57 422
57 456
58 124
58 126
58 200
58 213
58 217
58 346
58 349
58 360
58 362
58 403
58 448
58 464
58 495
59 68
59 92
59 95
59 236
59 441
59 460
59 497
60 88
60 98
60 146
60 170
60 178
60 212
60 229
60 276
60 278
60 279
60 321
60 322
60 377
60 385
60 403
60 412
61 90
61 129
61 131
61 176
61 205
61 206
61 240
61 402
61 415
61 422
61 460
61 499
62 92
62 99
62 151
62 156
62 173
62 178
62 225
62 297
62 359
62 450
63 145
63 175
63 280
63 348
64 108
64 182
64 192
64 196
64 360
64 407
65 94
65 103
65 140
65 174
65 281
65 415
65 443
65 474
66 85
66 148
66 218
66 234
66 323
66 328
66 354
66 434
66 499
67 70
67 107
67 122
67 178
67 204
67 265
67 267
67 309
67 356
67 479
68 89
68 138
68 156
68 190
68 208
68 284
68 329
68 345
68 347
68 398
68 421
68 484
68 490
69 80
69 87
69 92
69 124
69 202
69 244
69 272
69 275
69 281
69 341
69 351
69 384
69 465
69 477
70 181
70 186
70 206
70 314
70 360
70 365
71 132
71 133
71 201
71 254
71 291
71 386
71 399
71 414
71 416
71 417
71 438
71 458
72 105
72 106
72 117
72 191
72 208
72 212
72 218
72 235
72 279
72 339
72 362
73 76
73 103
73 105
73 174
73 188
73 189
73 192
73 214
73 274
73 308
73 333
73 357
73 369
73 395
73 497
74 86
74 110
74 116
74 151
74 154
74 168
74 335
74 396
74 403
74 405
74 420
74 446
75 83
75 130
75 169
75 177
75 204
75 246
75 258
75 259
75 261
75 275
75 307
75 316
75 370
75 409
75 420
75 433
75 453
76 81
76 128
76 132
76 172
76 261
76 279
76 309
76 341
76 352
76 404
76 482
76 495
77 127
77 178
77 189
77 190
77 205
77 222
77 227
77 256
77 303
77 364
77 405
77 443
78 130
78 138
78 149
78 173
78 181
78 184
78 254
78 321
78 382
78 387
78 447
79 80
79 144
79 165
79 208
79 210
79 280
79 362
79 369
79 381
79 409
79 412
79 423
80 88
80 111
80 137
80 139
80 142
80 152
80 194
80 236
80 276
80 363
80 365
80 368
80 448
80 467
81 87
81 114
81 142
81 171
81 195
81 211
81 215
81 277
81 290
81 301
81 401
81 420
81 484
81 498
82 118
82 153
82 155
82 168
82 220
82 274
82 280
82 417
82 427
82 450
82 462
83 126
83 133
83 164
83 181
83 203
83 230
83 268
83 283
83 288
83 311
83 323
83 361
83 370
83 389
83 392
83 447
83 496
83 497
84 117
84 150
84 170
84 185
84 217
84 234
84 255
84 317
84 336
84 390
84 441
84 446
84 475
85 95
85 107
85 167
85 204
85 286
85 300
85 322
85 323
85 456
85 468
85 493
86 92
86 141
86 150
86 152
86 196
86 239
86 259
86 293
86 407
86 478
86 494
87 129
87 180
87 185
87 195
87 271
87 284
87 318
87 323
87 339
87 387
87 414
87 446
87 474
87 477
87 487
88 110
88 153
88 204
88 221
88 249
88 252
88 256
88 282
88 320
88 355
88 383
88 386
88 397
88 430
88 434
88 449
89 156
89 183
89 189
89 267
89 338
89 398
89 474
90 152
90 177
90 251
90 283
90 372
90 450
90 467
90 480
91 93
91 123
91 128
91 354
91 365
91 424
91 447
91 469
91 470
91 479
92 106
92 197
92 204
92 226
92 309
92 371
92 453
93 157
93 196
93 299
93 317
93 336
93 349
93 363
93 377
93 406
93 412
93 427
93 472
94 231
94 286
94 340
94 368
94 370
94 371
94 397
94 409
94 465
94 498
95 102
95 209
95 222
95 300
95 322
95 338
95 365
95 439
95 487
96 296
96 347
96 382
97 115
97 127
97 147
97 149
97 170
97 263
97 283
97 323
97 410
97 457
98 113
98 165
98 209
98 213
98 251
98 301
98 341
98 381
99 191
99 262
99 264
99 334
99 392
99 445
99 470
99 481
100 106
100 127
100 246
100 257
100 266
100 274
100 277
100 282
100 325
100 431
101 137
101 163
101 361
101 398
101 430
101 467
102 140
102 167
102 192
102 235
102 244
102 286
102 300
102 312
102 339
102 412
102 436
102 498
103 183
103 227
103 300
103 393
103 398
103 412
104 148
104 161
104 197
104 219
104 236
104 297
104 320
104 390
104 425
104 444
104 496
105 161
105 241
105 249
105 299
105 352
105 404
105 427
105 433
105 474
106 136
106 156
106 184
106 188
106 199
106 241
106 342
106 364
106 375
106 481
107 163
107 216
107 363
107 364
107 429
108 185
108 276
108 288
108 310
108 372
108 417
108 430
109 257
109 298
109 299
109 346
109 362
109 370
109 387
109 429
109 437
109 493
110 111
110 121
110 154
110 186
110 198
110 201
110 216
110 219
110 318
110 350
110 361
110 378
110 381
110 452
110 464
110 493
111 129
111 163
111 212
111 241
111 467
111 483
112 221
112 263
112 305
112 315
112 337
112 349
112 425
112 443
112 460
113 125
113 171
113 179
113 201
113 221
113 262
113 301
113 394
113 396
114 159
114 186
114 301
114 305
114 344
114 376
114 420
115 116
115 136
115 163
115 187
115 192
115 202
115 289
115 337
115 339
115 462
116 251
116 279
116 284
116 340
116 458
116 488
117 123
117 132
117 233
117 241
117 247
117 260
117 269
117 482
117 496
118 121
118 274
118 304
118 371
118 380
118 388
118 397
118 435
118 463
118 469
119 140
119 161
119 173
119 179
119 205
119 262
119 272
119 283
119 289
119 330
119 355
119 375
119 400
119 416
119 419
119 465
119 467
119 478
119 480
119 481
120 126
120 152
120 177
120 255
120 310
120 346
120 347
120 365
120 398
121 151
121 194
121 217
121 231
121 252
121 273
121 294
121 296
121 303
121 317
121 328
121 355
121 425
121 456
121 485
122 204
122 223
122 333
122 351
122 396
122 401
122 422
122 454
123 157
123 255
123 299
123 352
123 357
123 475
124 259
124 264
124 265
124 317
124 327
124 387
124 392
124 411
124 451
125 128
125 129
125 249
125 267
125 307
125 374
125 398
125 468
125 479
126 207
126 222
126 263
126 277
126 285
126 325
126 334
126 353
126 356
126 391
126 432
126 438
126 480
126 485
127 132
127 204
127 221
127 228
127 249
127 253
127 263
127 344
127 382
127 388
127 439
127 485
127 497
128 357
128 359
128 376
128 446
128 459
128 460
128 471
129 160
129 161
129 197
129 199
129 224
129 326
129 351
129 412
129 454
130 228
130 235
130 257
130 344
130 371
130 403
130 419
130 497
131 136
131 153
131 184
131 198
131 203
131 330
131 332
131 355
131 401
131 426
131 430
131 451
131 453
132 133
132 254
132 264
132 273
132 280
132 342
132 480
133 163
133 212
133 225
133 255
133 258
133 267
133 365
133 457
134 145
134 174
134 180
134 291
134 350
134 358
134 404
135 322
135 344
135 423
135 495
136 140
136 214
136 226
136 247
136 249
136 255
136 421
136 431
136 446
137 162
137 169
137 237
137 272
137 302
137 346
137 435
137 463
137 466
137 484
138 149
138 177
138 204
138 270
138 277
138 280
138 289
138 333
138 379
138 398
138 410
138 468
138 490
139 144
139 159
139 167
139 210
139 219
139 236
139 310
139 312
139 336
139 351
139 387
139 410
139 427
139 431
140 194
140 209
140 288
140 316
140 334
140 339
140 347
140 373
140 388
140 391
140 445
140 452
140 460
141 157
141 218
141 234
141 283
141 390
141 428
142 472
142 474
142 491
142 498
143 236
143 237
143 317
143 332
143 349
143 448
144 176
144 222
144 269
144 275
144 292
144 359
144 452
145 232
145 257
145 300
145 341
145 356
145 380
145 417
145 462
146 191
146 282
146 346
146 371
146 410
146 468
146 497
147 157
147 174
147 200
147 211
147 228
147 231
147 274
147 365
147 449
147 454
148 229
148 312
148 341
148 352
148 468
149 218
149 237
149 280
149 284
149 307
149 367
149 375
149 386
149 414
149 461
150 188
150 195
150 250
150 340
150 381
150 403
150 409
150 442
150 444
151 170
151 207
151 256
151 273
151 288
151 397
151 447
151 488
152 180
152 323
152 324
152 335
153 167
153 200
153 244
153 256
153 311
153 371
153 382
153 398
153 441
153 446
153 452
154 162
154 167
154 178
154 238
154 246
154 321
154 420
154 452
155 197
155 230
155 244
155 258
155 261
155 294
155 333
155 396
155 400
155 415
155 430
155 458
155 495
156 159
156 164
156 179
156 196
156 217
156 270
156 370
157 460
157 473
158 257
158 267
158 282
158 328
158 338
158 381
158 391
158 404
158 465
159 178
159 179
159 267
159 271
159 287
159 329
159 344
159 437
159 442
159 457
160 163
160 193
160 216
160 218
160 245
160 318
160 356
160 395
160 434
160 496
161 167
161 172
161 246
161 248
161 255
161 261
161 273
161 299
161 344
161 348
161 448
162 173
162 175
162 200
162 245
162 267
162 293
162 315
162 321
162 324
162 339
162 348
162 374
162 383
163 193
163 215
163 219
163 290
163 369
163 392
163 439
164 172
164 191
164 210
164 228
164 247
164 305
164 388
164 396
164 473
164 483
165 230
165 321
165 381
165 385
165 400
165 458
165 466
166 175
166 353
166 376
166 391
166 408
166 417
166 456
166 496
167 175
167 203
167 435
168 297
168 307
168 363
168 409
168 433
169 204
169 209
169 215
169 263
169 265
169 434
169 449
169 474
169 490
169 491
170 180
170 341
170 390
170 405
170 483
170 491
171 251
171 259
171 332
171 340
171 406
171 442
171 463
171 481
171 498
172 221
172 243
172 268
172 308
172 348
172 361
172 368
172 384
172 421
172 433
172 483
173 191
173 223
173 277
173 283
173 301
173 329
173 332
173 419
173 472
174 191
174 222
174 226
174 240
174 254
174 257
174 263
174 361
174 386
174 398
175 230
175 253
175 274
175 343
175 353
175 366
175 371
175 374
175 442
175 453
175 479
176 272
176 313
176 324
176 326
176 381
176 408
176 416
176 489
177 207
177 275
177 294
177 304
177 307
177 319
177 404
177 411
177 429
177 456
177 464
177 479
178 205
178 209
178 243
178 250
178 265
178 275
178 289
178 370
178 393
178 399
178 475
178 489
179 204
179 227
179 264
179 269
179 291
179 374
179 396
179 403
179 426
179 447
179 452
180 220
180 229
180 234
180 262
180 265
180 280
180 366
180 433
181 200
181 271
181 276
181 306
182 206
182 224
182 241
182 245
182 252
182 259
182 294
182 474
183 191
183 257
183 334
183 358
183 406
183 434
183 471
184 302
184 311
184 322
184 372
184 428
184 473
185 202
185 225
185 226
185 227
185 241
185 273
185 315
185 364
185 367
185 371
185 373
185 423
185 494
186 390
186 403
187 197
187 239
187 332
187 333
187 359
187 367
187 387
187 390
187 409
187 441
188 200
188 259
188 289
188 315
188 366
188 408
188 425
189 275
189 287
189 362
189 372
189 405
189 475
190 211
190 229
190 260
190 262
190 279
190 313
190 326
190 331
190 332
190 349
190 352
190 439
190 444
191 194
191 303
191 354
191 379
191 390
191 420
191 453
191 480
192 239
192 240
192 249
192 282
192 388
192 396
192 406
192 493
193 212
193 361
193 380
193 407
194 205
194 218
194 231
194 323
194 398
194 442
195 325
195 327
195 383
195 455
196 284
196 300
196 307
196 381
196 409
196 473
196 484
196 486
197 268
197 302
197 381
197 392
197 401
197 494
198 267
198 273
198 324
198 332
198 349
198 403
198 418
198 442
198 487
198 489
198 491
199 209
199 215
199 218
199 354
199 424
199 457
199 460
200 231
200 254
200 269
200 273
200 279
200 324
200 372
200 396
200 422
200 465
200 478
201 233
201 258
201 263
201 327
201 371
201 393
201 430
202 360
202 367
202 384
202 409
203 237
203 301
203 303
203 305
203 320
203 379
203 434
204 337
204 390
204 433
204 447
204 490
205 221
205 246
205 255
205 273
205 298
205 408
205 497
206 220
206 305
206 319
206 346
206 481
207 213
207 276
207 345
207 372
207 392
207 433
207 448
208 352
208 388
208 441
208 474
209 224
209 234
209 378
209 391
209 400
209 419
209 422
209 424
209 425
209 463
209 469
210 282
210 380
210 402
210 455
210 457
211 241
211 252
211 392
211 471
212 252
212 302
212 336
212 447
212 451
212 458
212 465
213 214
213 447
214 239
214 267
214 270
214 368
214 417
214 463
214 481
214 482
215 233
215 261
215 307
215 440
215 450
215 489
216 329
216 352
216 397
217 278
217 356
217 364
217 377
217 419
217 427
218 249
218 338
218 422
218 453
219 248
219 250
219 288
219 310
219 322
219 381
219 400
219 433
219 442
219 466
220 245
220 308
220 317
220 379
220 466
220 489
221 253
221 286
221 340
221 381
221 403
221 440
221 450
221 455
221 484
222 227
222 315
222 391
222 410
222 425
223 244
223 317
223 350
223 497
224 334
224 339
224 371
224 401
225 229
225 283
225 306
225 374
225 377
226 246
226 252
226 257
226 267
226 306
226 309
226 332
226 376
226 394
227 317
227 322
227 340
227 381
227 410
227 419
227 426
227 438
227 445
227 496
228 273
228 289
228 294
228 304
228 327
228 356
228 429
228 465
229 286
229 295
229 318
229 392
230 275
230 280
230 305
230 322
230 336
230 365
230 390
230 391
230 478
230 493
230 499
231 248
231 294
231 327
231 357
231 391
231 447
231 465
231 471
232 334
232 376
232 414
232 441
232 468
232 474
233 240
233 437
233 464
234 235
234 249
234 311
234 326
234 381
234 456
234 473
235 245
235 266
235 302
235 352
235 392
235 403
235 464
236 260
236 267
236 379
236 381
236 384
236 405
236 476
236 499
237 258
237 296
237 343
237 348
237 353
237 374
237 385
237 389
237 431
237 442
237 454
237 483
237 499
238 299
238 341
238 398
238 413
239 252
239 274
239 277
239 307
239 328
239 351
239 403
239 426
239 442
239 446
239 487
240 284
240 342
240 440
240 451
240 492
241 292
241 334
241 341
241 371
241 383
242 259
242 273
242 285
242 294
242 313
242 316
242 331
242 363
242 371
242 383
242 445
242 478
242 490
243 255
243 351
243 416
243 498
244 408
244 445
245 252
245 360
245 396
245 427
245 435
246 252
246 257
246 327
246 347
246 372
246 402
246 405
247 294
247 321
247 338
247 420
247 433
247 456
248 337
248 348
248 360
248 379
248 381
248 394
249 256
249 259
249 281
249 352
249 377
249 471
250 345
250 409
250 443
250 453
250 468
250 488
250 498
251 308
251 362
252 298
252 332
252 342
252 414
252 425
252 458
252 496
253 291
253 304
253 320
253 383
253 404
253 420
253 474
254 333
254 454
255 283
255 424
255 444
256 461
256 474
257 267
257 342
257 355
257 390
257 397
257 398
258 278
258 282
258 321
258 329
258 464
258 469
258 470
258 495
259 408
259 428
259 453
260 316
260 375
260 382
261 263
261 311
261 357
261 361
261 406
261 440
261 491
262 308
262 322
262 333
262 391
262 404
262 417
262 434
262 439
262 474
263 279
263 287
263 301
263 323
264 267
264 268
264 303
264 387
264 417
265 281
265 346
265 363
265 370
265 424
265 470
266 334
266 342
266 354
266 363
266 396
266 408
266 465
267 360
267 374
267 403
267 415
268 387
268 395
268 457
269 322
269 332
269 334
269 354
269 416
269 461
269 471
270 301
270 338
270 369
270 375
270 468
271 281
271 283
271 293
271 320
271 336
271 418
271 451
272 295
272 324
272 365
272 397
272 416
272 420
272 468
272 492
273 300
273 381
273 399
273 459
273 460
273 479
274 341
274 380
274 411
274 475
275 289
275 293
275 385
275 413
275 481
276 279
276 305
276 316
276 325
276 415
276 421
277 326
277 332
277 378
277 445
277 489
278 353
278 382
278 445
278 458
279 336
279 405
279 427
279 443
279 472
280 326
280 389
280 457
280 471
281 330
281 353
281 358
281 412
281 469
282 306
282 326
282 342
282 409
282 429
282 436
282 465
283 310
283 323
283 465
283 489
284 318
284 327
284 331
284 373
284 428
284 433
284 495
285 309
285 312
285 326
285 339
285 349
285 361
285 378
285 389
285 391
285 417
285 420
286 352
286 378
286 421
286 431
287 290
287 346
287 355
287 394
287 431
287 435
288 353
288 430
288 449
288 496
289 315
289 361
289 369
289 398
289 419
289 463
289 478
289 485
290 336
290 345
290 365
290 385
290 416
291 323
291 340
291 489
292 322
292 377
292 385
292 387
292 445
292 482
293 340
293 426
294 381
294 445
294 459
294 463
295 340
295 344
295 427
295 480
295 493
295 497
296 318
296 321
296 367
296 374
296 401
296 403
296 429
296 458
296 463
296 483
296 498
297 324
297 401
297 430
297 435
297 488
298 327
298 366
298 405
298 455
298 468
299 316
299 451
299 468
300 306
300 333
300 347
300 439
300 497
301 324
301 356
301 401
301 402
301 429
301 468
302 305
302 325
302 409
302 436
302 440
302 456
302 457
302 485
302 498
303 320
303 356
303 379
303 450
304 314
305 307
305 371
305 375
305 425
305 476
305 490
306 325
306 328
306 349
306 428
306 445
306 456
306 494
307 320
307 382
307 388
307 469
308 316
308 385
308 401
308 436
308 443
309 330
309 408
309 444
309 491
309 496
310 323
310 375
310 394
310 420
310 435
310 438
311 372
311 408
311 469
311 479
312 380
312 423
312 487
312 499
313 390
313 392
313 471
313 496
314 347
314 359
314 391
314 396
314 460
314 489
315 327
315 392
315 424
315 460
315 471
316 400
316 445
316 488
317 334
317 388
317 411
317 467
318 357
318 375
318 454
318 457
319 330
319 422
319 496
321 343
321 352
321 375
321 430
321 445
321 472
321 491
322 351
322 373
322 374
322 431
322 498
323 368
323 369
323 460
324 413
324 440
324 475
324 494
325 329
325 332
325 472
325 491
326 369
326 401
326 464
327 331
327 354
327 381
327 408
327 430
327 434
327 455
328 339
328 340
328 347
328 441
328 471
328 498
329 357
329 358
329 394
329 446
330 336
330 404
330 432
331 381
331 383
331 422
332 353
332 403
332 428
332 433
332 477
333 346
333 460
333 482
334 390
334 428
334 439
334 450
334 467
335 340
335 341
335 351
335 359
335 416
336 396
336 450
336 465
336 467
336 480
338 388
338 415
338 418
338 429
338 452
338 463
339 342
339 353
339 437
339 495
340 341
340 395
340 414
340 449
340 460
340 472
341 401
341 449
341 457
341 471
341 486
343 352
343 403
343 457
344 444
345 471
345 488
346 375
346 410
346 441
346 454
346 464
346 482
346 491
347 355
347 362
347 402
347 492
348 352
348 497
349 497
350 492
351 446
351 458
351 486
351 489
352 380
353 422
353 447
354 394
354 483
357 369
357 380
357 433
357 438
357 481
358 406
358 418
358 438
359 370
359 457
359 495
359 499
360 461
361 368
361 437
361 451
361 472
362 413
362 446
362 463
363 392
363 438
363 486
364 375
364 423
364 462
365 376
365 383
365 440
365 462
366 440
367 377
367 396
367 482
368 370
368 377
368 425
368 430
368 493
369 389
369 426
369 435
369 483
369 486
370 396
370 410
370 420
370 484
371 408
371 434
371 464
371 478
371 482
371 493
372 393
372 401
372 412
373 379
373 421
373 426
373 440
373 441
373 448
373 480
374 379
374 380
374 398
374 435
374 491
375 422
377 382
377 414
377 492
378 383
380 484
381 384
381 418
381 450
381 469
382 384
382 488
383 420
383 452
384 388
384 407
384 413
384 497
385 398
385 437
385 495
386 404
387 409
387 421
387 474
387 488
388 420
388 440
388 469
389 394
389 473
390 498
391 448
392 421
393 421
394 424
395 439
395 479
395 498
396 401
396 453
396 473
396 486
397 431
397 440
397 447
397 495
398 470
398 488
399 498
400 421
400 443
401 471
401 476
401 481
402 413
402 426
403 417
403 458
403 465
403 484
404 415
404 439
404 472
404 484
405 426
405 439
406 463
406 471
406 497
408 425
408 429
408 438
409 412
409 440
410 411
410 454
410 469
410 488
411 413
411 430
412 421
412 435
412 454
412 488
413 472
413 492
414 429
414 461
415 451
415 496
416 450
416 460
417 418
418 465
418 490
419 436
420 437
420 459
420 479
420 487
420 490
421 490
422 471
424 463
424 474
424 488
425 437
425 465
426 482
426 494
427 433
427 434
427 443
427 454
427 460
427 486
428 453
429 433
431 453
431 496
432 476
433 451
434 478
435 468
435 477
436 454
436 498
439 487
439 496
440 477
442 469
442 493
443 480
444 471
445 476
447 454
447 466
447 496
449 476
449 492
451 499
453 476
455 492
456 471
456 491
457 495
458 476
458 482
458 485
458 497
460 489
461 468
461 471
463 464
464 498
465 490
467 477
467 489
468 493
469 483
471 474
471 487
472 479
476 492
478 487
479 485
480 496
485 488
490 493
