0
500
3149
0
1
0
0 38
0 106
0 134
0 137
0 143
0 197
0 273
0 279
0 286
0 341
0 401
0 407
0 429
0 432
0 458
0 461
0 462
0 465
0 486
0 497
1 151
1 196
1 217
1 226
1 304
1 464
1 480
2 166
2 215
2 225
2 299
2 345
2 372
2 388
2 405
2 423
2 476
3 19
3 33
3 41
3 126
3 135
3 209
3 263
3 295
3 297
3 315
3 322
3 391
4 13
4 70
4 98
4 102
4 143
4 158
4 160
4 170
4 194
4 254
4 296
4 320
4 401
4 465
4 485
4 496
5 25
5 45
5 52
5 53
5 79
5 108
5 360
5 414
5 419
5 447
5 479
5 485
6 60
6 66
6 96
6 132
6 138
6 144
6 152
6 209
6 217
6 227
6 239
6 256
6 288
6 324
6 352
6 356
6 406
6 457
7 31
7 53
7 59
7 64
7 120
7 157
7 173
7 250
7 303
7 326
7 356
7 374
7 394
7 426
7 458
8 21
8 78
8 80
8 200
8 245
8 246
8 293
8 310
8 350
8 371
8 378
8 398
8 399
8 449
8 473
9 31
9 108
9 116
9 120
9 168
9 278
9 315
9 342
9 464
9 472
9 482
9 491
10 27
10 45
10 74
10 80
10 89
10 111
10 174
10 179
10 274
10 468
10 485
11 79
11 88
11 105
11 179
11 203
11 225
11 235
11 247
11 403
11 436
11 473
12 24
12 134
12 216
12 224
12 271
12 278
12 301
12 337
12 465
12 484
12 493
13 39
13 261
13 274
13 287
13 350
13 401
13 437
14 213
14 332
14 344
14 399
14 479
15 16
15 66
15 76
15 140
15 180
15 185
15 191
15 201
15 244
15 261
15 265
15 286
15 338
15 372
15 387
15 407
15 442
15 488
16 18
16 31
16 189
16 247
16 256
16 258
16 273
16 319
16 387
16 450
17 24
17 62
17 84
17 101
17 179
17 206
17 366
17 471
17 475
18 51
18 53
18 86
18 91
18 95
18 120
18 122
18 124
18 173
18 216
18 222
18 242
18 258
18 284
18 324
18 448
18 477
18 481
18 490
18 496
19 100
19 103
19 157
19 168
19 207
19 220
19 231
19 283
19 297
19 307
19 338
19 345
19 357
19 411
19 449
19 461
19 472
19 495
20 38
20 56
20 75
20 203
20 204
20 242
20 285
20 333
20 389
20 447
20 493
21 27
21 56
21 132
21 202
21 208
21 215
21 228
21 251
21 264
21 273
21 283
21 316
21 336
21 367
21 420
21 437
21 454
21 455
21 465
22 104
22 122
22 151
22 173
22 241
22 258
22 283
22 298
22 336
22 376
23 24
23 35
23 69
23 105
23 174
23 207
23 212
23 228
23 286
23 433
23 440
24 40
24 93
24 98
24 153
24 177
24 245
24 271
24 333
24 348
24 385
24 408
24 460
24 478
25 96
25 159
25 191
25 201
25 210
25 278
25 280
25 284
25 294
25 321
25 363
25 376
25 410
26 72
26 109
26 194
26 225
26 343
26 365
26 400
26 433
26 471
27 52
27 58
27 94
27 176
27 307
27 318
27 379
27 397
27 479
28 79
28 86
28 174
28 194
28 228
28 238
28 283
28 297
28 416
28 440
29 36
29 40
29 148
29 172
29 221
29 242
29 310
29 444
30 33
30 45
30 55
30 62
30 131
30 142
30 151
30 172
30 351
30 355
30 435
30 465
30 477
30 487
31 53
31 138
31 154
31 165
31 222
31 263
31 283
31 344
31 351
31 403
31 430
31 441
31 484
32 78
32 105
32 131
32 239
32 272
32 283
32 363
32 367
32 369
32 434
33 59
33 65
33 66
33 95
33 161
33 200
33 277
33 359
34 169
34 229
34 306
34 350
34 374
34 375
34 376
34 378
34 387
34 438
34 450
34 469
35 48
35 114
35 301
35 311
35 341
35 346
35 356
35 402
35 427
35 453
35 472
36 66
36 100
36 127
36 156
36 158
36 215
36 217
36 222
36 241
36 242
36 251
36 259
36 294
36 318
36 359
36 387
36 397
36 483
37 45
37 78
37 110
37 158
37 198
37 300
37 310
37 387
37 426
37 432
37 449
37 462
37 477
38 45
38 73
38 76
38 201
38 207
38 337
38 400
38 408
38 432
38 433
38 480
38 484
39 63
39 64
39 97
39 136
39 183
39 198
39 218
39 274
39 463
40 55
40 64
40 66
40 110
40 115
40 156
40 157
40 210
40 217
40 249
40 309
40 339
40 403
40 410
40 411
40 422
40 435
40 452
40 463
40 466
41 82
41 121
41 159
41 180
41 185
41 220
41 288
41 370
41 411
41 455
41 475
41 489
42 62
42 76
42 142
42 173
42 185
42 232
42 244
42 261
42 266
42 323
42 351
42 354
42 358
42 385
42 392
42 457
42 462
42 468
43 100
43 104
43 177
43 253
43 347
43 361
43 368
43 377
43 420
43 461
43 474
43 475
44 81
44 88
44 98
44 133
44 202
44 253
44 318
44 350
44 351
44 393
44 394
44 426
44 434
44 435
44 441
44 445
44 470
45 88
45 95
45 117
45 151
45 162
45 204
45 231
45 245
45 272
45 278
45 307
45 336
45 460
45 488
45 491
46 56
46 63
46 112
46 208
46 230
46 312
46 370
46 458
46 462
47 52
47 211
47 213
47 220
47 246
47 261
47 334
47 380
47 402
47 403
47 452
47 455
48 66
48 80
48 113
48 186
48 312
48 314
48 339
48 418
48 485
48 497
49 69
49 71
49 97
49 159
49 181
49 198
49 213
49 229
49 253
49 419
49 464
49 472
50 120
50 139
50 149
50 187
50 306
50 387
50 431
50 452
51 58
51 90
51 102
51 115
51 167
51 186
51 187
51 200
51 223
51 248
51 265
51 276
51 279
51 318
51 340
51 342
51 494
52 67
52 93
52 153
52 176
52 179
52 195
52 217
52 236
53 99
53 181
53 193
53 259
53 337
53 379
53 386
53 427
53 429
53 448
54 86
54 184
54 279
54 325
54 347
54 373
54 401
55 92
55 118
55 247
55 310
55 410
55 421
56 143
56 148
56 163
56 197
56 229
56 232
56 267
56 290
56 339
56 370
56 374
56 387
56 394
56 395
56 398
56 401
56 475
57 73
57 80
57 103
57 108
57 152
57 155
57 283
57 291
57 303
57 312
57 332
57 342
57 375
57 377
57 390
57 462
58 154
58 212
58 246
58 327
58 341
58 385
58 433
58 437
58 448
58 472
58 489
58 498
59 65
59 80
59 167
59 199
59 207
59 209
59 232
59 239
59 271
59 286
59 287
59 358
59 415
59 440
59 454
60 100
60 111
60 138
60 221
60 268
60 302
60 309
60 367
60 406
60 410
60 497
61 131
61 184
61 203
61 293
61 300
61 332
61 406
61 425
61 432
61 439
61 460
62 64
62 115
62 148
62 150
62 165
62 192
62 194
62 227
62 232
62 281
62 292
62 407
62 453
63 83
63 93
63 151
63 191
63 226
63 245
63 291
63 337
63 343
63 351
63 352
63 408
63 423
63 441
63 447
64 78
64 137
64 248
64 267
64 277
64 309
64 342
64 393
64 435
64 445
64 450
64 478
65 66
65 98
65 232
65 267
65 343
65 359
65 397
65 402
65 432
65 434
65 476
66 82
66 183
66 248
66 278
66 286
66 292
66 338
66 360
66 480
67 79
67 124
67 146
67 189
67 213
67 256
67 280
67 412
67 474
68 143
68 168
68 325
68 350
68 435
68 491
69 81
69 119
69 131
69 140
69 165
69 221
69 226
69 238
69 324
69 338
69 470
69 484
69 487
70 113
70 116
70 136
70 169
70 192
70 224
70 235
70 274
70 280
70 309
70 347
70 483
70 485
71 144
71 175
71 225
71 284
71 305
71 319
71 331
71 343
71 349
71 377
71 388
71 429
71 453
72 177
72 215
72 261
72 270
72 274
72 364
72 385
72 402
72 420
72 444
72 455
72 478
73 108
73 136
73 180
73 237
73 258
73 270
73 292
73 299
73 354
73 355
73 366
73 445
73 488
73 493
74 89
74 132
74 181
74 253
74 266
74 302
74 370
75 104
75 118
75 298
75 313
75 370
75 387
75 421
76 118
76 132
76 173
76 186
76 211
76 243
76 295
76 307
76 420
76 426
76 436
77 116
77 238
77 258
77 261
77 295
77 313
77 329
77 335
77 356
77 409
77 415
77 422
77 432
77 457
78 114
78 169
78 193
78 212
78 262
78 267
78 288
78 379
78 397
78 400
78 423
78 430
78 449
78 462
78 476
78 496
79 181
79 231
79 232
79 243
79 368
79 371
79 401
80 84
80 102
80 110
80 140
80 277
80 297
80 352
80 353
80 375
80 380
80 383
80 425
80 446
81 124
81 236
81 244
81 254
81 277
81 287
81 288
81 306
81 373
81 435
82 110
82 117
82 126
82 138
82 141
82 170
82 204
82 209
82 210
82 249
82 250
82 367
82 430
82 455
82 489
83 92
83 100
83 125
83 154
83 177
83 183
83 215
83 254
83 263
83 360
83 454
83 464
83 474
83 493
84 135
84 153
84 161
84 195
84 198
84 200
84 206
84 223
84 226
84 268
84 405
85 155
85 261
85 351
85 400
85 417
85 423
85 469
86 92
86 128
86 177
86 220
86 240
86 241
86 311
86 386
86 422
87 99
87 120
87 139
87 248
87 377
87 477
88 99
88 114
88 140
88 175
88 224
88 303
88 346
88 401
88 423
88 475
89 131
89 143
89 176
89 188
89 239
89 244
89 297
89 316
89 323
89 365
89 379
89 401
89 466
90 161
90 258
90 298
90 325
90 351
90 390
90 405
90 410
90 470
91 135
91 144
91 161
91 167
91 168
91 172
91 181
91 216
91 314
91 342
91 364
92 111
92 129
92 152
92 242
92 278
92 298
92 403
92 427
93 116
93 117
93 124
93 175
93 184
93 262
93 303
93 322
93 330
93 347
93 373
93 419
94 163
94 226
94 259
94 265
94 317
94 353
94 378
94 382
94 405
95 98
95 124
95 188
95 202
95 215
95 230
95 233
95 253
95 265
95 427
95 480
96 116
96 124
96 135
96 150
96 183
96 204
96 218
96 403
96 406
96 453
96 456
96 475
96 481
96 490
96 496
97 115
97 180
97 274
97 313
97 321
97 359
97 365
97 395
97 449
98 126
98 133
98 150
98 175
98 195
98 210
98 301
98 318
98 320
98 365
98 430
98 437
98 438
98 483
99 102
99 180
99 197
99 278
99 316
99 455
99 456
99 477
100 220
100 259
100 260
100 276
100 300
100 315
100 379
100 397
100 425
100 458
100 459
100 460
100 499
101 168
101 188
101 266
101 291
101 340
101 384
101 467
101 496
102 117
102 156
102 160
102 235
102 318
102 355
102 435
102 470
102 493
103 106
103 184
103 189
103 261
103 287
103 302
103 337
103 350
103 421
103 441
103 458
104 111
104 112
104 150
104 231
104 245
104 296
104 401
105 120
105 122
105 127
105 146
105 203
105 303
105 357
105 398
105 423
105 440
105 457
105 465
105 495
105 497
106 207
106 243
106 254
106 314
106 320
106 346
106 415
107 108
107 207
107 260
107 269
107 325
107 351
107 370
107 416
107 440
107 444
107 447
107 460
107 464
107 472
107 475
108 119
108 127
108 185
108 204
108 311
108 328
108 354
108 455
108 457
109 133
109 194
109 232
109 241
109 244
109 350
109 408
109 428
109 443
109 460
110 118
110 126
110 131
110 132
110 140
110 270
110 339
110 360
110 403
110 417
110 424
110 436
111 118
111 158
111 267
111 276
111 318
111 323
111 424
111 425
111 428
111 485
112 147
112 189
112 242
112 248
112 354
112 387
112 402
112 436
112 499
113 119
113 135
113 266
113 268
113 287
114 169
114 196
114 206
114 210
114 216
114 247
114 284
114 324
114 340
114 405
114 412
114 450
114 475
115 150
115 165
115 196
115 210
115 225
115 232
115 336
115 339
115 359
116 158
116 164
116 195
116 311
116 332
116 366
116 367
116 391
116 405
116 488
117 129
117 142
117 158
117 172
117 210
117 249
117 250
117 311
117 312
117 316
117 330
117 339
117 342
117 417
117 418
117 448
117 454
117 498
118 125
118 151
118 176
118 214
118 220
118 251
118 359
118 393
118 402
118 416
119 141
119 153
119 283
119 325
119 335
119 344
119 349
119 379
119 387
120 150
120 155
120 206
120 252
120 268
120 350
120 394
120 404
120 415
120 456
120 475
121 124
121 175
121 261
121 296
121 309
121 314
121 360
121 385
121 420
122 230
122 232
122 254
122 281
122 448
123 163
123 172
123 415
123 443
123 446
123 472
124 126
124 133
124 206
124 216
124 223
124 282
124 292
124 321
124 401
124 437
124 446
125 168
125 180
125 254
125 303
125 310
125 371
125 429
125 439
125 446
125 457
125 492
126 153
126 189
126 258
126 343
126 350
126 363
126 392
126 444
127 131
127 209
127 215
127 295
127 373
127 416
127 428
127 438
127 492
128 174
128 202
128 205
128 248
128 250
129 142
129 162
129 170
129 173
129 240
129 347
129 353
129 375
129 453
129 492
130 140
130 166
130 207
130 252
130 259
130 399
130 463
131 156
131 322
131 339
131 442
131 484
132 222
132 261
132 270
132 408
132 416
132 442
132 466
133 150
133 154
133 226
133 235
133 261
133 275
133 349
133 352
133 375
133 380
133 383
133 406
133 451
133 485
133 496
134 163
134 170
134 186
134 441
134 451
134 462
135 148
135 155
135 191
135 209
135 210
135 295
135 316
135 331
135 337
135 371
135 401
135 415
136 140
136 158
136 258
136 369
136 404
136 412
136 475
137 140
137 195
137 248
137 275
137 317
137 325
137 330
137 334
137 358
137 370
137 409
137 431
137 470
138 194
138 259
138 294
138 323
138 324
138 420
138 461
138 465
138 467
138 479
138 499
139 152
139 154
139 166
139 178
139 194
139 197
139 237
139 318
139 386
139 394
139 451
139 484
140 229
140 266
140 321
140 346
140 481
141 148
141 262
141 363
141 386
141 433
141 482
141 484
142 156
142 199
142 203
142 212
142 221
142 252
142 254
142 262
142 264
142 322
142 366
142 386
142 401
142 441
142 483
143 159
143 175
143 176
143 180
143 185
143 195
143 217
143 231
143 235
143 333
143 368
143 401
144 153
144 228
144 265
144 317
144 333
144 424
144 459
144 474
145 151
145 165
145 169
145 240
145 291
145 311
145 373
145 421
145 443
145 487
146 167
146 207
146 236
146 286
146 287
146 289
146 355
146 408
146 436
146 439
146 443
146 498
147 154
147 183
147 201
147 246
147 274
147 328
147 343
148 155
148 313
148 333
148 359
148 415
148 433
148 495
149 160
149 207
149 218
149 220
149 237
149 311
149 356
149 479
149 498
150 171
150 178
150 186
150 197
150 225
150 228
150 245
150 296
150 317
150 353
150 409
150 492
151 238
151 244
151 260
151 261
151 308
151 359
151 436
151 445
151 453
151 462
151 487
152 166
152 190
152 246
152 275
152 301
152 304
152 322
152 343
152 400
152 404
152 445
152 463
152 473
152 474
152 497
153 197
153 198
153 202
153 254
153 301
153 373
153 399
154 177
154 184
154 200
154 224
154 386
154 409
155 202
155 246
155 264
155 313
155 332
155 351
155 384
155 388
155 456
155 486
155 499
156 180
156 285
156 303
156 362
156 494
157 185
157 258
157 323
157 327
157 358
157 372
157 481
158 175
158 227
158 236
158 241
158 249
158 296
158 310
158 311
158 329
158 491
159 207
159 208
159 228
159 234
159 275
159 334
159 341
159 345
159 361
159 431
160 165
160 213
160 218
160 328
160 353
160 361
160 419
160 451
160 489
160 496
161 211
161 234
161 259
161 272
161 326
161 367
161 402
161 435
162 168
162 214
162 240
162 303
162 307
162 314
162 398
162 418
162 433
162 435
162 455
162 479
163 186
163 260
163 299
163 373
164 166
164 209
164 286
164 359
165 175
165 195
165 230
165 245
165 292
165 322
165 335
165 397
165 403
165 410
165 419
165 465
166 173
166 235
166 318
166 446
166 468
166 470
166 480
167 176
167 216
167 293
167 305
167 323
167 329
167 340
167 441
168 195
168 224
168 278
168 397
169 217
169 219
169 286
169 322
169 400
169 439
169 469
169 484
170 179
170 188
170 211
170 241
170 283
170 306
170 329
170 403
170 447
170 480
171 182
171 221
171 231
171 299
171 321
171 342
171 363
171 390
171 422
171 438
171 449
172 282
172 319
172 393
172 459
172 477
173 295
173 334
173 344
173 414
173 444
173 460
173 462
174 239
174 249
174 324
174 356
174 421
174 466
174 473
175 187
175 192
175 311
175 353
175 367
175 426
176 237
176 272
176 308
176 358
176 409
176 412
176 458
176 483
177 227
177 280
177 292
177 432
177 442
177 466
177 478
177 486
178 179
178 213
178 231
178 273
178 336
178 367
178 418
178 489
178 495
179 208
179 220
179 231
179 241
179 267
179 277
179 304
179 319
179 372
179 441
179 458
179 459
179 468
180 201
180 236
180 243
180 361
180 388
180 425
180 426
180 443
180 445
181 258
181 275
181 284
181 286
181 289
181 305
181 343
181 353
181 368
181 372
181 385
181 392
181 438
182 219
182 319
182 323
182 369
182 380
182 406
182 465
183 289
183 293
183 417
183 452
183 474
184 219
184 255
184 309
184 418
184 433
184 434
184 469
185 191
185 197
185 233
185 247
185 338
185 363
185 397
185 425
185 451
185 473
185 481
186 211
186 215
186 238
186 249
186 328
186 368
186 415
186 416
186 442
186 452
186 468
186 474
186 494
187 200
187 219
187 263
187 264
187 270
187 454
187 462
187 497
188 230
188 258
188 261
188 296
188 329
188 369
188 410
188 427
188 436
188 463
188 483
189 239
189 303
189 350
189 357
189 377
189 411
189 431
189 434
190 252
190 312
190 450
190 488
190 499
191 203
191 207
191 217
191 240
191 266
191 278
191 301
191 378
191 435
191 458
192 196
192 229
192 294
192 315
192 323
192 331
192 369
192 389
193 285
193 300
193 312
193 321
193 339
193 382
193 431
193 478
193 480
194 246
194 328
194 381
194 425
194 489
195 345
195 457
196 201
196 208
196 286
196 311
196 341
196 360
196 379
196 407
196 413
196 421
196 451
196 461
196 473
196 475
196 489
197 236
197 281
197 329
197 453
197 492
198 284
198 302
198 307
198 337
198 355
198 363
198 394
198 428
198 441
199 210
199 218
199 224
199 242
199 264
199 286
199 314
199 315
199 357
199 399
199 423
200 204
200 207
200 221
200 261
200 331
200 350
200 421
200 439
200 440
200 499
201 304
201 345
201 351
201 437
202 207
202 244
202 272
202 275
202 325
202 328
202 332
202 336
202 338
202 388
202 395
202 464
203 228
203 241
203 288
203 314
203 323
203 382
203 408
203 430
203 492
204 219
204 226
204 243
204 258
204 284
204 289
204 330
204 432
204 457
204 474
204 484
204 485
205 207
205 276
205 404
205 446
205 458
206 208
206 250
206 253
206 274
206 304
206 385
207 313
207 318
207 329
207 377
207 378
207 380
207 387
207 418
207 439
207 441
208 217
208 226
208 252
208 294
208 314
208 343
208 402
208 445
208 478
209 218
209 256
209 362
209 374
209 485
209 488
210 258
210 338
210 372
210 390
210 414
210 428
210 463
211 229
211 323
211 335
211 360
211 401
211 413
211 434
211 499
212 213
212 236
212 247
212 318
212 467
213 235
213 246
213 289
213 298
213 359
213 414
213 432
213 437
213 499
214 336
214 376
214 417
215 258
215 334
215 385
215 465
215 495
216 219
216 286
216 370
216 438
216 449
216 470
216 495
217 333
217 368
217 409
217 467
217 476
217 492
217 498
218 220
218 254
218 318
218 360
218 373
218 395
218 399
218 449
219 274
219 393
219 394
219 467
219 474
219 480
220 230
220 252
220 260
220 342
220 497
221 224
221 269
221 289
221 333
221 372
221 374
221 402
221 405
222 290
222 398
222 447
223 277
223 341
223 352
223 488
224 227
224 264
224 317
224 325
224 326
224 331
224 332
224 341
224 390
224 403
224 479
225 238
225 246
225 248
225 307
225 317
225 329
225 359
225 410
225 483
226 251
226 273
226 277
226 292
226 300
226 377
226 397
226 425
226 427
226 431
226 476
226 481
227 287
227 308
227 341
227 392
227 428
227 454
228 240
228 250
228 295
228 347
228 408
228 412
228 420
228 433
228 481
229 252
229 269
229 272
229 307
229 335
229 373
229 381
229 382
230 325
230 457
230 486
231 246
231 255
231 381
231 389
231 395
231 433
232 287
232 314
232 367
232 399
232 408
232 436
232 438
232 466
232 469
232 495
233 261
233 343
233 394
233 407
233 475
233 476
234 280
234 342
234 344
234 380
234 424
234 448
235 269
235 299
235 311
235 361
236 245
236 298
236 306
236 311
236 323
236 324
236 398
236 404
236 415
237 240
237 324
237 328
237 347
237 392
237 407
237 415
237 430
238 248
238 251
238 305
238 357
238 377
238 429
238 461
238 493
239 298
239 302
239 331
239 394
239 431
240 381
240 442
240 465
240 483
241 318
241 320
241 342
241 389
241 396
241 402
241 427
241 436
241 448
241 468
242 250
242 488
243 302
243 322
243 342
243 348
243 359
243 377
243 395
243 411
243 488
244 320
244 359
244 375
244 395
244 420
244 446
244 455
244 498
245 274
245 298
245 302
245 303
245 313
245 391
245 463
246 274
246 394
246 461
246 481
247 252
247 379
247 413
247 471
247 496
248 322
248 326
248 341
248 360
248 438
249 343
249 352
249 455
250 327
250 350
250 371
250 372
250 476
251 286
251 290
251 303
251 399
251 448
252 262
252 292
252 299
252 315
252 430
252 431
252 468
253 299
253 308
253 310
253 314
253 377
253 401
253 459
253 497
254 289
254 407
254 480
255 272
255 303
255 305
255 310
255 312
255 343
255 419
255 432
256 269
256 302
256 307
256 327
256 458
256 466
257 281
257 331
257 427
257 440
257 445
257 499
258 295
258 354
258 397
258 453
259 309
259 341
259 356
259 425
259 460
260 349
260 461
261 271
261 342
261 480
261 498
262 264
262 313
262 323
262 333
262 442
263 321
263 493
263 499
264 266
264 317
264 331
264 373
264 443
265 280
265 323
265 359
265 384
265 386
265 399
266 289
266 329
266 348
266 355
266 360
266 361
266 390
266 496
267 309
267 370
267 371
267 461
267 492
268 311
268 354
268 480
269 329
269 388
269 420
269 426
269 427
270 285
270 340
270 391
270 438
270 440
271 318
271 452
272 314
272 318
272 429
273 291
273 297
273 303
273 318
273 396
273 406
273 475
274 312
274 413
274 464
274 473
275 284
275 320
275 498
276 311
276 469
277 313
277 324
277 353
277 402
277 491
278 316
278 348
278 349
278 393
278 473
278 496
279 345
279 366
279 401
279 438
279 441
279 461
280 285
280 310
280 364
280 438
280 439
280 468
281 294
281 299
281 330
281 347
281 397
281 414
281 435
281 465
281 489
282 350
282 361
282 407
283 381
283 455
283 488
284 315
284 352
284 374
284 417
284 454
284 470
284 480
285 296
285 302
285 309
285 318
285 360
285 367
285 388
285 442
286 314
286 332
286 333
286 368
286 389
286 447
286 452
287 304
287 421
288 387
288 389
288 407
288 493
288 499
289 372
290 399
290 435
290 490
291 398
291 433
291 439
291 445
292 433
292 470
293 305
293 322
293 361
293 377
293 399
293 400
293 448
293 457
293 475
293 481
294 319
294 351
294 368
294 369
294 388
294 421
295 457
295 494
296 378
296 387
296 399
296 403
296 423
296 451
296 454
297 369
297 415
297 419
297 428
297 484
298 382
298 402
298 429
298 437
299 418
299 481
301 308
301 358
301 390
301 393
301 404
301 409
301 486
301 487
302 397
303 413
303 465
303 488
304 339
304 369
304 456
304 483
304 485
305 343
305 351
305 429
305 451
305 473
305 497
306 369
306 463
307 378
307 449
308 362
308 393
308 408
308 452
308 460
309 342
309 441
310 313
310 317
310 331
310 379
310 411
310 451
310 462
310 483
311 322
311 356
311 363
311 371
311 480
311 492
312 359
312 409
313 315
313 362
313 386
313 426
313 464
313 496
314 315
314 442
314 447
314 470
314 473
315 319
315 327
315 357
315 382
315 407
315 477
315 478
316 333
316 355
316 491
317 331
317 340
317 366
317 382
317 412
317 459
317 460
317 480
318 377
318 389
318 394
318 417
318 421
318 451
318 489
319 423
319 481
320 376
320 405
320 457
321 472
321 474
321 490
322 325
322 327
322 328
322 332
322 340
322 388
322 389
322 395
322 466
322 472
323 441
324 344
324 348
324 361
324 367
324 374
324 388
324 421
324 478
325 355
325 427
325 431
325 435
325 444
325 489
326 336
326 343
326 369
326 456
326 478
326 492
327 332
327 386
328 370
328 498
329 419
329 423
329 434
330 347
330 383
330 423
331 368
331 496
332 434
332 435
332 445
332 468
333 357
333 412
333 452
333 455
334 357
334 377
334 395
334 483
335 413
336 340
336 394
336 422
336 476
336 478
337 385
337 406
337 412
337 427
337 440
337 445
337 452
338 344
338 367
338 379
338 427
338 484
339 384
339 389
340 396
341 388
341 493
342 343
342 451
342 485
343 348
343 354
343 361
343 430
343 455
344 347
344 404
344 420
344 422
344 428
344 443
344 472
344 485
345 382
345 422
345 428
345 441
346 349
346 409
346 435
347 351
347 364
347 422
347 450
347 453
347 462
347 473
348 358
348 406
348 471
349 391
349 415
349 437
350 369
350 412
351 370
351 496
352 426
352 478
353 369
353 376
353 379
353 385
353 405
353 437
353 450
353 480
353 496
354 434
354 476
354 487
355 396
355 494
356 359
356 370
356 376
357 364
357 489
358 363
358 374
358 408
359 380
359 400
359 435
359 446
359 454
360 410
360 436
360 479
360 490
361 387
361 399
361 413
361 417
361 467
362 413
362 439
362 474
362 479
363 384
363 401
364 385
364 443
364 477
365 368
365 369
365 389
365 453
366 371
366 401
366 486
367 372
367 426
368 415
368 423
369 389
370 376
370 377
370 391
370 406
370 409
370 445
370 489
370 492
371 476
372 386
373 385
373 406
373 421
373 432
373 485
374 381
374 431
375 466
376 407
376 434
376 437
377 383
377 385
377 403
377 423
377 443
377 492
377 493
378 424
378 433
380 410
380 414
381 406
381 417
381 431
381 496
382 452
382 461
383 404
383 415
383 416
384 386
384 418
384 432
384 441
384 462
384 475
385 413
385 444
385 463
386 434
386 451
386 490
387 479
387 487
387 492
388 435
388 460
389 439
389 440
390 412
390 438
390 445
392 415
392 497
392 498
393 430
393 437
393 448
394 397
394 417
394 475
394 483
395 432
395 435
395 442
395 493
396 400
396 421
396 439
396 443
396 453
397 403
397 419
397 463
398 457
399 454
399 475
401 464
401 485
402 427
402 440
402 475
402 480
402 485
403 427
403 430
403 442
404 482
406 428
406 439
406 491
407 434
407 482
408 415
408 455
409 470
409 482
410 448
410 479
411 445
411 486
412 433
412 435
412 476
412 494
414 431
414 437
415 435
416 452
416 458
416 469
417 494
418 449
418 451
418 474
418 493
418 494
419 455
419 472
420 437
420 488
420 491
421 474
422 461
423 432
423 459
423 492
424 429
424 450
424 455
424 475
425 478
425 495
428 436
428 454
429 439
432 439
435 436
435 441
435 443
435 459
435 480
436 440
436 445
436 448
436 457
437 447
438 480
438 495
439 487
439 488
440 445
440 458
441 469
441 471
442 471
444 449
444 495
445 460
445 468
447 469
447 493
450 451
451 464
451 466
454 480
454 491
454 493
456 460
456 466
457 469
458 474
459 461
460 486
462 470
463 483
466 485
466 496
467 489
468 473
470 485
471 483
471 495
472 476
472 495
475 480
476 494
479 486
479 498
480 487
480 489
482 498
492 495
