0
500
3038
0
1
0
0 10
0 162
0 194
0 256
0 401
0 410
0 446
0 469
1 12
1 30
1 89
1 132
1 215
1 227
1 233
1 274
1 301
1 306
1 329
1 394
1 446
1 460
2 7
2 86
2 119
2 175
2 206
2 247
2 257
2 277
2 386
2 391
3 17
3 58
3 107
3 114
3 227
3 383
3 430
3 440
3 480
3 485
4 7
4 31
4 50
4 63
4 132
4 198
4 298
4 365
4 385
4 472
5 48
5 54
5 67
5 72
5 73
5 288
5 310
5 314
5 384
5 447
5 453
5 469
5 491
6 59
6 82
6 91
6 101
6 170
6 187
6 191
6 202
6 203
6 251
6 257
6 464
6 475
6 495
7 78
7 87
7 127
7 191
7 214
7 343
7 360
7 388
7 407
7 440
8 45
8 46
8 102
8 164
8 216
8 253
8 270
8 275
8 299
8 328
8 330
8 341
8 402
8 410
9 18
9 65
9 97
9 223
9 271
9 296
9 311
9 339
9 346
9 352
9 369
9 402
9 406
9 444
10 30
10 31
10 55
10 130
10 170
10 228
10 240
10 242
10 250
10 284
10 346
10 490
11 71
11 92
11 237
11 256
11 260
11 271
11 310
11 318
11 331
11 374
11 375
11 404
11 407
11 413
11 436
12 27
12 152
12 192
12 195
12 206
12 236
12 252
12 270
12 302
12 422
12 437
12 473
12 481
13 85
13 110
13 253
13 272
13 343
13 354
13 386
13 433
13 434
13 448
13 458
14 36
14 81
14 92
14 133
14 136
14 153
14 266
14 269
14 274
14 409
15 38
15 56
15 61
15 267
15 294
15 296
15 301
15 334
15 360
15 380
15 415
15 460
15 471
15 483
16 41
16 61
16 94
16 96
16 211
16 265
16 293
16 299
16 365
16 422
16 434
16 490
16 494
17 34
17 62
17 80
17 207
17 263
17 332
17 392
18 20
18 42
18 56
18 90
18 91
18 214
18 299
18 300
18 383
18 403
18 456
19 49
19 225
19 276
19 292
19 363
19 378
19 403
19 446
19 487
19 492
20 30
20 111
20 116
20 126
20 156
20 162
20 170
20 242
20 278
20 305
20 350
20 378
20 421
20 423
21 52
21 65
21 73
21 135
21 189
21 204
21 251
21 262
21 460
22 41
22 65
22 303
22 310
22 330
22 334
22 372
22 474
23 32
23 57
23 76
23 116
23 133
23 206
23 215
23 233
23 252
23 319
23 338
23 348
23 354
23 448
24 80
24 83
24 97
24 141
24 150
24 158
24 237
24 265
24 268
24 299
24 304
24 306
24 318
24 345
24 360
24 398
24 410
24 455
25 31
25 36
25 54
25 58
25 131
25 168
25 173
25 180
25 183
25 223
25 267
25 283
25 310
25 318
25 426
25 433
25 466
26 36
26 87
26 189
26 231
26 248
26 255
26 266
26 301
26 305
26 358
26 384
26 388
26 456
26 499
27 171
27 193
27 236
27 243
27 404
27 421
28 29
28 156
28 181
28 226
28 236
28 240
28 268
28 280
28 321
28 372
28 453
29 41
29 65
29 127
29 142
29 170
29 206
29 213
29 258
29 310
29 318
29 367
29 374
29 381
29 433
30 62
30 85
30 114
30 142
30 171
30 188
30 238
30 336
30 341
30 344
30 373
30 416
30 478
30 487
31 52
31 126
31 135
31 143
31 152
31 225
31 266
31 281
31 287
31 397
31 450
31 483
32 42
32 88
32 187
32 226
32 239
32 246
32 259
32 323
32 389
32 483
33 87
33 204
33 270
33 337
33 420
33 436
34 35
34 40
34 88
34 112
34 117
34 129
34 130
34 185
34 202
34 219
34 245
34 270
34 292
34 336
34 347
34 349
34 359
34 375
34 408
34 475
34 494
35 109
35 143
35 154
35 307
35 313
35 386
35 396
36 58
36 70
36 133
36 150
36 229
36 344
36 362
36 373
36 383
36 392
36 415
36 425
36 455
37 39
37 82
37 291
37 315
37 368
37 375
37 382
37 395
38 40
38 130
38 138
38 270
38 277
38 282
38 342
38 429
38 441
38 455
39 57
39 64
39 160
39 217
39 283
39 322
39 354
39 404
39 415
40 81
40 122
40 130
40 144
40 190
40 227
40 281
40 352
40 386
40 392
40 466
41 101
41 119
41 230
41 243
41 285
41 303
41 327
41 332
41 386
41 405
41 420
41 492
42 52
42 83
42 92
42 116
42 152
42 156
42 190
42 212
42 261
42 353
42 377
42 381
42 385
42 425
42 445
42 472
43 82
43 84
43 152
43 188
43 224
43 276
43 341
43 368
43 420
43 421
43 437
44 51
44 69
44 81
44 145
44 159
44 162
44 169
44 222
44 320
44 329
44 334
44 341
44 376
44 400
44 452
44 465
44 493
44 496
45 47
45 77
45 292
45 299
45 309
45 366
45 377
45 463
46 63
46 85
46 113
46 116
46 160
46 177
46 192
46 229
46 250
46 279
46 336
46 357
46 390
46 415
46 428
47 51
47 61
47 91
47 96
47 115
47 136
47 227
47 239
47 253
47 263
47 281
47 284
47 325
47 363
47 372
47 425
47 439
47 493
48 94
48 207
48 232
48 249
48 281
48 303
48 315
48 326
48 461
48 477
48 498
49 110
49 138
49 141
49 161
49 186
49 289
49 315
49 391
49 462
50 59
50 78
50 99
50 201
50 242
50 363
50 381
50 457
51 76
51 144
51 187
51 212
51 285
51 347
51 361
51 377
51 405
51 409
52 85
52 87
52 140
52 148
52 182
52 240
52 268
52 327
52 346
52 389
52 451
53 84
53 89
53 162
53 230
53 331
53 391
53 401
53 407
53 414
53 442
54 103
54 123
54 144
54 185
54 375
54 382
54 390
54 473
54 479
55 134
55 180
55 191
55 196
55 212
55 297
55 324
55 368
55 385
55 419
55 423
55 427
55 463
56 298
56 384
56 408
56 438
57 62
57 63
57 96
57 125
57 144
57 160
57 168
57 177
57 201
57 203
57 294
57 295
57 349
57 353
57 413
57 429
57 462
57 495
58 59
58 147
58 211
58 251
58 308
58 349
58 468
58 493
58 498
59 94
59 103
59 113
59 135
59 219
59 230
59 279
59 287
59 299
59 325
59 329
59 362
59 363
59 383
59 420
59 475
60 77
60 81
60 210
60 270
60 372
60 395
60 413
60 431
60 445
61 90
61 129
61 144
61 173
61 239
61 297
61 335
61 363
61 411
61 435
61 467
61 475
62 98
62 137
62 140
62 150
62 154
62 187
62 210
62 226
62 233
62 316
62 397
62 474
63 92
63 115
63 206
63 216
63 238
63 259
63 260
63 316
63 318
63 349
63 351
63 404
63 422
63 455
63 481
63 499
64 243
64 290
64 368
64 406
64 458
64 473
65 103
65 128
65 146
65 169
65 195
65 207
65 212
65 232
65 239
65 272
65 343
65 370
65 471
66 67
66 94
66 204
66 300
66 392
66 419
66 471
66 481
67 173
67 199
67 214
67 263
67 267
67 273
67 391
67 429
68 141
68 189
68 202
68 243
68 268
68 332
68 346
68 467
69 145
69 161
69 234
69 347
69 378
69 383
69 481
70 78
70 202
70 277
70 308
70 315
70 336
70 339
70 352
70 366
70 373
70 465
70 477
71 115
71 158
71 167
71 173
71 196
71 205
71 207
71 225
71 229
71 333
71 339
71 340
72 93
72 99
72 126
72 127
72 209
72 257
72 339
72 365
72 407
72 444
72 473
73 75
73 78
73 95
73 144
73 183
73 246
73 268
73 297
73 317
73 341
73 360
73 417
73 418
73 431
73 491
74 75
74 172
74 183
74 242
74 257
74 299
74 355
74 396
74 417
74 471
74 491
75 97
75 129
75 134
75 135
75 147
75 159
75 179
75 193
75 252
75 287
75 382
75 415
75 427
75 487
76 81
76 107
76 117
76 167
76 267
76 341
77 87
77 121
77 160
77 240
77 245
77 257
77 320
77 362
77 447
78 130
78 132
78 161
78 217
78 255
78 284
78 324
78 374
78 376
78 486
79 127
79 132
79 133
79 168
79 219
79 263
79 277
79 294
79 310
79 360
79 370
79 408
79 438
79 462
79 486
80 125
80 129
80 183
80 189
80 244
80 271
80 282
80 394
80 439
80 474
81 154
81 157
81 234
81 257
81 280
81 344
81 402
81 419
81 445
82 88
82 90
82 117
82 181
82 217
82 222
82 366
82 392
82 452
82 459
82 460
83 150
83 170
83 219
83 227
83 249
83 356
83 415
83 499
84 132
84 216
84 324
84 325
84 336
84 347
84 358
84 406
85 141
85 257
85 294
85 352
85 413
85 459
85 492
86 89
86 111
86 187
86 256
86 265
86 384
86 402
86 404
87 94
87 159
87 227
87 301
87 307
87 360
87 417
88 131
88 220
88 253
88 260
88 378
88 384
88 440
89 96
89 118
89 121
89 177
89 233
89 266
89 280
89 301
89 321
89 339
89 390
89 393
89 405
89 454
89 469
89 498
89 499
90 115
90 124
90 150
90 193
90 202
90 220
90 257
90 332
90 350
90 453
90 469
91 97
91 140
91 142
91 149
91 276
91 352
91 355
91 409
91 419
91 440
91 449
92 94
92 118
92 140
92 159
92 264
92 289
92 396
92 419
92 433
93 241
93 321
93 327
93 363
93 380
93 396
93 480
94 107
94 121
94 146
94 166
94 187
94 386
94 411
95 97
95 109
95 201
95 300
95 394
95 399
95 404
95 412
95 468
95 483
96 121
96 137
96 199
96 250
96 336
96 377
96 381
96 388
96 441
97 113
97 146
97 189
97 245
97 262
97 268
97 316
97 326
97 346
97 360
97 482
98 116
98 178
98 187
98 198
98 199
98 207
98 233
98 268
98 284
98 292
98 318
98 363
98 497
99 121
99 141
99 184
99 313
99 343
99 345
99 397
99 457
100 115
100 135
100 156
100 252
100 254
100 264
100 302
100 361
100 401
100 403
100 422
100 430
100 439
100 440
100 448
100 453
101 209
101 254
101 293
101 312
101 341
101 389
101 399
101 433
101 442
101 451
102 114
102 151
102 267
102 275
102 282
102 306
102 317
102 358
102 360
102 408
102 429
103 164
103 169
103 171
103 178
103 188
103 193
103 249
103 273
103 359
103 393
103 420
104 153
104 214
104 271
104 293
104 323
104 486
104 494
105 144
105 159
105 177
105 224
105 230
105 241
105 274
105 301
105 391
105 446
105 469
106 158
106 210
106 235
106 289
106 351
106 368
106 430
106 453
107 246
107 276
107 295
107 335
107 383
108 144
108 159
108 210
108 217
108 266
108 270
108 430
108 498
109 125
109 214
109 272
109 386
109 393
109 448
109 470
109 489
110 169
110 292
110 293
110 343
110 359
110 376
110 417
110 419
110 477
111 118
111 195
111 201
111 239
111 268
111 311
111 324
111 330
111 337
111 369
111 434
111 443
111 499
112 159
112 201
112 245
112 250
112 270
112 357
112 376
112 400
112 435
112 437
112 469
112 498
113 173
113 197
113 226
113 231
113 242
113 260
113 268
113 368
113 486
114 183
114 199
114 225
114 268
114 287
114 315
114 389
114 410
114 434
114 444
115 118
115 132
115 140
115 144
115 166
115 206
115 216
115 224
115 275
115 298
115 348
115 376
115 418
115 434
115 480
115 491
116 144
116 189
116 214
116 252
116 280
116 330
116 335
116 337
116 386
116 404
116 423
117 145
117 197
117 229
117 232
117 285
117 326
117 374
117 401
117 474
118 126
118 205
118 333
118 366
118 464
119 187
119 226
119 310
119 314
119 329
119 364
119 398
120 153
120 209
120 300
120 342
121 135
121 163
121 238
121 272
121 466
121 483
122 146
122 195
122 247
122 257
122 290
122 327
122 340
122 344
122 379
122 399
123 133
123 180
123 181
123 308
123 342
123 379
123 449
123 464
123 485
124 135
124 162
124 185
124 211
124 235
124 268
124 283
124 320
124 350
125 201
125 363
125 378
126 131
126 141
126 222
126 251
126 269
126 384
126 391
126 404
126 489
127 183
127 188
127 189
127 190
127 213
127 242
127 291
127 325
127 334
127 372
128 170
128 218
128 272
128 321
128 382
128 398
128 449
128 469
129 189
129 206
129 295
129 304
129 306
129 333
129 353
129 367
129 395
129 397
129 398
129 412
129 468
130 140
130 155
130 191
130 233
130 343
130 356
130 405
130 431
130 441
130 449
130 459
130 460
130 464
131 224
131 279
131 284
132 146
132 163
132 169
132 234
132 254
132 339
132 341
132 381
132 405
132 422
132 437
133 189
133 223
133 230
133 231
133 250
133 256
133 263
133 305
133 312
133 407
133 450
133 492
134 178
134 209
134 265
134 310
134 385
134 494
135 147
135 172
135 173
135 231
135 260
135 264
135 407
135 427
135 464
135 465
135 487
136 138
136 280
136 320
136 332
136 357
136 381
136 393
136 408
137 230
137 269
137 311
137 335
137 360
137 373
137 442
137 495
138 226
138 268
138 276
138 306
138 355
138 365
139 145
139 277
139 318
139 322
139 378
139 387
139 388
139 421
139 434
139 438
139 472
140 165
140 256
140 272
140 278
140 352
140 396
140 427
140 470
141 318
141 366
141 394
141 420
141 430
141 455
141 497
142 160
142 214
142 237
142 253
142 258
142 346
142 357
142 381
142 410
142 475
142 488
142 495
143 263
143 340
143 346
143 389
144 147
144 179
144 281
144 358
144 398
144 493
145 156
145 184
145 232
145 257
145 277
145 323
145 324
145 356
145 370
146 156
146 212
146 233
146 258
146 269
146 276
146 303
146 318
146 361
146 416
146 425
146 435
146 437
146 495
147 183
147 297
147 318
147 343
147 349
147 354
147 381
147 396
147 398
147 487
148 221
148 262
148 291
148 297
148 324
148 401
148 456
148 478
149 162
149 175
149 187
149 223
149 262
149 273
149 298
149 338
149 355
149 378
149 433
149 451
150 180
150 258
150 283
150 305
150 320
150 344
150 363
150 368
150 385
150 432
150 473
151 176
151 227
151 295
151 308
151 339
151 360
151 464
152 177
152 183
152 230
152 266
153 158
153 258
153 305
154 158
154 159
154 223
154 230
154 232
154 337
154 338
154 358
154 403
154 432
155 242
155 243
155 339
155 349
155 416
156 162
156 201
156 205
156 219
156 256
156 289
156 361
156 380
156 450
156 476
157 210
157 235
157 323
157 441
158 218
158 221
158 247
158 370
158 371
158 396
158 484
158 494
159 245
159 394
159 414
159 468
159 482
160 188
160 197
160 212
160 265
160 285
160 412
160 468
160 473
160 489
161 174
161 184
161 220
161 284
161 313
161 380
161 410
161 492
162 296
162 319
162 347
162 376
162 381
162 483
163 196
163 238
163 263
163 293
163 299
163 326
163 373
163 397
163 407
163 465
164 223
164 256
164 388
164 453
164 470
165 169
165 190
165 191
165 218
165 228
165 361
165 363
165 395
165 462
166 268
166 348
166 363
166 440
166 496
167 213
167 236
167 255
167 256
167 274
167 282
167 362
167 364
167 378
167 394
167 407
167 480
168 177
168 180
168 201
168 275
168 324
168 361
168 372
168 379
168 408
168 485
169 189
169 197
169 272
169 276
169 397
169 436
169 446
170 223
170 249
170 251
170 254
170 299
170 303
170 328
170 398
170 428
170 441
170 446
170 462
171 224
171 229
171 232
171 242
171 361
171 430
171 496
172 231
172 238
172 250
172 265
172 404
172 437
173 196
173 231
173 293
173 375
173 417
173 436
174 255
174 264
174 392
174 417
174 453
174 491
175 243
175 255
175 259
175 326
175 349
175 390
175 420
175 435
175 437
176 215
176 312
176 335
176 345
176 377
176 404
176 491
177 201
177 300
177 313
177 385
177 444
177 447
177 496
178 215
178 255
178 279
178 284
178 306
178 344
178 367
178 376
178 377
178 401
178 438
178 450
179 204
179 226
179 252
179 270
179 319
179 322
179 387
179 398
179 400
179 412
179 440
179 452
179 458
179 466
180 192
180 279
180 362
180 376
180 476
181 209
181 237
181 270
181 274
181 295
181 307
181 320
181 442
181 448
181 457
181 483
182 235
182 273
182 284
182 292
182 404
183 205
183 243
183 246
183 260
183 275
183 292
183 315
183 341
183 364
183 379
183 385
183 413
183 473
183 486
183 487
184 285
184 405
184 429
184 463
184 488
185 246
185 250
185 301
185 344
185 369
185 399
186 242
186 278
186 383
186 427
186 462
186 479
187 199
187 235
187 239
187 437
187 466
188 235
188 251
188 283
188 298
188 299
188 437
188 441
188 458
188 468
189 220
189 236
189 259
189 272
189 398
189 410
189 482
190 255
190 256
190 271
190 380
190 460
191 212
191 237
191 282
191 354
191 361
191 370
191 460
192 201
192 308
192 353
192 436
192 481
192 492
193 194
193 195
193 242
193 252
193 288
193 315
193 334
193 378
193 433
193 442
194 259
194 275
194 284
194 322
194 334
194 429
194 477
194 489
195 453
195 487
195 490
196 210
196 226
196 321
196 345
196 378
196 418
196 424
196 459
197 198
197 345
197 395
197 403
198 207
198 211
198 266
198 317
198 372
198 435
198 471
198 480
199 224
199 231
199 238
199 268
199 353
199 368
199 375
199 386
200 233
200 258
200 259
200 283
200 314
200 449
201 228
201 268
201 348
201 373
201 398
201 407
201 439
202 224
202 234
202 330
202 365
202 387
202 390
202 431
202 433
203 366
203 422
203 437
203 444
204 309
204 400
204 498
205 230
205 250
205 269
205 339
205 358
205 419
205 440
206 207
206 212
206 216
206 229
206 336
206 368
207 304
207 317
207 411
207 412
207 488
208 213
208 216
208 242
208 254
208 260
208 278
208 288
208 291
208 368
208 447
208 450
209 217
209 277
209 332
209 341
209 354
210 233
210 302
210 339
210 351
210 381
210 385
210 390
210 425
210 461
211 235
211 323
211 347
211 421
211 427
212 247
212 304
212 310
212 420
212 425
213 235
213 277
213 284
213 313
213 325
213 391
213 415
213 429
214 217
214 253
214 348
214 358
214 414
214 462
215 256
215 274
215 303
215 357
215 383
215 410
215 415
215 473
215 491
216 242
216 243
216 320
216 357
216 478
217 267
217 311
217 318
217 353
217 374
217 380
217 417
217 432
218 237
218 262
218 312
218 357
218 377
218 396
218 425
218 438
218 449
219 269
219 275
219 287
219 444
219 460
220 327
220 371
220 422
220 426
221 233
221 246
221 259
221 275
221 347
221 366
221 375
221 398
221 403
221 406
221 424
221 426
221 444
221 499
222 303
222 308
222 314
222 318
222 380
222 460
223 284
223 295
223 321
223 341
223 401
223 412
223 416
223 422
223 489
223 496
224 225
224 271
224 296
224 312
224 316
224 350
224 360
224 374
224 395
224 414
224 418
225 257
225 367
225 412
225 422
225 446
225 476
225 488
226 255
226 320
226 325
226 431
226 448
227 229
227 291
227 301
227 334
227 339
227 363
227 400
227 473
228 232
228 270
228 281
228 309
228 330
228 427
228 458
228 483
228 489
229 292
229 295
229 297
229 301
229 341
229 365
229 389
229 402
229 493
230 237
230 313
230 319
230 320
230 355
230 386
230 387
230 448
231 239
231 245
231 270
231 286
231 327
231 359
231 361
231 371
231 468
231 487
231 498
232 243
232 256
232 295
232 319
232 349
232 395
232 416
232 439
232 451
232 472
233 299
233 342
233 426
233 459
233 481
234 317
234 322
234 362
234 420
234 486
235 277
235 285
235 321
235 339
235 344
235 409
235 465
235 469
235 473
236 272
236 310
236 367
236 451
236 478
237 365
237 382
237 429
237 447
237 462
237 480
237 481
237 499
238 277
238 289
238 295
238 405
238 438
238 447
238 476
238 492
239 264
239 313
239 318
239 320
239 407
239 447
239 483
240 277
240 304
240 308
240 315
240 324
240 361
240 386
240 427
241 281
241 283
241 306
241 367
241 402
241 446
241 471
241 480
242 348
242 404
242 416
242 444
242 447
243 372
243 415
243 473
243 480
243 484
244 296
244 298
244 328
244 341
244 373
244 454
244 461
244 484
244 497
245 296
245 401
245 402
245 421
246 256
246 288
246 302
246 369
247 343
247 400
247 452
248 425
248 455
249 286
249 305
249 387
249 389
249 402
249 423
249 479
250 278
250 344
250 359
250 370
250 373
250 391
250 392
250 423
250 428
250 457
251 266
251 273
251 312
251 397
251 452
252 279
252 320
252 388
252 434
252 441
253 296
253 315
253 319
253 388
253 400
253 420
255 290
255 353
255 401
255 405
255 409
255 461
255 483
256 283
256 315
256 366
256 437
256 443
256 463
256 491
256 494
257 305
257 309
257 321
257 345
257 350
257 417
257 421
257 435
257 491
258 283
258 288
258 338
258 410
258 485
258 490
258 491
259 294
259 362
259 417
259 436
259 485
260 302
260 390
260 427
260 471
261 323
261 342
261 382
261 395
261 438
261 451
262 276
262 332
262 413
263 276
263 278
263 313
263 328
263 352
263 384
263 427
263 432
263 455
264 300
264 316
264 386
264 417
264 419
264 499
265 376
265 403
265 464
265 474
266 284
266 287
266 319
266 362
266 389
266 414
267 304
267 309
267 314
267 320
267 352
267 353
267 360
267 377
267 447
267 458
268 294
268 340
268 479
268 485
268 497
269 271
269 291
269 320
269 364
269 398
269 406
269 452
270 273
270 355
270 405
271 335
271 397
271 437
272 339
272 342
272 369
272 483
273 431
274 284
274 353
274 367
274 383
274 419
274 447
274 450
275 284
275 305
275 354
275 366
275 398
275 446
276 302
276 317
276 319
276 321
276 373
276 396
276 407
276 427
276 477
277 403
277 416
278 282
278 283
278 300
278 329
278 354
278 355
278 362
278 390
278 429
278 445
278 463
279 335
279 338
279 342
279 360
279 385
279 422
279 424
279 444
279 453
280 318
280 323
281 343
281 361
281 365
281 383
281 440
281 446
282 326
282 336
282 345
282 409
282 463
282 499
283 298
283 342
283 428
283 457
284 407
284 490
285 318
285 328
285 449
286 307
286 363
286 407
286 461
286 496
287 345
287 409
287 472
288 304
288 323
288 374
288 434
288 441
288 443
288 447
288 473
288 482
288 484
288 494
289 407
290 306
290 311
290 409
291 367
291 421
291 468
291 494
292 307
292 312
292 320
292 354
292 411
292 427
292 433
292 461
292 466
292 496
293 339
293 347
293 354
293 404
293 423
293 430
293 434
293 471
294 299
294 314
294 437
294 446
294 450
295 321
295 335
295 343
295 345
295 354
295 365
295 438
295 476
295 497
296 380
296 424
296 437
296 468
297 311
297 325
297 326
297 446
297 454
297 480
298 327
298 362
298 405
298 486
299 433
300 316
300 339
300 373
300 429
300 454
301 365
301 421
301 487
302 355
302 402
302 429
302 466
303 305
303 307
303 332
303 380
303 483
304 338
304 351
304 359
304 387
304 390
304 401
304 408
304 441
304 474
305 413
305 417
305 418
305 443
305 452
306 416
306 456
306 489
307 330
307 335
307 354
307 381
307 392
307 414
307 425
308 407
308 409
308 432
308 439
308 459
309 310
309 314
309 328
310 438
310 497
311 338
311 344
311 384
312 415
312 463
312 468
312 480
313 441
314 330
314 378
314 462
314 476
314 481
315 485
315 495
316 323
316 332
316 340
316 343
316 365
316 376
316 461
317 329
317 365
317 386
317 424
317 452
317 480
317 483
317 487
318 323
318 362
318 396
318 444
319 419
319 464
319 468
320 328
320 345
320 411
320 429
321 387
321 394
321 452
321 473
322 344
322 370
322 381
322 428
322 432
322 458
323 384
323 406
323 441
323 445
323 485
323 489
324 349
324 357
324 484
324 497
326 417
326 453
326 456
326 474
326 483
327 331
327 392
327 446
327 460
327 496
328 333
328 426
328 471
328 486
328 497
329 362
329 406
330 343
330 353
330 366
330 390
330 414
330 470
331 382
331 424
331 470
331 479
332 408
332 462
332 476
333 371
333 378
333 421
333 433
333 473
334 404
334 438
334 461
335 359
335 406
335 457
335 468
335 493
336 350
336 398
336 421
336 436
336 497
337 342
337 357
337 363
337 366
337 422
337 466
337 499
338 441
338 476
339 340
339 371
339 375
339 408
339 465
340 350
340 393
340 476
341 343
341 357
341 440
342 383
342 416
342 428
342 455
344 458
344 482
345 433
346 432
346 446
346 450
346 474
347 383
347 384
347 396
347 465
347 492
348 358
348 460
348 486
349 413
349 451
349 457
350 440
350 442
350 498
351 358
351 373
351 384
351 408
351 471
352 373
352 374
352 397
352 429
353 356
353 413
353 473
354 448
355 373
355 392
355 477
355 495
356 362
356 365
356 389
356 410
356 414
356 450
356 459
356 482
357 396
357 491
357 495
358 372
358 377
358 379
358 399
358 445
359 402
359 404
359 409
359 484
360 366
360 384
360 399
360 464
361 383
361 393
361 435
361 451
361 469
361 486
362 408
362 465
362 469
363 370
363 447
363 453
363 455
364 366
364 385
364 434
364 480
365 394
365 428
365 434
365 457
365 468
366 382
366 407
367 404
367 495
368 383
368 398
368 408
368 462
369 418
369 443
369 460
369 486
370 398
370 467
370 482
371 393
371 404
371 426
372 456
372 488
373 408
373 433
373 466
373 472
373 476
374 445
374 460
375 427
375 493
376 384
376 405
376 465
376 475
376 485
377 434
378 446
378 484
379 419
379 439
379 462
380 402
380 422
380 472
381 404
381 409
381 415
381 466
381 467
383 407
383 412
383 452
383 480
384 400
384 429
384 444
385 419
385 427
385 446
385 497
386 432
386 447
386 482
387 400
387 413
387 434
387 490
387 497
388 416
388 455
388 459
388 492
389 428
390 432
390 459
391 440
391 459
391 479
392 394
392 423
392 462
392 497
393 444
393 497
394 395
394 442
395 430
395 457
396 467
397 412
397 431
397 473
398 435
399 449
399 450
399 457
400 413
400 417
400 426
400 439
400 484
401 483
402 442
402 458
403 408
404 416
404 433
404 438
404 487
405 432
405 438
406 489
407 412
407 476
407 480
408 442
408 476
409 460
409 461
410 438
411 412
411 458
411 475
412 442
412 488
412 489
413 425
413 432
413 470
414 464
415 440
417 427
417 488
418 452
418 464
419 449
419 468
420 425
420 444
420 461
421 424
422 436
423 458
423 476
423 487
424 455
425 466
426 444
426 447
426 487
427 428
427 468
428 438
429 466
429 474
429 483
429 490
430 496
431 450
431 479
431 486
432 433
432 434
432 496
433 440
434 435
434 447
435 443
435 474
437 457
438 493
439 462
439 497
440 461
441 450
442 491
443 499
444 491
446 492
447 454
450 452
450 499
451 488
452 476
454 468
454 488
454 494
455 469
457 481
458 471
461 479
461 497
463 492
464 469
464 491
465 485
467 481
467 482
468 474
470 481
471 496
471 499
473 495
474 479
476 480
478 484
479 483
480 485
481 487
482 483
482 488
485 491
485 494
490 496
