0
500
1828
0
1
0
0 147
0 153
0 161
0 316
0 324
0 479
0 498
1 15
1 43
1 57
1 118
1 196
1 291
1 293
1 376
1 407
1 496
2 80
2 314
2 416
2 446
2 452
3 43
3 117
3 189
3 244
3 265
3 278
3 380
3 384
4 239
4 272
4 354
4 375
4 382
4 385
5 15
5 16
5 67
5 69
5 142
5 209
5 244
5 361
5 416
5 483
6 8
6 165
6 451
6 486
7 87
7 169
7 175
7 187
7 189
7 231
7 291
7 485
8 44
8 62
8 119
8 161
8 184
8 193
8 318
8 365
9 99
9 111
9 191
9 291
9 365
9 444
10 15
10 59
10 80
10 229
10 253
10 291
10 310
10 398
11 298
11 382
11 398
12 91
12 242
12 257
13 16
13 18
13 50
13 317
13 407
13 421
14 41
14 67
14 188
14 360
14 481
15 44
15 76
15 86
15 91
15 125
15 135
15 167
15 288
15 332
15 382
15 409
15 479
16 37
16 54
16 123
16 263
16 408
16 455
17 29
17 63
17 199
17 228
17 247
17 279
17 287
17 292
17 318
17 320
17 452
17 456
17 468
18 31
18 227
18 279
18 313
18 332
18 431
19 47
19 73
19 75
19 78
19 134
19 163
19 172
19 240
19 270
19 362
19 444
20 217
20 226
20 284
20 292
20 408
20 464
20 479
21 65
21 112
21 212
21 370
21 376
21 394
21 417
21 488
22 82
22 141
22 269
23 52
23 88
23 96
23 107
23 190
23 295
23 353
23 437
23 491
24 86
24 274
24 279
24 340
24 380
25 97
25 166
25 174
25 195
25 235
25 243
25 332
25 374
25 423
26 64
26 142
26 188
26 315
26 356
26 386
27 196
27 247
27 303
28 87
28 194
28 243
28 257
28 292
28 314
28 345
29 61
29 214
29 298
29 438
29 493
30 101
30 111
30 122
30 195
30 317
30 413
30 441
30 444
30 478
31 59
31 416
31 457
32 320
32 376
32 380
32 474
32 479
32 489
32 490
33 138
33 148
33 231
33 232
33 273
33 316
33 348
33 475
33 483
34 83
34 233
34 294
34 335
34 359
34 374
35 68
35 79
35 176
35 297
35 299
35 420
35 443
35 485
36 51
36 179
36 221
36 296
36 464
36 498
37 79
37 127
37 206
37 256
37 273
37 365
37 441
38 83
38 104
38 114
38 249
38 370
38 440
38 493
39 46
39 137
39 182
39 329
40 133
40 198
40 221
40 271
40 385
40 410
41 104
41 212
41 398
41 439
42 185
42 377
42 494
43 251
43 338
43 373
43 388
43 476
44 257
44 290
44 333
44 433
44 496
45 77
45 160
45 224
45 305
45 314
45 447
45 471
46 207
46 321
46 439
46 471
47 98
47 233
47 255
47 276
47 300
47 303
47 317
47 417
48 105
48 330
48 386
49 88
49 167
49 176
49 202
49 226
49 265
49 400
50 97
50 171
50 207
50 394
50 492
51 163
51 331
51 349
51 423
51 451
51 454
51 458
52 195
52 255
52 357
52 380
52 419
53 198
53 206
53 219
53 260
53 298
53 354
53 436
53 446
53 466
54 140
54 151
54 180
54 213
54 243
54 340
54 385
54 456
55 259
55 284
55 295
55 340
55 447
55 467
56 183
56 235
56 287
56 303
56 457
56 468
57 59
57 74
57 234
57 269
57 317
57 326
57 328
57 433
57 469
58 204
58 225
58 231
58 252
58 309
58 363
58 441
58 477
58 485
59 71
59 81
59 146
59 174
59 266
59 291
59 399
60 65
60 118
60 139
60 159
60 294
60 315
60 321
60 365
60 385
60 457
60 475
61 169
61 269
61 307
61 453
62 71
62 133
62 142
62 192
62 218
62 334
62 356
62 419
62 463
62 487
63 98
63 156
63 219
63 280
63 340
63 344
63 476
64 135
64 323
64 387
64 403
64 464
65 74
65 88
65 117
65 140
65 196
65 278
65 344
65 477
65 494
66 202
66 395
66 467
67 148
67 155
67 204
67 238
67 400
67 419
67 433
67 485
68 77
68 100
68 128
68 304
69 251
69 253
69 323
69 374
69 460
69 462
69 471
69 498
70 88
70 138
70 153
70 200
70 281
70 400
70 404
71 92
71 118
71 389
71 416
72 105
72 150
72 199
72 227
72 254
72 256
72 322
72 397
73 212
73 307
73 384
73 447
74 105
74 241
74 298
74 356
74 403
74 413
74 426
75 91
75 110
75 344
75 351
75 408
75 424
76 87
76 124
76 170
76 254
76 259
76 386
76 485
77 235
77 247
77 331
77 370
77 408
77 455
78 101
78 117
78 125
78 232
78 248
78 277
78 301
78 309
78 314
78 347
78 371
78 397
78 415
78 479
79 122
79 326
80 109
80 218
80 280
80 407
80 493
81 129
81 282
81 379
81 380
81 432
81 436
82 91
82 133
82 140
82 169
82 295
82 403
83 183
83 201
83 211
83 214
83 369
83 428
83 469
83 483
84 97
84 242
84 317
84 350
84 481
85 110
85 139
85 221
85 255
85 312
85 407
85 410
85 427
85 467
86 117
86 161
86 204
86 445
86 451
87 185
87 230
87 495
88 320
88 388
88 457
89 191
89 441
89 481
90 168
90 183
90 362
90 379
90 426
91 104
91 113
91 132
91 145
91 170
91 287
91 307
91 349
91 370
92 145
92 200
92 289
92 322
92 375
92 432
92 496
93 108
93 129
93 145
93 162
93 253
93 363
93 393
93 493
94 106
94 119
94 201
94 230
94 295
94 347
94 396
94 406
94 464
94 481
95 253
96 104
96 128
96 238
96 245
96 305
96 398
96 411
96 440
97 102
97 130
97 145
97 162
97 391
97 431
97 432
97 465
97 494
98 144
98 161
98 313
98 345
98 381
98 398
98 417
98 447
99 105
99 161
99 211
100 144
100 380
100 438
101 134
101 222
101 298
101 308
101 328
101 344
101 410
102 193
102 235
102 277
102 288
102 362
103 159
103 187
103 241
103 311
103 329
104 127
104 150
104 204
104 253
104 254
104 258
104 398
105 193
105 244
105 247
105 248
105 253
105 262
105 315
105 384
105 410
105 425
106 198
106 211
106 247
106 377
107 118
107 176
107 233
107 259
107 275
107 312
107 370
107 402
107 416
107 433
107 436
107 484
108 126
108 155
108 174
108 271
108 325
108 396
108 471
109 116
109 119
109 184
109 196
109 462
109 474
110 125
110 157
110 162
110 182
110 275
110 302
110 350
110 351
110 434
110 489
110 499
111 128
111 144
111 254
111 297
111 391
112 142
112 159
112 160
112 241
112 280
112 357
112 366
112 432
113 232
113 234
113 246
113 380
113 460
114 261
114 306
114 338
114 480
114 483
115 171
115 239
115 292
115 359
115 426
115 427
116 185
116 301
116 416
117 160
117 369
117 454
118 145
118 186
118 187
118 411
119 130
119 150
119 255
119 256
119 364
119 409
119 495
120 254
120 370
120 410
120 429
121 323
121 328
121 369
121 447
121 450
121 471
122 123
122 130
122 197
122 312
122 335
122 384
122 403
122 497
123 163
123 241
123 247
123 266
123 375
123 461
124 304
124 331
124 353
124 396
125 143
125 158
125 308
125 312
125 313
126 223
126 321
127 184
127 192
127 247
127 318
127 358
128 188
128 245
128 403
128 406
128 479
129 133
129 137
129 268
129 288
129 324
129 359
130 143
130 265
130 375
131 156
131 203
131 273
131 303
131 342
131 398
131 454
132 140
132 246
132 310
132 315
132 341
132 354
132 359
132 389
132 414
133 155
133 190
133 252
134 208
134 369
134 424
134 477
135 299
135 435
135 453
135 483
136 333
136 351
136 353
136 427
136 468
136 479
137 223
137 300
137 335
137 339
137 428
137 495
138 169
138 183
138 240
138 347
138 460
138 494
138 496
139 188
139 276
139 327
139 491
140 143
140 402
140 424
141 280
141 408
142 199
142 211
142 304
142 328
142 353
142 354
142 355
142 431
142 479
143 261
143 289
143 292
143 477
144 186
144 291
144 405
144 477
144 495
145 387
145 393
145 397
145 461
145 498
146 261
146 280
146 306
146 375
146 417
147 244
147 280
147 388
147 464
147 470
148 159
148 188
148 215
148 226
148 239
148 330
148 340
148 344
148 381
148 420
148 445
148 449
148 457
148 491
149 215
149 227
149 331
149 356
149 373
149 411
150 205
150 313
150 327
150 355
150 498
151 223
151 257
151 361
151 434
151 470
152 159
152 198
152 463
152 495
153 326
153 411
153 492
154 163
154 286
154 463
154 472
155 214
155 240
155 257
155 316
155 326
156 168
156 180
156 312
157 182
157 222
157 256
158 217
158 274
158 315
158 389
158 390
158 398
159 377
159 382
159 439
160 168
160 182
160 232
160 289
160 318
160 339
160 344
160 480
160 490
161 196
161 275
161 417
161 463
161 472
162 165
162 184
162 225
162 226
162 227
162 265
162 285
162 357
162 399
162 431
163 176
163 211
163 321
163 328
163 337
163 358
163 374
163 383
163 432
163 453
164 205
164 303
164 349
164 474
165 401
166 233
166 282
166 454
167 325
167 337
167 343
168 232
168 245
168 329
168 333
169 182
169 291
169 423
169 430
169 475
170 213
170 227
170 327
170 370
171 294
171 387
171 415
171 418
171 458
171 459
172 192
172 201
172 226
172 246
172 325
172 339
172 419
173 281
173 354
173 355
173 432
173 495
174 197
174 215
174 283
174 333
175 194
175 232
175 305
175 329
175 405
175 418
175 449
176 245
176 279
176 329
176 331
176 436
176 454
177 224
177 228
177 229
177 232
177 421
178 271
178 344
178 377
178 388
178 461
179 183
179 260
179 325
179 359
179 367
180 265
180 299
180 374
180 430
181 183
181 196
181 385
181 404
181 438
181 445
182 265
182 446
183 282
183 438
183 450
183 460
183 462
184 185
184 232
184 348
184 429
185 261
185 284
185 292
185 347
185 351
185 366
185 384
185 412
186 209
186 228
186 293
186 294
186 485
187 214
187 273
187 300
187 307
187 335
187 338
187 372
187 415
187 429
188 238
188 331
188 343
188 449
188 458
189 191
189 256
189 274
189 390
189 401
189 440
189 463
190 216
190 250
190 336
190 339
190 411
190 412
191 288
191 374
192 227
192 236
193 258
193 299
193 452
194 258
194 304
194 305
194 312
194 405
194 433
195 209
195 394
195 451
196 434
197 337
198 223
198 347
198 444
199 242
199 301
199 476
200 279
200 330
200 356
201 205
201 230
201 273
201 324
201 407
201 431
202 223
202 319
202 335
202 354
202 465
202 468
202 470
203 223
203 259
203 413
203 423
203 436
203 454
204 214
204 219
204 274
204 308
204 401
205 315
205 365
205 381
205 393
205 396
206 236
206 262
206 364
206 448
206 488
207 404
208 306
208 354
208 409
208 464
209 367
209 427
210 280
210 370
210 391
210 416
210 426
210 438
210 485
210 496
211 213
211 239
211 296
211 322
211 340
211 440
211 474
212 214
212 254
212 304
212 371
212 377
212 407
212 450
212 476
213 236
213 269
213 283
213 372
213 422
213 464
213 484
214 285
214 351
214 480
215 277
215 343
215 351
215 439
216 231
216 320
216 410
217 256
217 306
217 351
219 340
219 374
219 389
219 412
219 448
219 477
219 484
220 278
220 459
221 246
221 288
221 336
221 376
221 385
221 395
221 465
222 287
222 363
222 368
222 431
222 433
223 382
223 402
224 302
224 326
224 460
224 472
224 482
225 287
225 394
225 406
225 448
226 238
226 340
226 409
226 442
226 463
226 474
227 241
227 444
228 306
228 395
229 293
230 279
230 375
230 470
231 440
232 265
232 340
232 449
233 247
233 289
233 440
233 469
234 269
234 287
234 410
234 488
235 362
235 383
235 462
235 495
236 257
236 290
236 396
236 456
237 271
237 312
237 382
238 407
238 438
238 453
239 240
239 254
239 274
240 292
240 331
240 365
240 375
240 396
240 448
240 466
241 243
241 262
241 281
241 291
241 338
241 399
241 497
242 245
242 317
242 363
242 483
243 345
243 382
243 441
243 480
244 476
244 499
245 269
245 345
245 405
245 473
246 268
246 311
246 324
246 454
246 489
247 293
247 338
247 388
247 437
247 453
248 323
248 379
248 388
248 460
249 318
249 425
250 412
251 267
251 282
252 259
252 317
252 428
252 499
253 279
253 358
253 447
253 448
254 340
254 421
254 481
254 486
255 303
255 353
255 375
255 419
255 429
255 440
256 266
256 345
256 361
256 365
256 434
256 454
256 460
258 355
258 423
259 352
259 417
259 428
259 485
259 496
260 381
260 466
261 334
261 426
261 486
262 276
262 302
262 326
262 361
262 421
263 325
263 353
263 431
263 439
263 496
264 275
264 276
264 306
264 307
265 289
265 381
265 434
265 439
265 445
265 453
266 267
266 336
266 341
267 340
267 444
268 313
269 411
269 439
269 442
269 457
269 466
270 280
270 381
270 382
271 302
271 303
271 415
272 277
272 300
272 304
272 361
272 393
272 476
272 499
273 340
273 374
273 446
273 482
273 497
274 425
275 281
275 330
275 348
275 388
275 492
276 381
277 325
277 355
277 403
277 420
277 422
277 424
277 457
277 458
278 318
278 348
278 360
278 439
278 461
279 385
279 472
280 287
280 335
280 345
281 363
281 365
281 441
282 372
282 493
283 297
283 460
283 467
284 425
284 471
285 325
286 382
286 396
286 413
287 443
287 486
288 397
288 435
288 469
289 295
289 346
290 343
290 395
290 413
291 449
292 375
292 459
292 487
292 490
293 319
293 372
294 344
294 355
294 367
294 442
294 451
295 337
295 396
295 425
295 479
295 480
296 308
296 316
297 305
297 321
297 322
297 498
298 313
298 322
298 377
298 429
298 477
298 486
299 365
300 341
300 430
301 311
301 399
301 404
301 438
302 393
302 469
303 316
304 341
304 349
304 431
304 499
305 372
305 388
305 397
305 438
305 441
305 463
307 356
307 481
307 482
308 324
308 425
308 470
309 330
309 412
309 429
310 367
310 469
310 474
311 414
311 415
311 443
311 446
311 451
312 389
312 431
313 364
313 386
313 447
314 356
314 410
314 433
315 392
315 480
316 385
316 395
316 401
316 479
317 322
317 475
318 463
319 332
319 384
319 456
320 333
320 409
320 477
320 492
321 360
321 386
321 453
322 436
322 478
323 472
324 331
324 350
324 385
324 391
325 345
325 364
325 437
325 473
326 449
326 492
327 330
327 338
327 396
327 420
328 343
330 393
330 437
331 391
332 344
332 398
333 351
333 381
334 481
335 393
335 497
336 356
336 411
336 472
337 365
337 398
337 442
337 496
338 348
338 403
340 391
340 489
341 413
341 466
341 482
343 464
343 465
344 385
344 413
344 418
345 374
345 415
345 477
346 353
346 359
346 383
346 426
346 471
346 481
347 378
347 442
347 457
348 390
348 463
349 401
350 404
352 419
352 440
353 354
353 418
353 456
354 373
354 409
354 467
354 492
356 394
357 380
357 451
359 441
360 363
360 396
360 495
361 373
361 376
362 365
362 398
362 485
363 392
363 434
363 446
365 466
366 480
367 454
367 486
368 383
368 386
369 427
370 392
370 484
372 378
372 459
372 462
374 435
375 424
375 432
376 417
377 444
377 481
378 493
379 399
379 456
379 498
380 404
380 464
380 485
381 459
382 401
383 459
384 471
385 442
385 480
386 391
386 406
387 430
387 452
387 459
387 486
388 394
389 446
391 483
392 417
392 437
392 492
394 424
394 433
394 489
394 498
395 396
395 473
396 409
396 469
397 474
400 444
400 467
401 415
401 438
402 412
403 411
403 417
404 407
404 420
404 475
405 424
405 449
406 410
406 483
407 413
407 429
407 473
408 417
409 490
410 473
411 444
411 465
411 469
411 486
412 496
413 438
413 441
413 490
414 426
415 421
415 463
416 445
416 486
417 444
419 467
420 475
421 430
421 469
422 494
423 425
425 428
425 435
425 450
425 484
426 476
427 439
427 452
429 430
429 449
429 485
432 455
432 467
432 497
432 498
434 466
436 445
436 459
437 498
439 440
440 472
441 486
441 489
442 446
443 453
444 493
446 482
448 483
450 475
452 480
453 491
453 492
455 470
457 470
461 496
463 465
463 481
464 498
469 485
474 485
474 486
479 489
482 496
