0
500
1907
0
1
0
0 110
0 224
0 399
0 415
0 428
1 29
1 55
1 106
1 124
1 147
1 153
1 186
1 338
1 478
2 425
2 466
2 484
3 37
3 156
3 241
3 294
3 330
3 378
3 446
3 489
4 10
4 37
4 46
4 85
4 103
4 293
4 447
4 483
5 22
5 47
5 121
5 178
5 186
5 218
5 227
5 242
5 247
5 286
5 358
5 382
5 406
5 450
5 455
6 100
6 120
6 277
6 369
6 411
6 475
7 43
7 124
7 188
7 233
7 289
7 403
8 68
8 239
8 354
8 364
8 411
8 453
9 316
9 343
10 16
10 42
10 85
10 115
10 127
10 282
10 482
10 488
10 495
11 56
11 78
11 101
11 111
11 138
11 195
11 220
11 274
11 306
11 308
11 314
11 341
11 357
11 392
11 431
11 458
11 459
11 462
12 15
12 200
12 221
12 305
12 317
12 323
12 366
12 373
12 461
13 20
13 54
13 57
13 63
13 82
13 154
13 183
13 282
13 418
14 66
14 82
14 98
14 127
14 370
14 469
14 492
14 494
15 59
15 173
15 259
15 377
15 390
15 428
16 133
16 229
16 322
16 464
17 39
17 113
17 240
17 264
17 276
17 296
17 301
17 437
17 466
18 40
18 60
18 88
18 91
18 145
18 219
18 321
18 354
18 368
18 376
18 385
19 25
19 40
19 254
19 289
20 45
20 61
20 113
20 252
20 292
20 477
21 53
21 168
21 235
21 262
21 293
21 313
21 390
21 447
21 459
22 97
22 126
22 154
22 157
22 209
22 237
22 238
22 421
22 494
23 112
23 128
23 408
23 412
24 42
24 197
24 207
24 293
24 399
24 444
24 490
24 498
25 129
25 159
25 252
25 270
25 303
25 343
25 382
25 414
25 477
25 491
26 125
26 211
26 228
26 245
26 282
26 311
26 350
26 355
26 407
26 416
26 497
27 219
27 243
27 249
27 351
27 403
28 45
28 130
28 215
28 247
28 319
28 366
28 437
29 71
29 231
29 251
29 468
30 146
30 219
30 322
30 364
30 368
30 395
30 407
30 424
30 461
31 116
31 310
31 315
31 320
31 438
32 76
32 154
32 236
32 290
32 348
32 368
32 403
32 432
32 457
32 485
32 488
33 69
33 170
33 195
33 367
33 497
34 96
34 135
34 141
34 152
34 167
34 228
34 266
34 286
34 378
34 383
34 427
35 87
35 107
35 129
35 142
35 241
35 350
35 384
36 250
36 379
36 458
37 75
37 113
37 124
37 148
37 156
37 433
37 454
37 475
38 62
38 122
38 126
38 182
38 255
39 264
39 291
39 313
39 333
39 372
39 436
40 197
40 310
40 389
40 410
40 411
40 428
40 494
40 498
41 256
41 362
42 70
42 79
42 296
42 319
42 343
42 350
42 359
42 413
42 418
42 423
42 444
43 224
43 277
43 302
43 328
43 463
44 105
44 135
44 168
44 384
44 483
45 146
45 268
45 304
45 344
45 380
45 413
46 76
46 103
46 114
46 184
46 233
46 339
46 358
46 436
47 101
47 195
47 291
47 311
47 313
47 400
48 161
48 294
48 373
48 377
48 416
49 84
49 106
49 179
49 183
49 208
49 244
49 343
49 441
49 465
49 475
49 494
50 205
50 215
50 238
50 258
50 279
50 440
50 472
50 476
51 66
51 108
51 223
51 298
52 289
52 367
52 389
52 440
53 72
53 76
53 160
53 169
53 368
53 418
53 423
53 431
54 71
54 89
54 191
54 208
54 310
54 343
54 371
54 422
54 488
55 64
55 210
55 322
55 332
55 385
55 450
55 464
56 82
56 170
56 178
56 375
56 493
56 497
57 182
57 198
57 296
57 297
57 312
58 63
58 137
58 149
58 211
58 239
58 242
58 383
58 493
59 74
59 163
59 322
59 352
59 378
59 399
60 83
60 103
60 106
60 111
60 114
60 123
60 235
60 254
60 368
60 408
60 465
61 95
61 143
61 160
61 202
61 383
61 456
61 492
62 193
62 318
62 329
62 376
62 407
62 455
62 467
63 285
63 315
63 353
63 381
63 413
63 432
64 82
64 127
64 223
64 230
64 278
64 291
64 334
64 389
64 474
65 69
65 151
65 184
65 216
65 255
65 415
65 459
66 177
66 181
66 353
66 427
66 462
67 177
67 206
67 228
67 350
67 465
68 296
68 456
68 492
69 112
69 139
69 291
69 317
69 372
69 376
69 386
69 410
69 453
70 89
70 98
70 122
70 166
70 355
70 434
71 139
71 253
71 327
71 336
71 359
71 371
71 452
71 472
72 128
72 184
72 254
72 377
72 414
73 75
73 96
73 109
73 116
73 185
73 197
73 279
73 376
73 384
73 391
73 490
74 120
74 212
74 230
74 275
74 432
75 104
75 139
75 155
75 175
75 230
75 232
76 379
77 128
77 215
77 224
77 295
77 364
77 393
77 472
77 483
78 120
78 141
78 355
78 356
79 83
79 115
79 125
79 159
79 288
79 295
79 353
79 402
79 454
79 497
80 112
80 113
80 175
80 246
80 252
80 296
80 298
80 345
80 378
81 278
81 293
81 309
81 426
81 433
81 438
81 484
82 86
82 261
82 269
82 314
82 417
82 456
83 129
83 341
83 385
84 264
84 287
84 391
84 431
84 438
84 459
84 462
85 92
85 141
85 152
85 184
85 226
85 236
85 253
85 322
85 398
85 452
86 148
86 225
86 263
86 298
86 314
86 363
86 396
86 428
87 135
87 138
87 181
87 300
87 311
87 319
87 320
87 442
87 454
87 460
88 126
88 261
88 326
88 375
88 440
88 444
89 93
89 150
89 192
89 244
89 258
89 276
89 366
89 460
90 181
90 320
90 329
90 418
90 431
90 463
90 486
91 94
91 311
91 417
91 429
92 207
92 226
92 262
92 281
92 340
92 349
92 359
92 450
93 179
93 383
93 470
94 195
94 223
94 226
94 256
94 298
94 339
95 99
95 208
95 432
95 469
96 125
96 145
96 273
96 349
96 355
96 471
97 220
97 228
97 248
97 307
97 371
98 177
98 354
98 378
98 403
98 428
98 436
99 174
99 222
99 232
99 239
99 291
99 370
100 124
100 177
100 325
100 351
100 485
101 148
101 187
101 341
101 433
102 125
102 162
102 295
102 465
102 493
102 496
103 175
103 287
103 415
104 168
104 265
104 335
104 372
104 480
105 139
105 172
105 201
105 209
105 241
105 281
105 296
106 156
106 223
106 287
106 338
106 383
106 395
106 494
107 154
107 162
107 226
107 352
107 463
107 477
107 491
107 496
108 194
108 259
108 285
108 334
109 162
109 214
109 266
109 317
109 330
109 395
110 113
110 249
110 313
111 204
111 210
111 217
111 255
111 302
111 317
111 434
111 497
112 188
112 305
112 374
112 401
113 139
113 181
113 386
113 459
114 219
114 245
114 327
114 361
115 316
115 334
115 376
116 153
116 215
116 327
116 375
117 280
117 331
117 411
117 425
117 452
117 493
118 122
118 236
118 287
118 332
118 350
118 454
118 470
119 222
119 244
119 260
119 278
119 279
119 361
119 474
120 130
120 150
120 200
120 246
120 415
120 421
120 432
120 434
121 188
121 344
121 396
122 244
122 259
122 339
122 374
122 472
122 491
123 158
123 464
123 496
124 169
124 220
124 224
124 252
124 255
124 349
124 383
124 433
124 493
125 394
125 477
125 491
126 257
126 315
126 386
126 461
126 482
127 134
127 203
127 284
128 311
128 318
128 323
128 348
128 395
129 268
129 357
129 359
129 436
130 305
130 429
130 473
131 184
131 369
131 485
132 314
132 446
132 467
133 264
133 382
133 398
133 404
133 473
133 496
134 135
134 274
134 303
134 339
134 348
134 360
134 483
135 323
135 378
135 409
136 144
136 247
136 293
136 310
136 333
136 336
136 383
136 449
137 336
138 155
138 156
138 244
138 310
138 328
138 388
138 413
138 416
139 220
139 233
139 273
139 339
139 399
140 197
140 211
140 334
141 149
141 174
141 395
141 397
141 402
141 406
141 418
141 445
141 456
141 462
141 468
142 172
142 185
142 302
142 342
142 460
142 474
142 490
143 199
143 336
143 375
143 393
143 432
143 485
144 225
144 325
144 401
144 436
144 438
145 191
145 236
145 327
145 378
145 490
146 231
146 246
146 250
146 261
146 291
146 400
147 273
147 292
147 451
147 493
148 188
148 346
148 360
148 451
149 299
149 351
149 358
149 490
150 202
150 365
150 383
150 385
150 408
151 174
151 406
151 410
151 443
152 161
152 180
152 240
152 253
152 272
152 327
152 481
153 187
153 207
153 287
153 329
153 396
153 403
154 234
154 252
154 341
154 436
155 195
155 234
155 324
155 412
155 422
155 461
155 474
155 489
156 173
156 230
156 248
156 314
156 336
156 392
156 410
156 451
156 475
157 194
158 186
158 440
159 162
159 177
159 321
159 326
159 337
159 477
160 162
160 227
160 330
160 341
161 224
161 267
161 303
161 317
161 355
161 416
161 431
161 445
162 170
162 327
162 351
162 388
163 420
163 436
163 481
164 169
164 220
164 266
164 291
164 437
164 467
165 181
165 183
165 190
165 340
165 364
165 372
165 460
165 481
166 204
166 333
166 494
167 174
167 184
167 255
167 280
167 281
167 310
167 365
167 381
167 387
168 175
168 282
168 312
168 362
169 262
169 275
169 391
169 401
169 417
170 196
170 426
170 482
170 492
170 496
171 190
171 199
171 207
171 228
171 246
171 315
171 321
171 407
172 244
172 308
172 422
173 185
173 305
173 357
174 278
174 326
174 423
174 484
175 187
175 191
175 230
175 369
175 405
175 432
175 434
176 191
177 226
177 252
177 258
177 273
177 342
177 435
178 256
178 271
178 338
178 395
179 201
179 274
179 290
179 343
179 350
179 359
179 455
180 332
180 397
180 405
181 192
181 206
181 302
181 304
181 314
181 363
181 403
182 183
182 199
182 285
182 450
183 202
183 368
183 470
184 192
184 257
185 293
185 326
185 363
185 387
185 440
185 473
186 196
186 401
186 463
187 247
187 278
187 348
187 485
188 216
188 230
188 274
188 374
188 461
188 466
188 489
188 492
189 225
189 243
189 247
189 311
189 335
189 393
189 410
189 450
189 476
189 487
190 247
190 323
190 327
190 383
191 192
191 225
191 240
191 321
191 435
191 439
191 452
192 200
192 210
192 230
192 309
192 390
192 393
192 460
193 202
193 271
193 372
194 219
194 380
194 433
194 456
194 493
195 204
195 211
195 233
195 273
195 330
195 410
196 299
196 353
196 407
196 443
196 458
197 206
197 288
197 292
197 330
197 378
197 384
197 400
197 444
198 232
198 264
198 308
198 342
198 436
199 211
199 252
199 338
199 344
199 388
199 494
200 312
200 353
200 401
200 414
200 464
200 497
201 240
201 288
201 358
201 359
201 415
202 243
202 280
202 326
202 356
202 434
203 346
203 398
203 424
203 441
203 472
204 272
204 375
205 222
205 272
205 330
205 385
205 387
205 412
206 227
206 237
206 259
206 278
206 295
206 312
206 384
207 229
207 270
207 280
207 330
207 461
208 281
208 283
208 304
208 315
208 329
208 395
208 440
208 464
208 472
209 369
209 379
209 492
210 292
210 310
210 314
210 375
210 407
211 314
211 464
211 476
212 233
212 296
212 305
212 331
212 406
212 408
212 415
212 426
213 215
213 220
213 247
213 273
213 274
213 362
213 372
214 241
214 269
214 272
214 290
215 237
215 239
215 303
215 351
215 400
215 412
215 450
216 271
216 301
216 312
216 315
216 407
216 488
217 268
217 286
217 325
217 337
217 398
217 420
217 427
217 438
218 242
218 244
218 329
218 333
219 342
219 368
219 427
220 230
220 351
220 432
221 243
221 372
221 471
222 249
222 384
223 232
223 251
223 279
223 282
223 452
223 497
224 249
224 376
224 392
224 419
225 246
225 300
225 338
226 263
226 301
226 325
226 439
226 456
226 473
227 254
227 284
227 333
227 338
227 347
227 368
227 416
227 430
228 379
228 398
228 446
228 497
229 240
229 283
229 310
229 432
230 249
230 312
230 313
230 323
230 358
230 387
230 442
230 475
231 396
231 399
232 294
232 396
232 484
233 276
233 283
233 310
233 442
233 486
234 235
234 258
234 446
234 448
234 481
235 308
235 409
235 466
235 478
236 411
236 422
236 477
237 258
237 275
237 487
238 458
238 464
238 499
239 241
239 370
239 425
239 466
239 482
240 261
240 413
242 279
242 335
242 365
242 392
242 435
243 286
243 342
243 371
243 421
244 313
244 457
244 471
245 258
245 427
245 496
246 299
246 378
246 496
247 337
247 342
247 378
248 287
248 322
248 355
248 378
248 408
248 449
249 264
249 308
249 320
249 321
249 371
250 341
250 378
250 453
251 278
251 285
251 357
251 389
251 416
252 314
252 343
252 414
252 429
253 363
253 424
254 394
255 418
255 424
256 324
256 394
256 435
257 324
257 404
257 455
258 297
258 304
258 309
258 460
260 315
260 373
260 408
260 426
261 263
261 341
262 326
263 266
263 298
263 326
263 329
263 370
263 379
263 399
264 290
264 294
264 302
264 410
264 485
264 492
265 304
265 420
267 282
267 426
267 441
267 465
268 308
268 328
269 338
269 346
269 366
269 430
269 471
270 293
270 384
270 400
270 452
271 475
272 412
273 353
273 391
273 454
274 306
274 337
274 341
274 411
274 436
274 461
274 488
274 490
274 496
275 302
275 392
276 281
276 307
276 474
277 311
277 407
277 434
278 363
278 437
278 466
279 303
279 381
280 312
280 425
280 473
281 284
281 457
281 495
282 316
282 441
283 307
283 437
283 486
284 308
284 361
284 438
285 351
285 414
285 467
285 491
286 350
286 354
286 362
286 472
287 296
287 322
287 429
287 440
287 463
288 334
288 372
290 491
291 411
292 342
292 350
293 297
293 375
293 440
294 298
294 442
294 455
294 462
294 498
295 348
295 354
295 446
295 466
297 350
297 381
298 320
298 396
299 364
299 385
299 397
299 414
300 308
300 335
300 361
300 379
300 383
300 399
300 473
300 484
301 358
301 481
302 314
303 331
303 421
303 498
304 441
304 475
305 370
305 398
305 401
305 408
305 414
306 421
306 450
306 472
307 324
307 337
307 370
307 388
307 490
308 419
308 426
309 375
309 396
310 325
310 478
310 486
311 353
311 363
312 354
312 361
312 432
312 473
313 349
313 399
313 409
314 462
314 476
314 486
315 392
315 421
316 338
316 442
316 451
317 370
317 374
317 390
317 468
317 489
318 331
318 370
319 320
319 322
320 408
321 328
321 361
321 443
321 452
322 360
322 375
322 387
322 417
322 430
323 330
323 364
323 367
323 379
323 436
323 451
324 357
324 395
324 437
325 359
325 400
325 480
325 482
326 347
326 376
326 467
327 372
328 446
328 472
329 399
329 457
330 367
330 393
330 402
331 359
331 441
332 361
332 450
333 402
334 492
335 361
335 370
335 397
335 408
335 480
336 488
338 373
338 422
339 411
339 429
339 471
340 344
340 360
340 455
341 346
341 366
341 428
342 416
342 431
343 361
343 417
344 345
344 355
344 403
344 429
344 446
344 481
346 371
346 478
348 431
349 437
349 484
349 489
350 385
351 475
352 395
352 441
352 486
353 434
353 444
354 458
355 404
356 361
356 449
356 469
357 409
358 446
358 457
360 405
360 467
360 472
360 477
361 437
362 465
363 375
363 384
363 498
364 408
364 483
365 381
365 419
365 481
366 386
366 390
367 479
367 496
368 469
369 372
369 455
370 394
370 472
370 475
373 383
373 479
374 386
374 397
374 418
375 425
375 427
377 388
377 475
377 490
377 492
378 463
379 381
379 453
379 478
380 469
381 407
381 433
381 462
381 471
382 409
382 420
382 445
382 447
382 465
383 415
383 488
384 446
385 423
385 486
386 397
386 412
386 433
387 476
387 489
388 391
388 434
388 486
389 394
389 398
389 405
389 465
391 464
392 434
392 497
393 400
393 469
394 460
394 484
394 486
395 421
395 457
395 475
396 442
396 482
397 404
397 428
397 480
398 438
400 409
401 485
402 469
404 419
404 461
405 444
405 499
407 450
407 466
408 484
408 498
410 487
412 435
412 442
412 474
412 487
413 420
413 457
413 462
413 483
414 439
414 449
414 495
415 432
415 456
416 425
417 460
417 470
418 474
418 484
419 441
419 490
421 434
421 444
421 472
421 493
423 483
424 472
425 459
425 495
427 446
427 494
427 499
428 441
428 451
428 454
429 470
430 434
430 444
430 448
430 459
430 467
430 468
431 463
431 469
433 437
433 467
434 446
435 456
435 460
435 473
435 495
436 439
437 484
438 483
438 492
440 468
440 499
442 444
442 470
442 491
443 447
443 464
447 448
447 460
449 488
450 476
451 454
451 457
452 489
454 492
455 476
455 479
455 493
456 458
457 492
458 486
461 485
461 498
465 487
465 498
468 489
471 487
482 486
483 498
486 499
