0
500
2545
0
1
0
0 63
0 423
0 425
1 35
1 87
1 161
1 331
1 483
2 150
2 189
2 238
2 457
3 128
3 185
3 199
3 205
3 269
3 282
3 316
3 332
3 350
3 364
3 414
4 21
4 60
4 134
4 182
4 192
4 230
4 270
4 275
4 355
4 357
4 452
4 468
5 25
5 26
5 32
5 45
5 134
5 142
5 147
5 153
5 176
5 201
5 271
5 420
5 496
6 92
6 93
6 128
6 129
6 160
6 175
6 198
6 219
6 259
6 267
6 299
6 368
6 406
6 470
6 479
6 481
7 26
7 33
7 92
7 105
7 242
7 286
7 340
7 362
7 416
8 53
8 120
8 129
8 233
8 290
8 300
8 317
8 384
9 47
9 92
9 103
9 143
9 414
9 442
9 466
9 492
10 65
10 83
10 98
10 105
10 178
10 225
10 291
10 334
10 393
10 402
10 414
10 435
10 461
10 468
11 31
11 228
11 283
11 350
11 393
11 434
11 455
11 467
11 477
12 59
12 70
12 72
12 150
12 158
12 179
12 233
12 239
12 422
13 174
13 246
13 262
13 336
13 358
14 34
14 129
14 223
14 230
14 263
14 308
14 317
14 336
14 339
14 410
14 416
15 118
15 119
15 120
15 129
15 168
15 214
15 230
15 287
15 314
15 441
15 492
16 82
16 120
16 154
16 193
16 202
16 225
16 299
16 358
16 415
16 437
16 455
17 108
17 319
17 405
17 425
17 433
17 436
17 473
18 22
18 57
18 111
18 115
18 178
18 206
18 238
18 266
18 268
18 269
18 283
18 306
18 348
19 47
19 50
19 65
19 81
19 114
19 124
19 295
19 335
19 364
19 369
19 466
20 97
20 157
20 171
20 179
20 182
20 196
20 207
20 210
20 306
20 368
20 369
20 374
20 379
20 433
20 456
21 47
21 175
21 263
21 276
21 311
22 46
22 48
22 141
22 218
22 329
22 392
22 416
23 73
23 87
23 93
23 110
23 127
23 225
23 259
23 293
23 333
23 397
23 432
23 450
23 477
24 29
24 101
24 112
24 119
24 175
24 210
24 236
24 357
24 361
24 415
25 78
25 211
25 258
25 283
25 310
25 312
25 314
25 323
25 337
25 343
25 351
25 354
25 438
25 470
25 475
25 490
26 83
26 119
26 124
26 240
26 269
26 312
26 325
26 340
26 343
26 356
26 407
26 434
26 479
27 283
27 297
27 344
27 396
27 435
27 488
28 108
28 183
28 253
28 254
28 303
28 372
28 405
28 434
28 490
29 70
29 90
29 103
29 155
29 190
29 352
29 359
29 378
29 446
29 474
29 491
30 61
30 129
30 205
30 276
30 340
30 350
30 419
30 460
31 115
31 159
31 177
31 202
31 313
31 324
31 334
31 349
31 365
31 377
31 415
31 432
32 71
32 104
32 128
32 160
32 198
32 234
32 292
32 373
32 445
32 460
33 167
33 230
33 239
33 365
33 416
34 58
34 95
34 101
34 135
34 203
34 245
34 312
34 316
34 320
34 430
34 476
34 484
34 493
35 69
35 74
35 168
35 238
35 241
35 442
36 143
36 279
36 317
36 335
37 57
37 59
37 136
37 293
37 363
37 417
37 423
37 434
37 463
37 470
38 40
38 42
38 61
38 91
38 142
38 145
38 211
38 248
38 263
38 309
38 375
38 394
38 449
38 472
38 486
38 499
39 50
39 64
39 118
39 166
39 198
39 204
39 323
39 415
39 423
39 424
39 453
39 478
40 51
40 122
40 123
40 167
40 189
40 234
40 342
40 344
40 391
41 48
41 67
41 71
41 139
41 186
41 191
41 271
41 372
41 411
41 424
41 477
41 483
41 486
42 93
42 106
42 151
42 156
42 166
42 189
42 200
42 317
42 341
42 353
42 368
42 433
42 473
43 44
43 81
43 250
43 381
43 392
43 424
43 487
44 49
44 176
44 177
44 286
44 377
44 436
44 460
44 466
45 110
45 176
45 439
45 467
45 470
45 488
46 63
46 66
46 83
46 96
46 108
46 136
46 139
46 157
46 287
46 321
46 401
46 427
46 437
46 454
47 70
47 112
47 177
47 210
47 318
47 374
47 458
48 53
48 67
48 169
48 216
48 244
48 247
48 259
48 307
48 349
48 353
48 464
49 57
49 61
49 71
49 86
49 206
49 227
49 245
49 374
50 83
50 159
50 202
50 249
50 252
50 489
51 83
51 99
51 145
51 155
51 173
51 176
51 235
51 339
51 439
52 198
52 241
52 289
52 300
52 319
52 324
52 332
52 414
52 430
52 479
52 496
53 129
53 149
53 280
53 321
53 365
53 440
53 457
53 470
53 474
53 478
54 57
54 81
54 95
54 163
54 164
54 210
54 264
54 333
54 370
54 377
54 405
54 408
54 429
54 452
54 453
55 97
55 113
55 169
55 191
55 217
55 305
55 341
55 353
55 363
55 424
56 94
56 134
56 149
56 162
56 169
56 177
56 221
56 226
56 267
56 301
56 302
56 391
56 432
56 457
56 468
57 116
57 118
57 189
57 305
57 466
57 499
58 82
58 224
58 318
58 379
58 419
58 499
59 76
59 83
59 95
59 107
59 117
59 152
59 153
59 168
59 216
59 230
59 291
59 317
59 329
59 334
59 340
59 418
59 424
59 425
59 454
59 491
60 192
60 199
60 213
60 234
60 284
60 333
60 415
60 497
61 82
61 173
61 190
61 198
61 233
61 306
61 318
61 377
61 440
62 67
62 121
62 131
62 198
62 256
62 289
62 385
62 418
62 459
62 479
63 90
63 94
63 227
63 248
63 359
63 367
63 418
63 454
64 167
64 168
64 178
64 286
64 322
64 386
64 387
64 420
64 426
64 450
64 478
65 175
65 187
65 273
65 338
65 377
65 386
65 424
65 448
65 450
65 452
65 459
66 119
66 246
66 386
66 420
66 435
67 82
67 261
67 372
67 437
67 441
67 471
68 71
68 125
68 132
68 168
68 323
68 355
68 400
68 414
68 440
68 461
68 491
69 135
69 144
69 201
69 380
69 408
69 478
70 201
70 247
70 340
71 179
71 200
71 214
71 249
71 256
71 351
71 370
71 441
72 135
72 184
72 185
72 188
72 198
72 271
72 318
72 334
72 454
72 463
72 487
73 236
73 338
73 368
73 449
73 461
73 495
74 87
74 220
74 322
74 346
74 431
74 435
74 439
74 483
75 147
75 214
75 345
75 401
76 86
76 97
76 100
76 115
76 159
76 246
76 258
76 262
76 414
76 431
76 463
77 114
77 168
77 181
77 273
77 302
77 325
77 345
77 390
77 409
77 465
77 480
78 224
78 233
78 253
78 262
78 287
78 417
78 472
78 490
79 202
79 228
79 235
79 296
79 314
79 329
79 478
80 88
80 121
80 156
80 288
80 369
80 420
80 433
80 439
80 463
81 84
81 110
81 158
81 165
81 168
81 213
81 215
81 232
81 276
81 312
81 463
81 470
81 485
82 98
82 225
82 226
82 237
82 316
82 318
82 364
82 458
83 210
83 256
83 291
83 294
83 313
83 329
83 332
83 338
83 348
83 357
83 360
83 370
83 412
83 495
84 117
84 125
84 145
84 270
84 271
84 298
84 301
84 421
85 91
85 155
85 216
85 421
85 427
86 121
86 157
86 188
86 276
86 415
86 429
87 117
87 143
87 238
87 290
87 393
87 488
87 491
87 498
88 100
88 150
88 164
88 203
88 209
88 210
88 333
88 349
88 353
89 92
89 112
89 172
89 212
89 229
89 260
89 456
89 481
90 97
90 195
90 202
90 234
90 257
90 298
90 305
90 345
90 366
90 454
90 487
90 491
91 155
91 205
91 221
91 230
91 273
91 390
91 392
91 421
91 427
91 440
91 443
91 469
91 493
92 117
92 257
92 353
92 398
92 487
93 103
93 107
93 126
93 128
93 195
93 254
93 285
93 289
93 347
93 358
93 406
93 412
93 490
94 96
94 150
94 242
94 296
94 303
94 406
94 479
94 490
95 161
95 189
95 212
95 230
95 371
95 384
95 413
95 484
95 499
96 116
96 215
96 379
96 393
96 407
96 424
96 448
97 108
97 128
97 129
97 143
97 209
97 231
97 308
97 331
98 279
98 386
98 396
98 433
99 101
99 281
99 300
99 396
99 446
99 489
100 118
100 182
100 191
100 298
100 457
100 495
101 167
101 210
101 291
101 298
101 319
101 320
101 333
101 383
101 476
102 138
102 150
102 178
102 181
102 208
102 243
102 296
102 324
102 327
102 446
102 478
102 491
103 141
103 150
103 156
103 162
103 325
103 345
103 384
103 408
103 475
103 483
103 484
104 200
104 250
104 324
104 379
104 383
104 399
104 436
104 458
104 483
105 227
105 240
105 281
105 340
105 386
105 447
106 140
106 170
106 183
106 225
106 341
106 373
107 135
107 176
107 308
107 327
107 367
108 112
108 174
108 192
108 324
108 346
108 411
108 443
108 472
108 490
109 153
109 160
109 250
109 264
109 310
109 314
109 383
110 115
110 119
110 303
110 304
110 336
110 395
110 413
110 461
111 130
111 137
111 142
111 205
111 234
111 279
111 296
111 376
111 400
111 437
111 491
112 370
112 371
112 374
112 425
112 451
112 467
113 217
113 242
113 332
113 333
113 379
114 236
114 275
114 283
114 293
114 295
114 338
114 390
114 420
115 178
115 225
115 230
115 236
115 269
115 295
115 319
115 335
115 375
115 383
115 430
115 480
115 486
116 121
116 154
116 158
116 184
116 201
116 342
117 129
117 246
117 257
117 276
117 313
117 327
117 408
117 485
118 178
118 266
118 357
118 367
118 412
118 416
118 490
119 138
119 143
119 159
119 160
119 206
119 249
119 340
119 357
119 493
120 145
120 242
120 320
120 435
121 131
121 179
121 210
121 270
121 314
121 398
121 441
121 457
122 131
122 199
122 242
122 254
122 316
123 139
123 153
123 158
123 166
123 182
123 210
123 213
123 497
124 153
124 168
124 171
124 373
124 374
124 392
125 176
125 193
125 200
125 228
125 238
125 247
125 289
125 313
125 331
125 345
125 381
125 388
125 403
125 444
125 485
126 132
126 220
126 235
126 302
126 375
126 419
126 462
126 474
126 476
127 222
127 272
127 277
128 203
128 241
128 268
128 477
128 498
129 156
129 159
129 173
129 200
129 332
129 340
129 346
129 373
129 410
129 412
129 429
129 497
130 183
130 195
130 300
130 333
130 362
130 379
130 488
130 497
131 133
131 236
131 248
131 476
131 481
131 483
132 170
132 296
132 348
132 375
132 396
132 467
132 486
132 499
133 214
133 239
133 256
133 261
133 275
134 177
134 192
134 205
134 286
134 337
134 355
134 436
134 461
135 189
135 258
135 293
135 446
135 462
136 167
136 207
136 208
136 322
136 372
136 413
136 426
137 175
137 373
137 451
137 462
138 220
138 307
138 325
138 329
138 483
139 221
139 309
139 313
139 315
139 364
139 376
139 378
139 408
139 423
139 465
140 185
140 245
140 250
140 279
140 304
140 313
140 377
140 440
140 476
141 151
141 171
141 291
141 303
141 354
141 369
141 379
141 492
142 232
142 371
142 397
142 445
142 460
142 493
143 206
143 240
143 290
143 374
144 170
144 217
144 259
144 261
144 329
144 383
144 394
144 434
144 446
145 286
145 296
145 448
145 498
146 179
146 202
146 234
146 273
146 288
146 324
146 430
146 432
146 460
147 176
147 233
147 236
147 241
147 293
147 361
147 418
148 185
148 203
148 322
148 339
148 398
148 405
149 163
149 184
149 207
149 299
149 301
149 340
149 386
149 410
149 467
149 471
150 223
150 236
150 276
150 280
150 373
150 464
150 482
151 363
151 366
152 164
152 192
152 195
152 213
152 237
152 298
152 386
152 391
152 438
152 457
153 156
153 263
153 289
153 306
153 452
153 470
154 170
154 314
154 327
154 337
154 338
154 351
154 375
154 383
154 394
154 397
155 172
155 200
155 203
155 242
155 273
155 280
155 316
155 317
155 323
155 346
155 367
155 391
155 402
155 468
155 498
156 267
156 283
156 359
156 446
156 450
157 209
157 366
157 377
157 487
158 220
158 228
158 323
158 356
158 386
158 474
159 276
159 289
159 330
159 345
159 356
159 357
159 369
159 386
159 402
159 463
159 488
160 166
160 177
160 180
160 211
160 265
160 271
160 332
160 382
160 427
160 484
161 176
161 290
161 369
161 437
161 460
161 475
161 479
161 499
162 168
162 218
162 227
162 295
162 324
162 377
162 458
162 476
162 495
163 221
163 273
163 288
164 206
164 219
164 232
164 290
164 302
164 307
164 332
164 341
164 446
164 462
164 475
164 483
164 484
165 193
165 239
165 271
165 282
165 295
165 372
165 394
165 412
165 439
165 446
166 175
166 194
166 223
166 321
166 342
166 381
166 402
166 409
167 184
167 285
167 341
167 495
168 171
168 180
168 235
168 242
168 277
168 310
168 326
168 391
168 415
168 464
169 177
169 192
169 203
169 219
169 253
169 321
169 437
170 174
170 303
170 317
170 319
170 340
170 361
170 459
170 464
171 249
171 264
171 300
171 401
171 479
172 227
172 296
172 304
172 425
172 431
173 226
173 230
173 306
173 327
173 349
173 431
173 435
174 246
174 274
174 387
174 417
175 178
175 182
175 196
175 235
175 243
175 338
175 369
175 399
175 413
176 183
176 196
176 241
176 257
176 313
176 386
176 424
176 455
176 467
176 483
176 486
176 498
177 241
177 267
177 294
177 302
177 384
177 392
177 401
177 453
177 492
178 181
178 202
178 268
178 286
178 341
178 348
179 189
179 208
179 267
179 297
179 354
179 405
179 406
180 185
180 205
180 221
180 234
180 239
180 305
180 336
180 371
180 399
180 402
180 466
180 472
180 499
181 237
181 241
181 308
181 361
181 378
181 379
181 446
181 462
182 191
182 194
182 247
182 311
182 324
182 385
182 394
182 436
183 190
183 204
183 292
183 363
183 413
184 227
184 350
184 358
184 479
185 195
185 246
185 387
185 388
185 437
185 455
185 467
186 260
186 340
186 364
186 410
186 498
187 256
187 288
187 307
187 374
187 390
187 496
188 204
188 218
188 349
188 361
188 427
188 494
189 199
189 233
189 269
189 292
189 306
189 396
189 465
189 490
190 349
190 377
190 407
190 451
190 458
190 464
191 217
191 337
191 367
191 385
192 227
192 239
192 284
192 391
192 468
192 473
193 259
193 392
193 455
193 484
194 277
194 304
194 317
194 340
194 365
195 227
195 242
195 271
195 343
195 365
195 447
195 449
195 457
195 497
196 202
196 354
196 391
196 480
197 244
197 250
197 314
197 340
197 394
197 411
198 255
198 296
198 328
198 332
198 432
198 442
199 263
199 297
199 345
199 370
199 403
199 483
200 234
200 246
200 425
200 454
201 230
201 254
201 375
201 440
201 441
201 443
202 240
202 377
203 206
203 373
203 386
203 422
204 220
204 287
204 357
204 372
204 386
204 459
204 471
205 228
205 290
205 298
206 309
206 345
206 395
206 461
206 482
207 257
207 260
207 355
207 363
207 426
208 217
208 270
208 396
208 397
209 316
209 379
209 448
210 211
210 244
210 316
210 415
210 455
210 460
211 214
211 265
211 306
211 420
211 437
211 476
211 498
212 224
212 227
212 277
212 304
212 367
212 368
212 393
212 409
212 448
212 456
213 298
213 314
213 382
213 473
213 497
214 321
214 420
214 441
214 475
214 491
215 236
215 282
215 294
215 320
215 419
215 422
215 426
215 454
216 246
216 383
216 405
216 417
216 431
216 445
217 231
217 241
217 261
217 408
217 423
217 425
217 470
218 280
218 359
218 370
218 416
218 452
218 480
218 483
219 274
219 332
219 350
219 367
219 421
219 481
220 230
220 286
220 293
220 446
220 468
220 478
221 229
221 339
221 367
221 368
221 370
221 381
221 426
222 237
222 277
222 293
222 378
222 387
222 392
223 239
223 320
223 388
223 455
223 495
224 303
224 335
224 354
224 420
224 425
224 494
225 235
225 242
225 243
225 304
225 315
225 332
225 334
225 340
225 341
225 344
225 372
225 375
225 454
225 491
226 258
226 377
226 402
226 403
226 404
226 414
227 237
227 241
227 337
227 388
227 413
228 279
228 301
228 376
228 437
228 499
229 354
229 400
229 461
230 243
230 313
230 384
230 385
230 404
230 407
230 448
230 491
230 498
231 243
231 281
231 387
231 429
232 287
232 294
232 350
232 377
232 382
232 389
232 416
232 449
233 278
233 311
233 326
233 356
233 492
234 255
234 258
234 312
234 339
234 357
234 397
234 420
235 254
235 305
235 397
235 468
235 480
235 487
236 289
236 396
236 406
236 435
236 460
237 319
237 342
237 359
237 365
237 370
237 391
237 428
238 259
238 311
238 377
238 413
238 441
238 444
238 448
238 493
239 373
239 446
239 484
240 290
240 306
240 320
240 339
240 467
241 244
241 302
241 303
241 323
241 359
241 397
241 398
241 416
241 441
242 292
242 310
242 314
242 318
243 358
243 396
244 288
244 362
244 402
244 472
244 477
245 303
245 319
245 465
245 469
246 255
246 262
246 268
246 316
246 392
246 395
246 436
246 480
247 287
247 362
247 433
247 461
247 464
248 325
248 338
248 464
248 468
249 273
249 274
249 279
249 315
249 347
249 379
249 399
249 493
250 308
250 378
250 409
250 477
251 276
251 303
251 346
251 422
251 433
251 465
252 293
252 312
252 387
252 396
252 397
252 441
252 455
253 279
253 336
253 399
253 420
254 263
254 324
254 360
254 395
254 420
254 422
254 473
254 493
255 272
255 279
255 285
255 442
255 493
256 263
256 318
256 349
256 495
257 296
258 363
259 352
260 346
260 419
261 262
261 264
261 289
261 324
261 326
261 330
261 410
261 417
262 350
262 468
262 483
262 499
263 274
263 320
263 360
263 398
263 403
263 418
263 422
263 427
263 483
263 495
264 280
264 356
264 472
264 495
264 496
265 275
265 330
265 344
265 350
265 462
265 476
266 362
266 434
266 489
267 277
267 315
267 320
268 314
269 293
269 371
269 448
270 278
270 279
270 297
270 330
270 370
270 410
270 489
271 283
271 308
271 425
271 489
271 499
272 273
272 292
272 398
272 419
273 310
273 393
273 404
274 300
274 352
274 439
275 471
276 316
276 333
276 389
276 493
277 391
277 483
278 330
278 346
278 399
278 492
278 494
279 317
279 424
279 440
279 495
280 287
280 376
280 399
281 329
281 333
281 357
281 360
281 405
281 412
281 464
281 487
283 437
283 457
283 458
283 462
283 472
283 474
283 477
283 481
284 310
284 392
284 482
285 314
285 320
285 373
285 408
285 453
285 476
286 339
286 351
286 410
286 446
287 330
287 387
287 432
287 433
288 468
289 293
289 302
289 363
289 410
289 478
290 325
290 333
290 395
290 407
290 485
291 345
291 354
291 407
291 429
291 457
291 460
292 364
292 369
292 468
292 497
293 444
293 492
294 299
294 388
295 413
295 415
295 488
296 390
296 465
297 348
297 375
298 304
298 402
299 303
299 330
299 375
299 398
299 418
299 425
300 324
300 407
300 432
300 465
300 491
302 363
302 373
302 390
303 492
304 308
304 325
304 351
304 367
304 457
304 462
304 464
305 325
305 403
305 415
306 310
306 374
306 382
306 424
306 468
306 494
307 315
307 376
307 433
307 494
308 314
308 330
308 359
308 483
309 466
309 467
310 368
310 400
311 333
311 359
311 413
312 338
312 351
312 353
312 361
312 446
312 473
312 495
313 358
313 379
314 336
314 359
314 455
315 328
315 329
315 337
315 368
315 484
316 334
316 439
316 497
317 387
317 423
318 355
318 379
318 412
318 461
319 370
319 445
320 332
320 400
320 411
320 417
320 438
320 440
320 495
321 339
321 481
322 370
322 402
322 437
322 438
323 364
323 403
324 367
324 443
324 464
325 334
325 418
325 472
326 382
326 427
326 481
327 330
327 351
327 397
328 349
328 371
328 372
328 397
328 497
329 349
329 362
330 394
330 400
330 408
331 417
332 394
332 395
332 494
333 383
333 440
334 398
334 456
335 411
335 464
336 400
336 446
336 462
337 440
337 485
338 409
338 436
339 498
340 341
341 362
341 383
341 434
341 489
342 395
342 416
342 437
342 470
343 441
343 458
344 402
344 418
344 437
345 428
345 498
346 380
346 405
346 456
346 475
346 479
346 499
347 387
347 398
347 402
347 429
347 491
347 499
348 361
348 369
348 446
348 462
348 467
349 363
349 436
349 454
350 390
350 446
351 486
351 488
351 493
352 363
353 355
353 362
353 494
354 435
355 411
355 432
355 452
355 477
356 366
356 372
356 438
356 458
356 464
357 391
357 410
357 412
357 475
357 499
358 370
358 498
359 427
359 476
360 416
360 480
361 363
361 393
361 415
361 466
361 472
362 372
362 462
362 478
363 395
363 451
363 479
363 482
364 408
364 456
364 470
364 486
365 377
365 442
366 467
367 402
368 375
368 388
368 411
368 422
368 454
369 375
370 405
371 464
372 436
372 455
373 376
373 385
373 394
373 434
373 481
373 491
375 408
375 448
375 464
375 471
375 478
375 496
376 464
377 401
377 475
377 484
377 499
378 405
378 414
378 427
378 436
379 380
379 416
380 441
381 426
381 447
382 414
382 498
383 412
383 458
384 397
384 418
384 429
384 455
384 466
385 471
385 485
385 495
385 499
386 424
386 494
388 406
388 451
388 491
389 404
389 479
390 481
391 401
391 404
391 491
392 424
392 445
393 396
393 400
393 452
394 395
394 450
394 465
394 479
395 455
396 400
396 448
397 404
397 415
397 424
397 491
398 426
398 428
398 429
398 474
399 478
400 416
400 420
400 438
401 446
401 473
401 487
402 489
403 477
403 489
404 444
405 461
405 469
406 411
406 432
407 418
407 425
408 427
408 472
409 419
409 458
409 477
410 471
411 472
412 438
412 465
412 476
412 498
413 452
413 487
414 426
414 454
414 475
414 488
415 420
415 481
416 470
416 484
417 444
417 472
417 475
418 436
418 460
418 471
418 495
419 424
419 459
421 442
423 447
424 441
424 451
424 492
425 430
426 451
426 475
427 445
427 458
427 463
428 476
429 492
430 440
430 484
431 455
431 473
431 485
432 494
434 482
435 445
435 490
436 438
437 494
438 445
438 460
439 440
441 457
442 445
442 446
442 467
444 485
445 451
445 458
445 496
446 476
446 492
447 449
447 481
447 494
447 496
447 497
448 464
450 492
454 478
455 481
455 492
456 464
456 470
457 470
459 466
459 488
461 464
465 497
470 478
471 498
477 489
478 495
484 491
486 499
