0
500
2451
0
1
0
0 11
0 50
0 52
0 72
0 112
0 139
0 155
0 166
0 198
0 210
0 226
0 229
0 348
0 349
0 359
0 377
0 380
0 387
0 474
1 7
1 11
1 126
1 146
1 252
1 293
1 308
1 330
1 336
1 339
1 360
1 375
1 385
1 401
1 441
1 460
2 124
2 166
2 205
2 259
2 281
2 298
2 404
3 8
3 19
3 88
3 143
3 305
3 322
3 358
3 392
3 407
3 448
3 470
4 165
4 291
4 318
4 433
4 490
5 122
5 158
6 14
6 49
6 121
6 122
6 128
6 150
6 177
6 316
6 342
7 78
7 141
7 147
7 208
7 220
7 234
7 315
7 396
7 408
7 409
7 453
7 460
7 490
8 55
8 61
8 65
8 78
8 134
8 148
8 165
8 216
8 242
8 264
8 321
8 366
8 370
8 372
8 385
8 393
8 399
8 412
8 489
9 76
9 82
9 87
9 111
9 171
9 203
9 241
9 308
9 393
9 408
9 443
10 56
10 77
10 97
10 466
10 496
11 26
11 130
11 155
11 205
11 271
11 304
11 320
11 358
11 417
12 72
12 256
12 329
12 354
12 363
12 373
12 405
12 441
12 450
13 27
13 35
13 95
13 120
13 148
13 185
13 217
13 335
13 342
13 364
13 366
13 412
13 458
14 74
14 117
14 143
14 156
14 165
14 198
14 208
14 241
14 350
14 486
15 76
15 98
15 105
15 151
15 228
15 240
15 262
15 272
15 317
15 498
16 33
16 48
16 137
16 154
16 209
16 274
16 282
16 315
16 375
16 428
16 466
17 47
17 85
17 110
17 174
17 234
17 345
17 391
17 461
18 58
18 195
18 205
18 228
18 271
18 276
18 295
18 347
18 374
18 399
18 452
19 32
19 37
19 100
19 282
19 411
19 419
20 158
20 226
20 246
20 336
20 360
20 390
20 398
20 498
21 31
21 359
21 391
21 399
22 70
22 72
22 77
22 143
22 380
22 390
22 430
22 494
23 47
23 82
23 87
23 162
23 174
23 197
23 280
23 401
23 430
24 29
24 42
24 49
24 204
24 278
24 441
24 460
24 473
25 53
25 57
25 71
25 83
25 134
25 171
25 208
26 52
26 166
26 177
26 179
26 197
26 216
26 230
26 231
26 308
26 331
26 348
26 432
26 440
26 469
26 491
27 62
27 138
27 166
27 224
27 277
27 400
27 498
28 71
28 143
28 353
28 363
28 427
29 30
29 62
29 245
29 248
29 347
29 371
29 421
29 455
30 87
30 89
30 135
30 181
30 221
30 222
30 270
30 297
30 361
30 414
30 439
30 487
31 36
31 66
31 183
31 211
31 214
31 243
31 331
31 345
31 475
32 104
32 207
32 241
32 253
32 343
32 441
32 486
33 39
33 76
33 120
33 164
33 216
33 371
34 333
34 406
34 407
34 444
34 479
35 197
35 224
35 236
35 310
35 312
35 331
35 400
35 406
35 433
35 457
36 148
36 239
36 266
36 324
36 325
36 415
36 457
36 495
37 60
37 215
37 247
37 282
37 450
38 121
38 154
38 226
38 238
38 288
38 380
38 381
38 392
38 496
39 50
39 123
39 159
39 171
39 200
39 211
39 253
39 302
39 349
39 404
40 61
40 68
40 116
40 169
40 218
40 227
40 251
40 375
40 427
41 45
41 66
41 81
41 217
41 304
41 342
41 349
41 371
41 389
41 452
41 468
42 121
42 187
42 230
43 51
43 56
43 218
43 348
43 380
44 72
44 105
44 133
44 136
44 233
44 382
44 489
45 58
45 130
45 308
45 322
45 335
45 466
45 468
46 53
46 125
46 139
46 261
46 281
46 315
46 360
46 431
46 435
46 489
46 498
47 56
47 169
47 205
47 227
47 246
47 292
47 383
47 400
47 438
47 482
47 493
48 94
48 117
48 147
48 165
48 198
48 238
48 344
48 366
48 393
48 414
48 427
49 299
49 305
49 390
49 427
49 498
50 76
50 83
50 314
50 316
50 324
50 366
50 489
51 74
51 75
51 82
51 154
51 156
51 191
51 197
51 250
51 323
51 453
51 497
52 185
52 260
52 276
52 361
52 373
52 396
52 413
52 461
52 482
53 81
53 87
53 137
53 138
53 231
53 243
53 397
53 407
53 420
54 97
54 111
54 193
54 252
54 293
54 360
54 374
54 379
54 388
54 393
54 436
54 489
55 202
55 249
55 252
55 357
55 454
56 71
56 116
56 221
56 245
56 295
56 351
56 390
56 413
56 427
56 441
56 444
56 448
57 129
57 156
57 160
57 196
57 309
57 347
57 441
58 122
58 133
58 157
58 253
58 276
58 409
59 124
59 143
59 199
59 217
59 232
59 260
59 263
59 265
59 273
59 277
59 370
59 403
59 427
59 467
59 478
60 173
60 192
60 193
60 247
60 278
60 293
60 323
61 118
61 177
61 300
61 438
62 72
62 82
62 108
62 131
62 246
62 251
62 342
62 346
62 403
63 76
63 82
63 87
63 102
63 122
63 171
63 287
63 486
64 184
64 267
64 269
64 293
64 341
64 382
65 96
65 125
65 181
65 183
65 195
65 240
65 247
65 265
65 280
65 337
65 341
65 363
65 437
65 475
65 498
66 140
66 150
66 269
66 282
66 345
66 359
66 389
66 393
66 405
66 482
66 484
67 190
67 229
67 230
67 244
67 299
67 317
67 378
67 396
67 408
67 478
68 132
68 192
68 200
68 227
68 247
68 349
69 79
69 88
69 114
69 158
69 169
69 247
69 283
69 333
69 453
69 482
70 149
70 153
70 194
70 281
70 290
70 347
70 382
70 421
70 433
70 447
71 135
71 171
71 211
71 306
71 352
71 366
71 441
72 75
72 112
72 246
72 303
72 404
72 436
73 209
73 473
74 163
74 277
74 363
74 475
74 490
75 115
75 160
75 173
75 226
75 262
75 325
75 406
75 415
75 458
75 468
75 480
76 97
76 200
76 223
76 266
76 282
76 435
76 437
76 443
77 132
77 185
77 198
77 279
77 298
77 367
77 436
78 107
78 125
78 243
78 323
78 328
78 337
78 395
78 410
78 411
78 426
78 496
78 497
79 92
79 133
79 219
79 237
79 310
79 402
79 461
79 494
80 172
80 199
80 287
80 307
80 312
80 313
80 354
80 402
80 424
80 438
81 141
81 190
81 280
81 288
81 389
81 398
81 403
81 417
81 447
82 109
82 142
82 161
82 252
82 295
82 420
82 446
82 451
82 463
82 475
82 480
83 91
83 106
83 124
83 171
83 257
83 308
83 344
83 376
83 410
83 422
84 147
84 152
84 168
84 257
84 374
84 385
84 428
85 86
85 101
85 117
85 123
85 258
85 389
85 421
85 456
85 492
86 143
86 194
86 208
86 210
86 247
86 277
86 306
86 348
86 354
86 476
87 88
87 166
87 413
87 445
88 120
88 218
88 246
88 327
88 331
88 343
88 347
88 426
88 459
88 472
89 124
89 165
89 231
89 245
89 375
89 384
90 94
90 140
90 223
90 258
90 314
90 333
90 406
90 470
91 105
91 130
91 155
91 180
91 191
91 196
91 217
91 222
91 266
91 284
91 318
91 346
91 349
91 352
91 410
91 464
92 96
92 318
92 333
92 390
92 448
92 499
93 104
93 141
93 142
93 196
93 279
93 466
94 116
94 133
94 210
94 219
94 302
94 321
94 322
94 411
94 439
94 442
94 475
95 107
95 234
95 306
95 320
95 423
95 472
96 135
96 152
96 172
96 191
96 235
96 289
96 430
96 484
97 129
97 257
97 271
97 301
97 382
97 406
97 477
98 101
98 109
98 118
98 242
98 277
98 305
98 308
98 338
98 376
98 384
98 410
98 480
98 490
99 127
99 132
99 164
99 206
99 359
99 445
100 123
100 224
100 312
100 358
100 384
100 434
100 481
101 126
101 227
101 286
101 355
101 415
101 469
101 490
102 131
102 188
102 213
102 263
102 330
102 357
102 364
102 410
103 124
103 211
103 233
103 368
103 388
103 421
103 463
104 120
104 197
104 232
104 380
104 398
104 402
104 427
104 456
104 471
104 482
105 215
105 267
105 276
105 290
105 299
105 333
105 369
105 440
105 462
105 496
106 202
106 322
106 365
106 369
106 432
106 433
106 438
107 226
107 246
107 309
107 390
107 423
108 126
108 229
108 239
108 244
108 251
108 290
108 321
108 368
108 383
108 476
109 204
109 216
109 280
109 387
109 485
110 193
110 203
110 265
110 273
110 329
110 339
110 439
110 441
110 476
111 167
111 231
111 285
111 398
111 477
112 114
112 118
112 128
112 186
112 283
112 315
112 440
112 446
112 488
113 216
113 220
113 237
113 282
113 322
113 407
113 431
114 179
114 194
114 210
114 230
114 289
114 322
114 400
114 415
114 429
114 433
115 214
115 365
115 389
115 442
116 121
116 179
116 231
116 239
116 317
116 322
116 328
116 332
116 396
116 404
116 407
116 428
117 120
117 139
117 146
117 205
117 240
117 313
117 330
117 437
117 447
118 181
118 289
118 295
118 331
118 449
118 458
119 176
119 234
119 257
119 319
119 449
119 453
119 463
119 465
119 482
120 153
120 239
120 338
120 377
120 407
120 450
121 139
121 211
121 268
121 320
121 374
121 392
121 440
121 475
121 495
122 198
122 235
122 314
122 373
122 415
122 474
122 499
123 228
123 272
123 291
123 314
123 328
123 335
123 434
124 137
124 186
124 279
124 333
124 410
125 259
125 277
125 294
125 389
125 393
125 396
125 455
126 138
126 214
126 248
126 279
126 359
126 362
126 372
126 396
126 403
127 147
127 235
127 300
127 334
127 359
127 391
127 494
128 166
128 286
128 300
128 332
128 391
128 396
128 408
129 137
129 168
129 174
129 185
129 261
129 309
129 316
129 322
129 344
129 347
129 437
129 450
129 454
129 479
129 486
130 177
130 182
130 204
130 215
130 242
130 340
130 438
131 239
131 257
131 390
131 458
131 477
132 182
132 192
132 254
132 288
132 290
132 437
133 169
133 170
133 262
133 330
133 349
133 353
133 435
133 465
134 174
134 325
134 368
134 391
135 160
135 174
135 235
135 239
135 252
135 264
135 366
135 395
135 433
136 179
136 306
136 414
136 420
136 469
136 479
136 492
137 292
137 453
137 491
138 192
138 222
138 259
138 264
138 359
139 154
139 168
139 173
139 190
139 251
139 297
139 302
139 385
139 411
140 147
140 169
140 209
140 216
140 227
140 277
140 290
140 304
140 311
140 349
140 360
140 398
140 426
140 436
140 451
141 162
141 264
141 301
141 334
141 406
141 451
141 466
141 484
142 146
142 279
142 354
142 407
142 476
143 164
143 180
143 187
143 215
143 218
143 283
143 373
143 458
143 481
144 146
144 199
144 264
144 297
144 321
144 336
144 425
144 467
144 494
145 173
145 218
145 246
145 265
145 401
145 453
145 465
146 163
146 196
146 349
146 428
146 478
146 494
147 185
147 363
147 402
148 291
148 293
148 312
148 332
148 353
148 427
148 456
149 209
149 234
149 283
149 296
149 307
149 365
149 446
150 200
150 478
151 218
151 224
151 235
151 328
151 339
151 455
152 312
152 400
152 424
153 260
153 325
153 337
153 421
153 432
153 468
154 168
154 180
154 220
154 299
154 322
154 384
154 411
155 428
156 367
157 247
157 253
157 336
157 347
157 429
157 445
158 322
158 359
158 380
158 391
158 453
158 463
158 479
159 279
159 339
159 362
159 475
160 164
160 195
160 377
160 389
160 396
160 420
160 425
160 429
160 445
160 448
161 303
161 335
161 351
161 385
161 404
161 413
161 416
161 461
162 201
162 226
162 227
162 376
162 388
162 409
162 415
163 180
163 206
163 297
163 306
163 334
163 349
163 394
163 400
163 478
164 204
164 319
164 320
164 354
164 365
164 416
164 420
164 427
164 490
164 495
165 167
165 171
165 223
165 269
165 386
165 419
166 278
166 480
167 239
168 184
168 222
168 230
168 238
168 305
168 386
168 390
168 432
168 434
168 486
169 175
169 265
169 282
169 327
169 369
169 449
169 481
169 493
170 265
170 308
170 372
170 373
170 377
170 402
170 476
170 486
170 491
171 197
171 278
171 323
171 423
171 474
172 174
172 247
172 298
172 379
172 465
172 479
173 294
173 310
174 212
174 269
174 286
174 398
174 422
174 491
175 191
175 237
175 386
175 387
175 388
176 184
176 199
176 203
176 346
176 372
176 395
176 428
176 451
176 471
177 215
177 227
177 262
177 268
177 311
177 317
177 338
177 364
177 413
177 485
177 487
178 190
178 202
178 361
178 432
179 221
179 280
179 281
179 329
179 345
179 472
180 234
180 332
180 356
180 408
180 414
180 491
180 498
181 182
181 206
181 234
181 245
181 326
181 330
181 352
181 365
181 393
182 207
182 223
182 225
182 230
182 277
182 333
182 343
182 349
182 411
182 415
182 418
182 430
183 195
183 207
183 228
183 468
184 204
184 207
184 214
184 219
184 234
184 264
184 266
184 268
184 272
184 345
184 467
184 486
185 215
185 230
185 283
185 309
185 330
185 495
186 258
186 298
186 307
186 365
186 383
186 439
186 444
187 294
187 306
187 367
187 397
187 427
187 467
187 492
188 266
188 268
188 359
188 445
189 278
189 341
189 390
189 403
189 412
189 418
189 451
189 453
190 210
190 318
190 429
190 433
190 474
191 195
191 278
191 319
191 431
191 492
192 197
192 251
192 278
192 417
193 203
193 254
193 344
193 357
193 385
193 388
193 390
193 480
194 215
194 220
194 266
194 283
194 297
194 307
194 336
194 382
194 445
194 450
195 197
195 201
195 333
195 338
195 471
195 493
196 227
196 239
196 246
196 289
196 328
196 476
197 211
197 235
197 318
197 370
197 467
197 468
198 222
198 270
198 337
198 348
198 401
198 405
198 480
199 218
199 238
199 337
199 368
199 469
199 473
199 497
200 201
200 209
200 266
200 304
200 357
200 446
200 447
200 458
200 487
201 262
201 266
201 415
202 225
202 249
202 253
202 263
202 298
202 374
202 388
202 437
202 490
203 264
203 292
203 295
203 346
204 240
204 249
204 296
204 320
204 352
204 400
204 427
205 231
205 278
205 307
205 318
205 320
205 325
205 330
205 370
205 372
205 476
205 478
205 495
206 248
206 285
206 299
206 311
206 340
206 359
206 428
206 459
207 277
207 287
207 296
207 303
207 366
207 387
208 209
208 287
208 323
208 393
208 498
209 238
209 260
209 410
209 441
210 227
210 235
210 303
210 466
211 265
211 349
211 497
212 227
212 297
212 312
212 318
212 333
212 355
213 325
213 413
214 233
214 243
214 293
214 294
214 325
214 364
214 415
214 433
215 283
215 300
215 404
216 221
216 289
216 346
216 363
216 430
217 283
217 387
217 409
217 411
217 458
217 469
218 249
218 260
218 281
218 338
218 342
218 343
219 275
219 286
219 372
219 399
219 454
219 462
220 259
220 356
220 421
220 443
220 455
220 477
221 244
221 335
221 484
222 309
222 388
222 489
223 296
223 341
223 362
223 373
223 385
223 452
224 291
224 312
224 340
224 343
224 386
224 481
225 242
225 256
225 380
225 432
225 444
225 456
225 472
226 259
226 287
226 306
226 335
226 408
226 424
226 431
227 241
227 262
227 286
227 327
227 356
227 362
227 430
227 441
227 455
227 485
228 348
228 492
228 494
229 388
229 406
229 461
230 235
230 251
230 259
230 275
230 369
230 407
230 456
230 465
231 328
231 397
231 405
232 241
232 300
232 412
232 442
232 491
233 316
233 446
233 464
234 401
234 417
234 442
234 449
235 438
235 494
235 496
236 275
236 332
236 355
236 375
236 388
236 447
237 267
237 309
237 380
237 401
238 242
238 246
238 250
238 287
238 291
238 345
238 384
238 432
238 464
238 484
239 299
239 429
239 462
239 488
240 264
240 355
240 356
240 371
240 462
240 499
241 277
241 282
241 299
241 311
241 384
241 403
241 404
241 458
241 480
242 285
242 305
242 376
242 476
243 427
244 316
244 334
244 372
244 380
244 389
244 432
245 284
245 294
245 352
245 445
245 479
246 292
246 305
246 329
246 354
246 363
246 425
246 449
246 474
247 283
247 300
247 377
247 382
248 271
248 306
248 357
248 368
248 415
248 469
248 477
249 359
249 377
249 485
250 307
250 407
250 437
250 444
250 463
251 264
251 334
251 438
251 457
251 499
252 262
252 380
252 423
252 456
253 255
253 294
253 308
253 314
253 319
253 327
253 342
253 370
253 402
253 425
254 281
254 316
254 369
254 371
254 419
255 321
255 402
255 470
255 493
255 496
256 314
256 327
256 368
256 391
256 426
256 437
257 285
257 309
257 360
257 373
257 390
258 292
258 332
259 271
259 399
260 375
260 489
261 266
261 269
261 382
261 391
261 434
261 468
262 303
262 365
262 449
262 476
263 323
263 324
263 349
264 280
264 312
264 355
264 370
265 356
265 371
265 398
266 285
266 350
266 383
266 461
266 486
267 297
267 432
267 489
268 269
268 274
268 315
268 354
268 384
268 399
268 420
268 428
268 449
269 371
270 272
270 275
270 319
270 343
270 404
270 464
271 286
271 358
271 375
271 395
271 449
271 463
272 359
272 394
272 449
272 491
273 315
273 445
274 296
274 487
274 491
274 495
275 368
275 416
276 294
276 349
276 412
277 362
277 438
278 298
278 299
278 325
278 353
278 356
278 367
278 420
279 390
279 420
279 463
280 291
280 310
280 368
281 302
281 316
281 350
281 370
281 421
281 447
281 490
282 321
282 336
283 303
283 336
283 439
283 489
284 297
284 367
284 398
284 402
284 443
285 314
285 318
285 329
285 337
285 472
286 306
286 341
286 405
287 369
287 445
287 457
287 481
288 296
288 389
288 390
288 423
289 294
289 369
289 456
289 496
290 411
290 462
290 499
291 309
291 365
291 416
292 311
292 456
292 464
292 482
293 314
293 331
293 402
293 413
294 395
294 439
294 461
294 483
295 379
295 380
295 432
295 465
295 467
296 300
296 302
296 307
296 311
296 335
296 338
296 436
296 483
297 313
297 427
298 336
298 340
298 373
298 415
299 303
299 335
299 402
300 335
300 364
300 423
301 318
301 331
301 430
301 447
301 462
301 482
302 319
302 325
302 353
302 385
302 499
303 336
303 382
304 404
304 459
305 345
305 358
305 394
306 336
306 375
307 390
307 476
307 490
308 322
308 359
308 365
308 409
308 414
308 425
308 430
308 434
308 439
308 455
309 318
309 361
309 417
311 330
311 349
311 416
311 428
311 440
311 448
312 348
312 370
312 380
312 486
313 381
313 406
313 412
313 458
314 323
314 327
314 371
314 398
315 320
315 325
315 352
315 371
315 434
315 460
315 471
316 324
316 415
316 473
317 374
318 327
318 343
318 353
318 367
318 443
318 498
319 352
319 355
319 369
319 398
319 420
320 341
320 343
320 347
320 382
320 437
321 338
321 373
321 480
322 345
322 393
322 406
323 349
323 378
323 393
323 462
324 460
325 328
325 403
325 417
325 458
325 493
326 375
326 443
327 411
327 452
327 466
328 347
328 358
328 450
331 373
331 393
331 405
331 474
331 478
332 447
333 344
333 384
333 388
333 394
333 450
334 354
334 409
334 458
334 483
335 377
335 477
335 499
336 348
336 382
336 400
336 430
336 484
337 389
337 431
337 485
338 406
338 414
338 452
339 377
339 416
339 478
340 466
341 362
341 461
342 380
342 414
342 472
342 491
343 396
343 424
344 352
344 374
344 382
344 488
345 361
345 491
346 374
346 414
346 441
346 459
346 498
347 348
347 392
347 403
347 442
347 456
347 458
347 468
347 486
347 489
348 351
348 451
348 471
349 492
350 372
350 378
350 406
350 409
350 438
351 361
351 426
351 455
352 377
353 386
353 449
353 493
354 372
354 464
354 497
354 498
355 467
356 411
357 431
357 457
358 424
358 450
358 454
359 398
359 419
359 494
360 408
360 437
360 463
360 496
361 374
361 403
361 437
361 476
361 477
362 463
362 464
362 465
362 467
363 416
363 423
363 425
363 473
366 444
367 397
368 402
368 445
368 455
369 379
369 412
369 493
370 425
370 442
371 415
371 420
372 378
372 451
372 471
372 473
373 408
373 431
373 463
374 475
374 480
374 491
374 497
375 391
375 417
375 425
375 437
375 464
375 471
376 419
376 462
376 479
377 382
377 403
377 404
378 397
378 408
378 417
378 430
378 447
378 457
379 417
379 496
380 426
380 442
380 444
381 414
381 490
382 386
382 443
382 470
382 484
383 409
383 434
383 442
383 484
384 455
385 487
386 421
387 397
387 404
387 476
388 419
388 448
389 392
389 398
389 413
389 446
390 415
391 400
391 485
392 407
392 478
393 401
393 451
393 464
394 417
394 451
394 464
394 490
395 426
395 444
395 460
395 482
395 497
396 401
396 425
396 450
396 456
397 432
397 460
397 499
399 463
400 405
400 494
401 496
402 432
403 484
403 492
404 439
404 498
406 458
406 474
407 424
407 468
408 460
408 489
409 445
409 459
409 480
411 429
411 495
412 466
413 499
419 425
419 429
419 454
420 486
421 426
422 450
422 457
423 475
426 473
427 481
428 467
429 467
429 468
429 491
430 452
430 459
430 494
431 467
431 477
433 483
433 497
434 495
434 499
435 457
436 466
437 438
437 499
439 457
440 467
441 451
441 452
441 487
441 494
445 449
445 478
445 483
446 450
447 449
447 459
447 462
448 456
448 491
449 487
449 493
450 453
450 463
451 456
452 470
453 476
453 480
453 494
454 476
455 464
455 475
455 476
457 489
458 492
458 498
459 497
460 484
460 492
461 467
462 496
464 471
464 497
466 474
466 494
467 486
470 480
474 493
477 479
483 487
484 494
484 496
486 494
488 491
