0
500
2510
0
1
0
0 96
0 108
0 158
0 192
0 214
0 253
0 267
0 346
0 436
1 57
1 136
1 168
1 241
1 244
1 271
1 331
1 336
1 358
2 23
2 63
2 230
2 290
2 334
2 497
3 5
3 88
3 211
3 296
3 314
3 397
3 431
4 143
4 217
4 246
4 262
4 295
4 325
4 375
4 427
4 444
4 453
4 476
5 16
5 28
5 49
5 121
5 149
5 150
5 170
5 189
5 215
5 232
5 335
5 386
5 422
6 70
6 108
6 120
6 200
6 202
6 384
6 479
6 492
7 72
7 74
7 78
7 141
7 237
7 252
7 285
7 298
7 431
7 477
7 486
8 70
8 146
8 185
8 186
8 200
8 319
8 351
8 366
8 390
8 449
9 13
9 27
9 37
9 90
9 141
9 211
9 322
9 349
9 382
9 399
9 404
9 494
10 68
10 109
10 113
10 148
10 206
10 253
10 263
10 276
10 314
10 348
10 368
11 51
11 61
11 73
11 93
11 127
11 164
11 207
11 212
11 224
11 240
11 260
11 305
11 312
11 314
11 407
11 424
11 481
11 482
11 490
12 25
12 61
12 62
12 72
12 83
12 171
12 191
12 225
12 269
12 384
12 406
12 482
12 492
13 16
13 43
13 139
13 219
13 220
13 331
13 356
13 394
13 418
13 453
13 468
14 30
14 92
14 109
14 176
14 274
14 371
14 378
14 400
15 89
15 94
15 140
15 210
15 218
15 225
15 274
15 299
15 337
15 367
15 434
16 35
16 194
16 196
16 256
16 257
16 285
16 288
16 325
16 412
16 413
17 36
17 106
17 133
17 160
17 241
17 243
17 277
17 417
17 453
17 465
17 469
18 54
18 101
18 143
18 211
18 254
18 309
18 335
19 32
19 64
19 202
19 234
19 241
19 266
19 267
19 337
19 342
19 401
19 476
20 36
20 73
20 172
20 273
20 454
21 36
21 92
21 200
21 211
21 273
21 313
21 397
21 481
21 484
22 33
22 48
22 111
22 168
22 240
22 411
22 416
22 453
23 72
23 217
23 252
23 274
23 278
23 298
23 340
23 429
24 120
24 124
24 226
24 261
24 300
24 390
24 424
24 441
24 469
25 43
25 46
25 59
25 74
25 99
25 102
25 105
25 128
25 210
25 244
25 359
25 380
26 44
26 46
26 78
26 155
26 160
26 162
26 221
26 393
26 456
27 80
27 93
27 119
27 136
27 176
27 179
27 222
27 238
27 332
27 419
27 427
28 142
28 151
28 177
28 199
28 211
28 267
28 314
28 416
28 421
28 423
28 463
28 467
29 188
29 367
29 383
29 411
29 414
29 430
29 479
29 489
30 45
30 91
30 105
30 244
30 286
30 305
30 311
30 381
30 498
31 58
31 141
31 180
31 183
31 196
31 197
31 237
31 278
31 368
31 390
31 457
31 467
31 493
32 36
32 116
32 195
32 207
32 252
32 276
32 354
32 402
32 424
32 453
33 35
33 84
33 94
33 96
33 133
33 163
33 170
33 173
33 216
33 221
33 228
33 325
33 362
33 430
33 474
34 45
34 277
34 294
34 350
34 360
34 418
34 441
34 479
34 489
34 490
35 241
35 292
35 443
36 45
36 73
36 76
36 142
36 166
36 216
36 259
36 309
36 331
36 349
36 370
36 388
36 455
37 109
37 234
37 330
37 391
37 398
37 403
37 445
38 68
38 73
38 84
38 138
38 252
38 254
38 292
38 315
38 325
38 354
38 356
38 367
39 46
39 51
39 73
39 81
39 249
39 379
39 415
39 465
39 466
40 53
40 150
40 198
40 226
40 229
40 266
40 320
40 331
40 369
40 389
40 444
40 456
41 81
41 125
41 186
41 207
41 286
41 358
41 446
41 480
41 483
42 119
42 126
42 133
42 162
42 202
42 308
42 322
42 360
42 380
42 432
43 106
43 116
43 140
43 185
43 196
43 204
43 228
43 269
43 329
43 435
43 459
43 466
43 469
44 95
44 101
44 130
44 160
44 187
44 251
44 257
44 373
44 415
44 490
45 55
45 120
45 127
45 334
45 371
45 373
45 405
45 418
45 431
45 467
46 67
46 145
46 282
46 373
46 409
46 439
46 448
46 498
47 117
47 126
47 175
47 183
47 275
47 295
47 422
47 489
47 495
48 50
48 227
48 238
48 292
48 293
48 315
48 369
48 413
48 419
48 432
48 490
48 494
49 51
49 59
49 198
49 217
49 222
49 278
49 317
49 341
49 406
49 432
49 435
50 91
50 294
50 342
50 442
50 461
50 479
51 145
51 201
51 213
51 353
51 418
51 494
51 499
52 91
52 175
52 241
52 334
52 343
52 355
52 433
52 465
52 471
53 106
53 147
53 155
53 310
53 441
53 444
54 94
54 215
54 253
54 259
54 284
54 463
54 465
55 124
55 192
55 216
55 331
55 357
55 439
56 119
56 157
56 278
56 460
57 70
57 87
57 99
57 156
57 184
57 187
57 288
57 401
57 427
57 464
57 492
58 109
58 128
58 169
58 305
58 307
58 321
58 388
59 107
59 141
59 282
59 295
59 337
59 394
59 396
59 422
59 425
59 476
59 483
60 81
60 103
60 123
60 144
60 173
60 242
60 255
60 258
60 284
60 351
60 385
60 394
60 417
60 498
61 75
61 90
61 176
61 194
61 253
61 354
61 364
61 467
62 155
62 238
62 255
62 328
62 337
62 372
62 433
62 476
63 77
63 84
63 103
63 148
63 194
63 216
63 237
63 244
63 365
63 399
63 424
63 496
64 106
64 234
64 272
64 277
64 304
64 312
64 402
64 407
64 428
64 442
64 477
65 127
65 133
65 137
65 309
65 320
65 363
66 150
66 201
66 225
66 287
66 340
66 370
66 395
66 398
66 432
67 90
67 287
67 345
67 364
67 370
67 416
67 493
68 76
68 91
68 126
68 161
68 289
68 293
68 398
68 409
68 446
68 497
69 154
69 158
69 171
69 277
69 326
69 332
69 423
69 441
69 442
70 151
70 438
70 447
70 457
71 78
71 219
71 296
71 325
71 336
71 344
71 413
71 443
71 456
72 81
72 151
72 163
72 190
72 219
72 270
72 382
72 404
73 75
73 123
73 301
73 349
73 401
73 464
74 108
74 209
74 258
74 276
74 288
74 309
74 329
74 348
74 381
74 448
74 486
75 196
75 249
75 283
75 287
75 288
75 352
75 408
75 427
75 468
76 195
76 201
76 234
76 385
76 390
76 400
76 407
77 134
77 264
77 285
77 391
77 413
77 442
78 88
78 94
78 99
78 133
78 135
78 141
78 208
78 264
78 268
78 288
78 294
78 305
78 426
79 87
79 116
79 117
79 179
79 219
79 230
79 272
79 353
79 494
80 107
80 125
80 243
80 253
80 275
80 297
80 428
80 435
80 469
81 107
81 237
81 247
81 354
81 372
81 402
81 474
82 87
82 88
82 157
82 172
82 354
82 409
83 162
83 184
83 266
83 294
83 297
84 223
84 251
84 257
84 261
84 294
84 359
84 370
84 417
84 422
85 233
85 341
85 360
85 366
85 384
85 394
85 397
86 141
86 160
86 192
86 218
86 377
86 385
86 404
86 499
87 95
87 105
87 176
87 292
87 364
87 407
87 447
87 490
88 95
88 140
88 154
88 238
88 369
88 372
88 425
89 143
89 150
89 177
89 225
89 280
89 318
89 329
89 330
89 387
89 429
90 160
90 162
90 171
90 203
90 229
90 266
90 309
90 338
90 445
91 110
91 118
91 121
91 162
91 332
91 369
91 435
91 448
91 479
92 169
92 212
92 234
92 241
92 324
92 348
92 354
92 384
92 417
92 438
92 450
92 477
93 97
93 192
93 206
93 214
93 385
93 407
93 469
93 484
94 95
94 170
94 210
94 228
94 231
94 236
94 359
94 365
94 367
94 375
95 121
95 158
95 218
95 225
95 230
95 321
95 325
95 415
95 491
95 492
96 166
96 198
96 201
96 212
96 251
96 258
96 269
96 285
96 294
96 329
96 383
96 388
97 129
97 245
97 277
97 293
97 446
98 177
98 217
98 268
98 445
98 499
99 145
99 214
99 294
99 407
99 417
99 440
100 106
100 157
100 178
100 386
100 409
101 122
101 126
101 130
101 205
101 247
101 283
101 357
101 391
101 461
102 148
102 227
102 239
102 265
102 272
102 284
102 291
102 386
102 411
102 468
103 140
103 155
103 168
103 171
103 205
103 233
103 471
104 439
104 493
105 112
105 140
105 173
105 201
105 204
105 223
105 224
105 273
105 275
105 299
105 381
106 110
106 124
106 277
106 316
106 334
106 488
106 495
107 145
107 147
107 166
107 188
107 202
107 328
107 345
107 408
108 126
108 185
108 192
108 211
108 330
108 345
108 369
108 370
108 388
108 409
108 462
108 489
109 124
109 152
109 155
109 345
109 353
109 368
109 410
109 456
110 164
110 470
111 207
111 303
111 328
111 443
111 473
112 119
112 134
112 157
112 176
112 213
113 192
113 202
113 240
113 297
113 444
113 451
113 465
114 115
114 185
114 189
114 318
114 327
114 364
114 381
114 395
114 401
114 440
114 457
115 132
115 156
115 201
115 238
115 244
115 245
115 331
115 359
115 362
115 371
115 490
116 145
116 177
116 302
116 444
116 474
116 481
117 134
117 149
117 154
117 157
117 176
117 212
117 239
117 496
118 243
118 340
118 413
118 425
118 467
118 475
118 477
119 154
119 267
119 301
119 370
119 375
119 391
119 423
119 488
120 139
120 151
120 188
120 216
120 219
120 252
120 282
120 381
120 409
120 412
120 430
121 286
121 373
121 411
121 439
122 243
122 345
122 352
122 361
122 382
122 434
122 446
123 165
123 195
123 212
123 247
123 302
123 389
124 278
124 427
124 440
124 488
125 154
125 155
125 165
125 177
125 255
125 289
125 316
125 334
125 350
125 356
125 386
125 446
126 190
126 224
126 256
126 281
126 286
126 293
126 309
126 312
126 320
126 328
126 333
126 361
126 364
126 388
126 426
126 488
126 490
126 497
127 187
127 205
127 206
127 217
127 274
127 298
127 359
127 387
127 393
128 225
128 229
128 353
128 376
128 488
129 264
129 307
129 371
130 140
130 178
130 218
130 354
130 355
130 475
131 218
131 233
131 260
131 487
132 166
132 238
132 276
132 310
132 342
132 375
132 408
132 444
133 203
133 352
133 364
133 406
133 411
133 418
133 475
134 177
134 197
134 204
134 213
134 218
134 386
134 479
134 483
134 494
135 137
135 205
135 250
135 266
135 306
135 342
135 480
136 138
136 205
136 229
136 246
136 286
136 472
137 188
137 228
137 237
137 322
137 325
137 364
137 383
137 432
138 173
138 210
138 326
138 343
138 358
139 155
139 189
139 206
139 234
139 256
139 286
139 291
139 358
139 416
139 450
139 488
140 159
140 186
140 202
140 221
140 270
140 282
140 301
140 344
140 358
140 377
140 428
140 435
141 189
141 355
141 357
141 410
141 447
141 453
142 397
142 455
143 281
143 284
143 461
144 203
144 206
144 320
144 373
144 374
144 393
144 498
145 148
145 194
145 277
145 284
145 289
145 307
145 327
145 352
145 366
145 390
145 430
145 445
145 464
146 238
146 254
146 309
146 326
146 375
146 443
146 452
147 170
147 253
147 271
147 369
147 382
147 399
147 409
147 473
148 151
148 217
148 338
148 413
148 421
148 473
149 177
149 178
149 221
149 258
149 294
149 335
149 354
149 384
149 439
149 461
150 194
150 203
150 224
151 172
151 177
151 220
151 265
151 288
151 294
151 371
151 390
151 447
151 449
151 476
152 212
152 224
152 395
152 467
153 162
153 353
153 383
153 408
153 472
154 172
154 189
154 207
154 240
154 289
154 326
154 372
154 389
154 427
154 473
155 221
155 255
155 261
155 272
155 333
155 345
155 350
155 433
155 446
156 180
156 351
156 405
157 261
157 266
157 269
157 293
157 354
157 384
157 433
158 185
158 225
158 258
158 269
158 311
158 325
158 337
158 367
158 383
158 404
159 182
159 255
159 305
159 317
159 322
159 338
159 355
159 368
159 487
160 200
160 278
160 298
160 359
160 398
160 400
160 411
161 172
161 217
161 250
161 297
161 307
161 331
161 339
161 396
162 195
162 249
162 250
162 258
162 371
162 417
162 429
162 443
162 489
162 490
163 264
163 345
163 467
164 176
164 371
164 409
164 426
164 482
164 491
165 303
165 363
165 372
165 453
166 172
166 245
166 263
166 327
166 331
166 382
166 417
166 451
167 185
167 201
167 244
167 275
167 416
168 188
168 293
168 309
168 317
168 398
168 487
168 496
169 174
169 184
169 199
169 274
169 315
169 316
169 409
169 492
170 171
170 189
170 229
170 254
170 263
170 328
170 466
171 234
171 307
171 316
171 328
171 353
171 479
172 189
172 289
172 305
172 314
172 315
173 265
173 322
173 337
173 403
173 446
173 463
174 272
174 279
174 296
174 348
174 383
174 453
174 492
175 184
175 206
175 280
175 356
175 405
175 496
176 181
176 204
176 245
176 284
176 300
176 311
176 366
176 418
177 180
177 319
177 332
177 351
177 455
177 495
178 185
178 286
178 294
178 358
178 406
178 435
178 458
179 181
179 183
179 288
179 314
179 455
179 472
180 234
180 329
180 338
180 359
180 399
180 447
181 185
181 206
181 335
181 381
181 391
182 239
182 261
182 297
182 329
182 396
183 307
183 358
183 418
183 425
183 447
183 454
184 188
184 301
184 336
184 390
184 408
184 427
184 431
184 460
184 484
185 231
185 254
185 296
185 342
185 346
185 357
185 391
185 398
185 406
185 411
185 424
185 433
185 450
185 488
186 386
187 309
187 389
187 451
188 278
188 305
188 379
188 387
189 327
189 344
189 352
189 412
189 440
190 314
190 397
190 443
191 302
191 311
191 352
191 361
191 375
191 380
191 463
191 469
192 215
192 237
192 287
192 298
192 306
192 314
192 322
192 367
192 380
192 382
192 396
192 427
192 447
193 265
193 272
193 368
193 435
193 462
193 489
193 491
193 493
194 276
194 416
194 448
195 222
195 242
195 249
195 256
195 480
196 240
196 300
196 325
196 400
196 404
196 458
196 478
197 204
197 207
197 236
197 297
197 464
197 473
198 260
198 311
198 315
198 471
199 230
199 370
199 386
199 443
199 456
199 496
200 203
200 274
200 342
200 347
200 423
201 208
201 210
201 227
201 261
201 368
201 411
201 443
201 490
202 203
202 276
202 315
202 369
202 377
202 431
202 443
202 490
203 242
203 309
203 451
203 482
204 206
204 352
204 363
204 443
205 266
205 321
205 340
205 353
205 373
205 417
205 475
206 215
206 233
206 287
206 300
206 353
206 387
206 472
206 487
207 277
207 367
207 384
207 386
207 409
207 460
208 268
208 279
208 347
208 433
209 221
209 239
209 246
209 331
209 352
209 361
209 410
209 420
209 431
209 433
209 453
210 289
210 339
210 340
210 388
210 461
211 259
211 359
211 372
211 379
211 406
212 222
212 236
212 240
212 302
212 350
212 483
213 258
213 307
213 333
213 356
213 430
213 441
213 488
213 491
214 395
215 304
215 409
215 418
215 499
216 218
216 250
216 290
216 340
216 407
216 425
216 446
216 466
217 299
217 317
217 338
217 415
217 466
218 228
218 229
218 359
218 371
218 394
218 396
218 454
218 474
219 239
219 253
219 275
219 356
219 397
219 473
220 226
220 241
220 318
220 355
220 363
220 387
221 242
221 243
221 249
221 262
221 308
221 317
221 379
221 461
222 305
222 359
222 375
222 454
223 233
223 313
223 328
223 476
223 494
224 294
224 327
224 378
224 430
224 443
224 468
225 228
225 278
225 292
225 302
225 338
225 370
225 393
225 409
225 431
225 443
225 485
226 306
226 353
226 425
226 435
226 446
226 447
227 239
227 292
227 307
227 339
227 355
227 372
227 464
228 235
228 267
228 287
228 349
228 454
229 467
229 476
230 245
230 327
230 366
230 374
230 439
231 356
231 398
231 412
231 426
231 481
231 493
232 368
232 432
233 283
233 332
233 388
234 481
235 372
235 396
235 416
236 243
236 248
236 260
236 294
236 351
236 353
237 289
237 331
237 368
237 374
237 442
237 467
238 287
238 339
238 376
238 385
238 429
238 483
239 273
239 277
239 309
239 413
239 429
240 248
240 316
240 358
240 363
240 379
240 382
240 408
240 466
240 485
241 274
241 287
241 342
241 351
241 355
241 481
241 489
242 287
242 327
242 333
242 430
242 435
242 484
243 251
243 338
243 359
243 414
243 479
243 484
244 284
244 298
244 305
244 402
244 460
245 249
245 392
245 406
245 438
245 461
246 298
246 306
246 320
246 328
246 348
246 351
246 410
246 443
246 471
247 343
247 354
247 425
248 256
248 261
248 291
248 312
248 321
248 390
248 412
248 469
248 488
249 260
249 262
249 278
249 454
249 492
249 498
250 278
250 322
250 457
250 489
251 265
251 294
251 327
251 361
251 367
251 395
251 398
251 413
251 419
251 433
251 477
252 308
252 312
252 319
252 329
252 358
252 367
253 292
253 324
253 493
254 299
254 315
254 316
254 373
254 407
254 433
255 266
255 290
255 332
255 464
256 371
256 466
256 483
257 474
258 274
258 321
258 330
258 332
258 378
258 402
259 268
259 427
259 472
260 275
260 279
260 364
260 438
260 454
261 267
261 273
261 317
261 491
262 293
262 347
262 354
262 365
263 271
263 281
263 307
263 400
263 404
264 332
264 373
264 382
265 304
266 339
266 349
267 287
267 321
267 352
267 487
268 336
268 345
268 403
268 444
269 281
269 392
269 453
270 286
270 396
270 473
270 489
270 495
271 275
271 286
271 362
271 411
271 473
272 273
272 380
272 458
273 325
273 395
274 282
274 389
274 392
274 419
275 340
275 375
275 393
275 440
275 441
275 445
275 468
277 337
277 342
277 350
277 370
277 409
277 442
278 315
278 352
278 373
278 402
278 439
278 468
278 476
279 280
279 303
279 311
279 370
279 463
280 306
280 313
280 328
280 383
280 388
280 405
280 426
280 438
281 381
281 415
281 458
281 460
282 338
282 371
282 390
282 440
282 465
282 467
283 285
283 318
283 325
283 389
283 437
284 380
284 382
284 388
284 468
284 492
285 333
285 389
285 444
285 488
286 324
286 420
286 454
287 365
287 389
288 340
288 389
288 391
288 430
289 343
289 360
289 411
290 295
290 375
290 467
291 370
291 387
292 335
292 379
292 396
293 316
293 328
293 437
293 439
294 341
294 345
294 380
294 440
294 479
295 339
295 343
296 327
296 339
296 372
296 409
296 415
296 416
296 495
297 430
297 481
297 490
298 425
298 431
298 442
298 456
298 473
299 381
299 383
299 386
299 418
300 336
300 392
300 442
300 481
301 334
301 392
301 453
301 478
301 494
302 303
302 424
303 342
303 346
303 391
303 411
303 418
303 444
303 488
304 326
304 334
304 473
305 383
305 468
306 498
307 376
307 421
307 429
307 463
307 464
307 490
308 402
308 418
308 472
309 411
309 450
310 345
310 355
310 415
311 347
311 389
311 401
311 442
312 318
312 366
312 438
313 345
313 365
313 387
314 342
314 353
314 379
314 391
314 409
314 424
314 460
315 327
315 343
315 451
315 477
315 498
316 371
317 343
317 378
317 457
318 336
318 360
318 401
318 429
318 432
318 436
319 375
319 432
319 454
320 341
320 356
320 367
320 468
320 483
321 459
322 385
322 389
322 394
322 441
322 497
323 337
323 377
323 460
324 436
325 358
325 367
325 380
325 395
325 398
325 455
325 472
325 494
326 357
326 384
326 397
327 416
327 486
328 331
328 355
328 367
328 396
328 407
329 351
329 409
329 440
329 455
329 482
329 485
330 349
330 462
331 361
331 423
332 345
333 369
334 406
334 418
334 432
334 451
334 464
334 475
335 340
335 372
335 406
335 436
336 357
336 404
336 414
336 436
336 461
336 477
337 380
337 403
337 416
337 444
337 447
338 358
338 392
338 403
338 407
338 468
338 492
339 348
339 352
339 360
339 369
339 390
339 478
340 413
341 366
341 375
341 381
341 387
341 405
341 433
341 436
341 458
341 468
341 493
342 411
342 458
342 479
342 495
343 348
343 427
343 436
343 453
343 459
343 490
344 420
344 448
344 466
344 490
345 359
345 389
345 395
345 400
345 403
345 413
345 452
345 474
346 383
346 397
346 424
346 444
347 403
347 468
348 457
349 450
349 458
350 434
350 436
350 447
351 428
351 442
351 463
352 420
352 448
353 360
353 376
353 393
353 434
354 397
354 435
354 470
355 375
355 377
356 367
356 382
356 408
356 445
357 418
357 439
358 468
359 434
359 495
360 401
360 461
360 467
361 364
361 366
361 380
361 394
361 397
361 462
361 488
362 372
362 484
363 436
363 449
363 452
363 453
363 487
363 491
363 493
364 447
364 469
364 481
365 387
365 485
366 456
366 487
367 415
367 431
368 403
369 393
369 490
369 493
370 377
370 396
370 411
370 431
370 443
370 444
370 464
371 383
371 457
372 401
372 408
372 473
373 384
373 441
373 474
374 456
375 393
375 439
376 385
376 455
377 443
377 453
377 485
378 397
378 482
378 496
379 450
380 384
380 413
380 482
381 385
381 417
381 474
381 488
382 396
382 454
382 487
383 406
383 442
383 453
384 414
385 386
385 426
386 472
387 409
387 418
388 462
388 474
388 478
388 499
389 453
390 414
390 446
391 436
391 472
392 459
392 483
392 498
393 429
393 487
394 449
394 465
394 468
395 423
396 486
397 445
398 433
400 401
400 458
401 406
402 421
402 463
402 474
403 412
403 429
403 470
404 440
404 478
404 496
407 426
407 455
407 490
408 411
408 418
408 429
408 442
409 415
409 452
409 459
411 461
411 464
412 438
414 445
414 480
415 435
415 463
416 434
417 434
417 463
417 489
417 494
418 420
419 420
419 454
419 474
419 487
420 430
420 438
420 448
420 477
422 424
422 497
424 465
426 433
427 467
429 454
430 476
432 461
432 469
435 478
436 447
437 445
438 490
440 462
440 467
440 479
441 445
446 448
447 463
447 476
448 482
448 493
449 497
451 470
452 471
453 460
453 486
456 457
457 492
462 469
462 489
463 486
467 485
469 478
470 483
470 485
471 497
482 492
483 493
491 494
494 498
