0
500
3180
0
1
0
0 54
0 108
0 227
0 238
0 266
0 318
0 336
0 373
0 491
1 47
1 128
1 167
1 202
1 291
1 363
1 376
1 448
1 491
2 25
2 70
2 141
2 199
2 231
2 259
2 261
2 262
2 289
2 292
2 348
2 369
2 373
2 375
2 383
3 61
3 78
3 91
3 115
3 207
3 212
3 255
3 261
3 273
3 281
3 308
3 328
3 366
3 474
4 83
4 119
4 167
4 209
4 312
4 372
4 379
4 406
4 415
4 462
4 464
4 470
5 9
5 224
5 233
5 235
5 260
5 284
5 311
5 426
5 477
5 486
6 23
6 47
6 76
6 84
6 245
6 282
6 405
6 445
6 467
6 487
7 48
7 50
7 109
7 134
7 161
7 197
7 207
7 298
7 333
7 422
7 430
7 437
7 476
7 481
7 497
8 25
8 35
8 43
8 128
8 242
8 267
8 273
8 303
8 404
8 438
8 475
9 15
9 58
9 227
9 269
9 336
9 378
9 400
9 486
10 30
10 37
10 38
10 63
10 166
10 167
10 186
10 229
10 286
10 317
10 340
10 372
10 377
10 401
10 411
11 13
11 62
11 161
11 228
11 250
11 264
11 297
11 331
11 401
11 456
11 491
11 498
12 32
12 35
12 60
12 63
12 66
12 84
12 86
12 103
12 128
12 156
12 217
12 243
12 281
12 430
12 464
12 487
13 43
13 52
13 56
13 123
13 127
13 134
13 155
13 169
13 275
13 329
13 354
13 378
13 380
13 410
13 426
13 438
13 483
14 18
14 43
14 50
14 75
14 91
14 138
14 143
14 167
14 193
14 388
14 412
14 427
14 428
15 28
15 45
15 101
15 144
15 149
15 154
15 388
15 393
15 394
15 412
15 445
16 39
16 61
16 152
16 176
16 188
16 227
16 236
16 285
16 305
16 335
16 340
16 442
17 28
17 53
17 63
17 87
17 187
17 229
17 260
17 262
17 285
17 288
17 291
17 295
17 334
17 345
17 365
17 371
17 398
17 413
17 424
17 487
18 34
18 45
18 94
18 132
18 149
18 166
18 174
18 191
18 246
18 265
18 286
18 302
18 339
18 346
18 367
18 412
19 22
19 70
19 141
19 174
19 183
19 196
19 202
19 205
19 214
19 225
19 226
19 257
19 271
19 272
19 276
19 330
19 390
19 407
19 459
20 44
20 45
20 78
20 105
20 109
20 179
20 206
20 335
20 343
20 387
20 399
20 490
21 34
21 106
21 150
21 267
21 273
21 289
21 372
21 400
21 403
22 49
22 162
22 249
22 311
22 315
22 374
23 143
23 164
23 187
23 188
23 206
23 207
23 229
23 266
23 316
23 338
23 409
24 36
24 80
24 104
24 131
24 158
24 176
24 187
24 203
24 258
24 279
24 302
24 363
24 409
24 421
25 27
25 60
25 68
25 93
25 102
25 143
25 183
25 223
25 255
25 301
25 351
25 416
25 463
26 81
26 106
26 127
26 180
26 249
26 289
26 345
26 356
26 400
26 424
26 456
26 495
27 58
27 128
27 162
27 184
27 191
27 211
27 227
27 244
27 355
27 357
27 397
27 429
27 445
28 111
28 183
28 197
28 272
28 297
28 424
28 492
29 35
29 42
29 142
29 199
29 263
29 270
29 285
29 328
29 338
29 435
29 455
29 478
30 40
30 146
30 199
30 272
30 285
30 343
30 344
30 413
30 470
31 61
31 93
31 142
31 183
31 302
31 303
31 330
31 359
31 459
32 40
32 79
32 98
32 102
32 116
32 245
32 274
32 309
32 316
32 412
33 68
33 100
33 104
33 108
33 177
33 199
33 204
33 264
33 389
33 406
33 413
33 418
33 434
33 437
34 85
34 103
34 107
34 131
34 142
34 171
34 184
34 198
34 222
34 255
34 263
34 275
34 344
34 388
34 398
34 399
34 417
34 425
34 438
34 480
35 39
35 44
35 47
35 51
35 160
35 173
35 192
35 228
35 297
35 380
35 444
35 473
36 97
36 99
36 131
36 183
36 247
36 299
36 312
36 366
36 369
36 375
36 410
36 422
36 432
36 442
37 95
37 381
37 414
37 444
38 70
38 77
38 113
38 167
38 185
38 243
38 255
38 267
38 343
38 376
38 406
38 417
38 449
38 488
39 57
39 110
39 130
39 202
39 240
39 255
39 261
39 267
39 372
39 441
39 458
39 465
40 224
40 230
40 275
40 293
40 297
40 304
40 305
40 378
40 393
40 457
40 465
41 62
41 122
41 252
41 259
41 282
41 305
41 370
41 400
41 443
41 448
41 457
41 462
42 44
42 60
42 120
42 167
42 176
42 190
42 213
42 309
42 320
42 370
42 403
42 423
43 140
43 151
43 156
43 198
43 264
43 308
43 419
43 470
44 113
44 132
44 159
44 187
44 190
44 194
44 211
44 246
44 313
44 325
44 373
44 402
44 437
44 487
45 56
45 60
45 75
45 111
45 134
45 227
45 280
45 318
45 329
45 355
45 468
46 62
46 82
46 198
46 275
46 306
46 313
46 374
46 420
46 476
46 494
47 123
47 230
47 264
47 295
47 324
47 397
48 162
48 228
48 253
48 281
48 284
48 288
48 336
48 337
48 348
48 361
48 404
48 494
48 496
49 80
49 161
49 188
49 286
49 323
49 354
49 363
49 395
49 452
50 102
50 269
50 323
50 325
50 341
50 342
50 347
50 362
50 409
50 434
50 444
50 448
51 67
51 69
51 124
51 136
51 149
51 207
51 307
51 342
51 436
51 448
51 498
52 147
52 200
52 211
52 213
52 220
52 330
52 424
52 459
52 495
53 67
53 103
53 164
53 175
53 233
53 248
53 258
53 397
53 404
53 406
53 423
53 476
54 132
54 149
54 159
54 193
54 203
54 238
54 247
54 264
54 295
54 307
54 421
54 493
55 93
55 191
55 266
55 300
55 363
55 368
55 389
55 395
55 401
55 427
55 428
55 456
55 459
55 477
56 87
56 146
56 147
56 258
56 262
56 275
56 287
56 334
56 373
56 390
56 466
56 476
57 92
57 159
57 196
57 315
57 354
57 424
57 468
58 60
58 103
58 159
58 169
58 191
58 225
58 241
58 260
58 273
58 325
58 330
58 414
58 485
59 97
59 107
59 135
59 138
59 197
59 210
59 219
59 319
59 331
59 379
59 412
59 431
59 480
60 176
60 205
60 215
60 225
60 417
60 450
60 496
61 92
61 102
61 180
61 404
61 474
61 487
62 97
62 103
62 148
62 220
62 371
62 447
62 466
62 467
63 79
63 109
63 136
63 146
63 155
63 180
63 322
63 425
63 440
63 451
64 126
64 248
64 269
64 270
64 316
64 378
64 405
64 408
64 417
64 426
64 441
64 454
64 457
64 479
65 86
65 151
65 192
65 321
65 337
65 353
65 359
65 459
65 485
66 80
66 107
66 151
66 168
66 205
66 337
66 427
66 498
67 93
67 125
67 149
67 195
67 209
67 260
67 264
67 308
67 370
67 431
68 180
68 196
68 227
68 233
68 280
68 345
68 360
68 400
68 425
68 455
69 151
69 156
69 199
69 237
69 307
69 390
70 78
70 128
70 155
70 162
70 339
70 354
70 427
70 465
71 110
71 254
71 259
71 265
71 451
72 83
72 97
72 104
72 113
72 115
72 172
72 289
72 372
72 404
72 457
73 134
73 164
73 178
73 197
73 303
73 328
73 436
73 440
73 476
74 157
74 188
74 216
74 219
74 305
74 346
74 361
74 388
74 390
74 394
75 151
75 240
75 253
75 304
75 362
75 397
75 456
75 489
76 91
76 141
76 186
76 187
76 195
76 206
76 226
76 231
76 321
76 359
76 389
76 460
76 479
77 129
77 207
77 280
77 345
77 392
77 417
77 424
77 476
78 146
78 246
78 282
78 315
78 368
78 398
78 414
78 470
78 483
79 86
79 102
79 112
79 168
79 206
79 283
79 289
79 372
79 408
79 411
80 118
80 336
80 422
80 450
80 458
80 464
81 109
81 251
81 325
81 389
81 397
81 452
82 97
82 133
82 157
82 175
82 183
82 224
82 234
82 241
82 254
82 298
82 312
82 388
82 424
82 425
82 479
82 485
82 493
83 84
83 196
83 234
83 293
83 377
84 88
84 104
84 139
84 158
84 187
84 203
84 209
84 215
84 226
84 245
84 257
84 291
84 301
84 379
84 437
84 482
85 106
85 109
85 111
85 155
85 248
85 274
85 374
85 401
86 181
86 222
86 258
86 344
86 370
86 377
86 378
86 415
86 441
86 484
86 494
86 496
87 94
87 110
87 115
87 128
87 133
87 361
87 408
87 452
88 106
88 199
88 240
88 294
88 340
88 378
88 405
88 433
88 436
88 494
89 90
89 150
89 186
89 218
89 229
89 233
89 290
89 291
89 354
89 400
89 408
90 119
90 123
90 236
90 268
90 275
90 281
90 413
90 495
91 95
91 115
91 117
91 118
91 124
91 288
91 294
91 310
91 330
91 338
91 341
91 378
91 421
91 444
92 118
92 158
92 209
92 231
92 269
92 311
92 361
92 365
92 366
92 384
92 438
93 120
93 122
93 126
93 182
93 216
93 225
93 272
93 283
93 313
93 376
93 395
93 482
94 204
94 207
94 285
94 299
94 354
94 461
94 485
94 486
95 115
95 139
95 140
95 186
95 188
95 215
95 237
95 287
95 413
95 444
95 486
96 110
96 152
96 173
96 196
96 202
96 242
96 260
96 276
96 297
96 298
96 312
96 313
96 333
96 359
96 361
96 430
96 435
97 126
97 127
97 131
97 136
97 146
97 172
97 218
97 381
97 397
97 420
97 441
97 492
97 499
98 127
98 185
98 192
98 203
98 206
98 222
98 298
98 319
98 326
98 329
98 349
98 354
98 366
98 456
98 480
99 102
99 247
99 265
99 303
99 310
99 334
99 393
99 414
99 415
100 146
100 186
100 219
100 241
100 280
100 372
100 468
100 475
101 155
101 218
101 226
101 268
101 306
101 403
101 462
101 473
102 130
102 134
102 151
102 187
102 206
102 228
102 293
102 298
102 317
102 351
102 441
102 469
102 472
102 483
103 111
103 113
103 191
103 285
103 289
103 307
103 405
103 438
103 463
103 477
104 146
104 158
104 178
104 215
104 251
104 281
104 288
104 296
104 305
104 349
104 364
104 415
105 121
105 146
105 192
105 400
105 410
105 429
105 499
106 141
106 162
106 188
106 279
106 293
106 348
106 413
106 451
106 474
107 125
107 277
107 361
107 446
107 472
107 496
108 123
108 147
108 157
108 185
108 212
108 303
108 347
108 383
108 420
109 114
109 123
109 212
109 238
109 273
109 293
109 294
109 321
109 353
109 411
109 451
109 482
109 495
110 111
110 185
110 190
110 191
110 206
110 244
110 251
110 273
110 360
110 407
110 418
110 459
110 473
110 489
111 173
111 272
111 290
111 293
111 382
111 393
111 411
111 466
111 495
112 114
112 238
112 243
112 324
112 372
112 390
112 415
112 422
112 447
112 473
112 479
112 491
113 142
113 174
113 214
113 255
113 330
113 390
113 410
114 146
114 176
114 203
114 235
114 279
114 286
114 304
114 316
114 386
114 401
114 407
114 415
114 452
114 493
115 135
115 181
115 183
115 205
115 212
115 244
115 248
115 272
115 275
115 277
115 330
115 370
115 390
115 435
115 454
116 169
116 239
116 264
116 325
116 353
116 445
116 457
117 119
117 120
117 168
117 169
117 229
117 262
117 309
117 316
117 369
117 371
117 380
117 397
117 400
117 417
117 444
117 466
117 498
118 170
118 251
118 315
118 401
118 434
118 445
118 480
119 121
119 123
119 130
119 154
119 160
119 204
119 386
119 461
119 482
120 123
120 210
120 219
120 230
120 295
120 336
120 428
120 442
121 213
121 215
121 225
121 247
121 258
121 265
121 273
121 331
121 344
121 414
122 124
122 137
122 199
122 219
122 268
122 298
122 313
122 314
122 336
122 356
122 384
122 387
122 389
122 424
122 467
122 494
123 125
123 136
123 154
123 208
123 223
123 250
123 251
123 254
123 268
123 304
123 377
123 390
123 454
124 134
124 234
124 238
124 244
124 248
124 252
124 263
124 427
124 460
125 167
125 174
125 283
125 355
125 384
125 469
125 484
126 129
126 266
126 276
126 321
126 348
126 350
126 426
126 480
127 218
127 391
128 190
128 306
128 343
128 405
128 431
128 441
128 447
128 498
129 212
129 239
129 245
129 318
129 347
129 433
130 136
130 218
130 235
130 246
130 293
130 337
130 341
130 462
130 487
130 496
131 146
131 153
131 183
131 250
131 324
131 367
131 474
131 484
132 142
132 163
132 180
132 188
132 199
132 206
132 264
132 319
132 326
132 361
132 368
132 480
133 137
133 195
133 229
133 247
133 249
133 323
133 359
133 370
133 393
133 443
133 445
133 491
134 214
134 284
134 291
134 325
134 331
134 333
134 355
134 365
134 424
134 478
135 151
135 152
135 162
135 269
135 281
135 321
135 371
135 398
135 443
135 471
136 189
136 190
136 201
136 205
136 218
136 239
136 286
136 320
136 322
136 329
136 334
136 417
136 425
136 446
136 447
136 459
136 475
136 482
136 494
137 242
137 251
137 276
137 305
137 309
137 357
137 391
137 463
138 221
138 273
138 276
138 305
138 369
138 418
138 430
139 164
139 171
139 192
139 257
139 292
139 320
139 363
139 423
139 436
140 144
140 165
140 173
140 187
140 199
140 263
140 331
140 337
140 367
140 426
140 433
140 443
140 447
140 459
141 260
141 368
141 383
141 437
141 442
141 447
141 455
141 474
142 196
142 263
142 426
143 172
143 184
143 187
143 214
143 260
143 290
143 346
143 489
143 495
144 147
144 207
144 279
144 321
144 350
144 457
145 174
145 198
145 201
145 221
145 257
145 306
145 322
145 340
145 348
145 416
145 459
145 476
146 207
146 281
146 323
146 352
146 366
146 372
146 412
146 413
146 429
146 435
146 475
147 277
147 330
147 334
147 374
147 431
148 183
148 185
148 188
148 215
148 229
148 235
148 255
148 279
148 302
148 322
148 347
148 385
148 443
148 463
149 186
149 205
149 362
149 409
149 473
149 493
150 154
150 233
150 281
150 304
150 311
150 349
150 350
150 391
150 421
150 473
150 478
151 185
151 192
151 219
151 224
151 274
151 300
151 364
151 392
151 429
151 492
152 235
152 316
152 414
152 452
152 465
152 493
152 498
153 247
153 252
153 279
153 323
153 335
153 370
153 389
153 392
153 394
153 451
153 462
154 157
154 158
154 159
154 184
154 234
154 285
154 304
154 324
154 447
154 480
155 169
155 191
155 221
155 254
155 407
155 419
155 479
155 482
156 193
156 208
156 242
156 243
156 261
156 306
156 308
156 355
156 400
156 427
156 457
157 161
157 194
157 243
157 371
157 475
157 485
157 492
158 185
158 189
158 287
158 301
158 306
158 312
158 338
158 343
158 382
158 469
158 486
158 489
159 242
159 249
159 299
159 340
159 364
159 383
159 389
159 433
159 466
159 482
160 161
160 229
160 243
160 268
160 279
160 301
160 329
160 429
160 449
160 468
160 477
160 485
161 172
161 225
161 296
161 300
161 367
161 400
161 401
161 440
162 170
162 215
162 230
162 260
162 277
162 402
162 487
162 499
163 241
163 271
163 296
163 354
163 395
163 496
164 217
164 278
164 317
164 322
164 381
164 457
164 493
165 170
165 222
165 301
165 327
165 384
165 443
165 444
165 482
165 495
166 254
166 256
166 258
166 283
166 290
166 344
166 368
166 385
166 409
167 188
167 208
167 333
167 348
167 369
167 464
167 471
167 490
167 494
168 196
168 255
168 265
168 292
168 372
168 453
168 473
169 180
169 357
169 360
169 487
170 172
170 198
170 213
170 215
170 434
170 450
170 484
171 208
171 216
171 222
171 224
171 248
171 293
171 317
171 319
171 353
171 426
171 434
171 474
171 488
172 215
172 247
172 410
172 411
172 479
173 186
173 308
173 323
173 332
173 397
173 433
173 457
173 468
174 208
174 300
174 334
174 403
174 445
174 457
174 485
174 488
175 220
175 240
175 258
175 268
175 303
175 324
175 355
175 379
175 389
175 454
175 497
176 186
176 191
176 216
176 236
176 237
176 262
176 279
176 318
176 325
176 383
176 417
176 428
176 465
177 252
177 306
177 328
177 390
177 465
178 199
178 223
178 311
178 312
178 316
178 357
178 460
179 193
179 203
179 278
179 308
179 334
179 357
179 370
179 377
179 437
179 488
180 206
180 213
180 219
180 260
180 289
180 315
180 373
180 387
180 441
181 271
181 296
181 342
181 349
181 382
181 389
181 394
181 476
182 197
182 225
182 228
182 246
182 247
182 277
182 334
182 364
182 393
182 462
182 465
182 471
182 476
183 193
183 205
183 321
183 332
183 494
184 238
184 249
184 317
184 353
184 458
184 477
185 203
185 205
185 215
185 255
185 300
185 302
185 347
185 351
185 376
186 225
186 254
186 292
186 305
186 310
186 327
186 365
186 397
186 468
187 229
187 265
187 277
187 293
187 296
187 327
187 373
187 384
187 388
187 449
188 194
188 210
188 216
188 256
188 268
188 298
188 307
188 325
188 327
188 485
189 228
189 344
189 367
189 387
189 419
189 424
189 425
189 461
189 497
190 194
190 246
190 311
190 318
190 411
190 427
190 440
190 469
190 471
191 215
191 220
191 233
191 247
191 283
191 349
191 381
191 382
191 426
191 435
191 469
192 208
192 347
192 370
192 413
192 439
192 454
192 467
193 232
193 258
193 310
193 315
193 322
193 405
193 418
193 419
194 423
195 240
195 258
195 263
195 284
195 385
195 433
195 451
195 477
196 285
196 391
196 405
196 438
196 470
197 265
197 279
197 341
197 390
197 415
197 438
197 460
198 345
198 382
198 414
198 441
198 493
199 220
199 261
199 298
199 340
199 369
199 390
199 425
199 452
199 467
200 318
200 335
200 350
200 403
200 498
201 222
201 244
201 318
201 338
201 452
201 498
202 252
202 259
202 344
202 365
202 396
202 405
202 480
203 208
203 213
203 234
203 290
203 291
203 301
203 333
203 334
203 383
204 214
204 390
204 400
204 418
204 421
204 429
204 435
205 209
205 217
205 218
205 232
205 285
205 286
205 290
205 379
205 422
205 455
205 464
206 233
206 239
206 249
206 251
206 303
206 346
206 350
206 366
206 409
207 278
207 315
207 324
207 352
207 355
207 388
207 402
207 417
207 471
207 492
208 259
208 302
208 315
208 331
208 342
208 347
208 426
208 432
208 445
208 455
208 467
208 471
208 472
209 360
209 412
209 422
209 451
209 484
209 486
210 264
210 272
210 317
210 341
210 441
210 443
210 460
211 228
211 236
211 258
211 287
211 305
211 317
211 384
211 445
211 482
211 496
212 231
212 385
212 455
213 380
213 401
213 443
213 464
213 467
214 219
214 222
214 274
214 300
214 309
214 319
214 375
214 392
214 469
214 481
215 233
215 244
215 249
215 270
215 328
215 409
215 429
215 430
216 231
216 240
216 274
216 311
216 339
216 375
216 405
216 421
216 431
216 461
217 242
217 256
217 278
217 329
217 339
217 422
217 441
217 498
218 243
218 304
218 323
218 333
218 344
218 358
218 360
218 375
218 433
218 443
219 242
219 297
219 329
219 380
219 393
219 452
219 470
220 244
220 308
220 328
220 384
220 398
220 405
220 413
220 484
220 490
221 240
221 243
221 254
221 320
221 413
221 448
221 460
222 397
222 430
222 456
222 465
222 498
223 304
223 318
223 378
223 406
223 409
223 451
223 495
224 317
224 321
224 353
224 391
224 464
224 468
225 239
225 265
225 271
225 291
225 297
225 307
225 381
225 392
225 435
225 436
225 444
225 477
226 323
226 345
226 353
226 411
226 459
227 286
227 289
227 344
227 363
227 429
227 464
227 465
228 274
228 388
228 392
228 396
228 466
228 473
229 297
229 324
229 364
229 383
229 393
229 447
230 231
230 242
230 350
230 355
230 393
230 399
230 425
230 448
231 275
231 308
231 345
231 353
231 374
231 429
231 461
232 256
232 266
232 344
232 412
232 455
232 490
233 264
233 294
233 299
233 309
233 349
233 387
233 435
233 445
233 497
234 325
234 326
234 484
234 490
235 239
235 271
235 321
235 399
235 441
235 460
235 496
236 307
236 348
236 373
236 472
237 260
237 265
237 321
237 322
237 401
237 488
237 497
238 384
238 408
238 409
238 488
239 247
239 322
239 352
239 418
239 419
239 429
239 437
239 445
240 380
241 290
241 313
241 320
241 365
241 394
241 401
241 409
241 499
242 325
242 347
242 369
242 376
242 408
242 476
242 484
243 286
243 311
243 373
243 385
243 387
243 461
244 333
244 359
244 369
244 382
244 399
244 420
244 438
244 456
245 252
245 256
245 302
245 325
245 342
245 417
245 430
246 344
246 379
246 417
246 438
246 454
247 288
247 305
247 400
247 460
248 273
248 281
248 286
248 308
248 372
248 380
248 385
249 262
249 266
249 307
249 322
249 323
249 345
249 347
249 386
249 410
249 415
249 420
249 431
250 252
250 271
250 309
250 351
250 355
250 357
250 398
250 487
251 259
251 344
251 364
251 415
251 470
251 485
252 351
252 382
252 403
252 450
252 478
252 481
253 255
253 296
253 343
253 434
254 304
254 333
254 351
254 377
254 441
254 446
255 322
255 344
255 374
255 493
256 257
256 284
256 302
256 383
256 450
257 260
257 292
257 300
257 469
257 492
258 316
258 337
258 348
258 380
259 315
259 415
259 492
260 340
260 364
260 424
260 446
260 486
261 367
261 373
261 386
261 388
261 411
261 456
262 298
262 317
262 354
262 376
262 431
262 478
262 479
263 301
263 344
263 412
264 267
264 272
264 354
264 420
264 469
264 475
265 274
265 346
265 358
265 427
265 474
266 341
266 432
266 465
267 282
267 380
267 472
268 313
268 342
268 348
268 391
268 401
268 433
268 477
268 489
269 286
269 320
269 330
269 350
269 368
269 405
269 420
269 460
269 479
270 298
270 306
270 322
270 326
270 327
270 329
270 339
270 359
270 406
270 452
270 462
271 299
271 379
271 429
271 442
272 279
272 312
272 318
272 422
273 332
273 335
273 373
273 411
273 426
273 441
273 442
273 467
273 470
273 473
274 296
274 306
274 335
274 354
274 361
274 367
274 389
274 392
274 417
274 420
275 415
276 280
276 307
276 341
276 366
276 438
276 496
277 284
277 285
277 352
277 370
277 424
277 471
278 279
278 297
278 306
278 331
278 413
278 443
279 336
279 354
279 387
279 390
279 423
279 465
280 295
280 308
280 384
280 392
280 394
280 414
280 429
280 495
281 337
281 343
281 360
281 375
281 380
281 399
281 478
282 303
282 307
282 321
282 332
282 425
282 454
282 456
283 332
283 377
283 461
283 465
283 490
284 309
284 357
284 368
284 380
284 383
284 493
285 291
285 311
285 330
285 353
285 371
285 389
285 451
285 486
285 490
286 366
286 433
287 362
287 375
287 378
287 400
287 421
287 448
287 480
288 393
288 426
288 431
288 480
289 306
289 345
289 445
289 468
289 487
290 336
290 410
290 437
290 453
291 431
292 311
292 371
292 375
292 398
292 464
292 473
292 477
293 294
293 304
293 313
293 366
293 397
293 439
294 354
294 372
294 430
294 453
294 455
294 468
294 491
295 299
295 350
295 411
295 440
295 449
295 484
296 317
296 375
296 480
297 409
297 458
297 462
298 325
298 346
298 363
298 406
298 407
299 315
299 329
299 353
299 415
299 455
299 471
299 472
300 341
300 461
300 482
301 304
301 335
301 350
301 351
301 394
301 432
301 465
301 467
301 490
301 499
302 326
302 375
302 377
302 439
303 311
303 338
303 418
303 431
303 460
303 466
303 470
304 349
304 381
304 387
304 407
304 414
305 306
305 384
305 399
305 401
305 412
305 415
305 432
305 469
305 471
306 358
306 371
306 374
306 458
307 320
307 348
307 425
308 318
308 341
308 408
308 434
308 437
308 446
308 460
308 492
309 315
309 318
309 343
309 363
309 385
309 402
309 440
310 349
310 366
311 316
311 348
311 411
311 426
311 436
312 440
312 449
312 491
313 345
313 413
313 422
313 451
314 384
314 424
314 454
314 482
315 336
315 355
315 375
315 414
315 436
315 451
315 453
315 470
316 325
316 371
316 396
316 430
316 489
317 378
317 420
317 422
317 483
318 330
318 343
318 362
318 367
318 381
318 414
318 437
318 441
318 482
319 339
319 464
320 333
320 347
321 339
321 354
321 360
321 365
321 486
322 350
322 382
322 422
322 431
322 477
323 331
323 350
323 436
323 466
324 337
324 412
324 419
324 458
325 355
325 374
325 468
325 497
326 335
326 353
326 369
326 379
326 432
326 439
327 425
327 496
328 397
328 446
328 459
329 350
329 396
329 449
329 492
330 381
330 387
330 398
330 417
330 431
330 432
330 498
331 413
332 379
332 413
332 446
332 472
332 494
333 358
333 426
334 363
334 380
334 392
334 405
334 437
335 380
335 442
335 453
335 482
336 351
336 403
336 412
336 471
337 346
337 347
337 357
337 386
337 399
337 407
337 425
337 473
337 489
339 361
340 385
340 421
340 445
340 486
340 496
341 380
341 435
341 459
341 473
341 474
341 492
342 460
343 419
343 423
343 435
343 489
344 463
344 466
344 492
345 350
345 366
345 378
345 396
345 415
345 465
345 475
346 358
346 373
346 395
346 401
346 406
346 408
346 412
346 440
346 443
346 445
346 455
347 350
347 387
347 405
348 370
348 384
349 386
349 449
349 487
349 497
350 352
350 389
350 421
351 391
351 397
351 425
351 426
351 453
351 471
352 388
352 407
352 413
353 357
353 437
353 459
354 434
354 453
354 461
355 444
355 446
355 497
355 498
356 419
356 471
357 387
357 401
357 469
357 488
358 389
358 418
358 442
358 475
358 480
358 492
359 426
359 445
360 362
360 366
360 396
360 423
360 444
360 451
360 477
361 391
361 393
362 377
362 403
362 425
363 416
363 438
363 483
363 493
364 416
364 430
364 431
364 444
364 447
364 450
364 463
364 477
365 396
365 496
366 384
366 405
366 414
366 479
367 385
368 421
368 451
369 409
369 414
369 479
370 399
370 418
370 439
370 471
370 473
371 487
371 491
372 382
372 387
373 391
373 398
373 415
373 444
373 497
374 428
375 402
376 380
376 402
376 478
377 389
377 436
377 478
378 398
378 443
378 451
379 427
379 431
379 451
379 459
380 381
380 471
380 488
381 444
382 402
382 423
383 433
383 434
383 458
383 462
383 466
384 420
384 494
385 449
385 450
386 391
386 453
387 405
387 448
387 454
387 477
387 484
388 408
388 424
388 436
388 452
388 455
388 456
390 402
390 412
390 458
391 402
391 421
391 453
391 461
392 393
392 483
392 491
393 421
393 463
393 471
394 442
394 488
394 490
395 428
396 407
396 412
396 430
396 441
396 482
397 437
398 437
398 447
398 449
398 472
399 407
399 446
399 479
400 415
401 473
401 490
401 491
402 464
402 486
402 491
403 406
403 422
403 487
404 429
404 436
404 482
405 415
405 439
405 463
405 492
406 413
406 440
406 445
407 451
409 415
409 429
409 435
409 467
410 487
411 446
412 430
412 448
412 449
412 466
412 471
412 492
413 453
413 469
413 477
414 419
414 453
416 459
418 424
418 430
418 439
418 452
418 455
419 425
419 440
419 446
420 434
420 451
420 479
420 482
421 496
422 429
422 464
422 477
423 452
423 473
424 460
424 473
424 491
425 458
428 448
428 467
428 476
428 479
430 495
431 446
432 445
433 459
433 477
434 457
434 484
434 494
435 437
435 467
436 447
436 461
436 497
437 498
438 450
438 479
438 491
440 477
441 485
442 483
443 449
444 462
444 468
444 497
445 452
445 460
445 490
447 464
447 485
448 458
448 480
449 462
449 469
450 491
451 456
451 494
452 461
452 495
453 485
454 464
454 480
454 498
454 499
456 460
456 492
456 496
457 474
459 463
460 467
460 477
461 471
461 482
461 490
461 494
462 472
463 481
464 493
467 486
469 495
469 496
470 478
474 484
475 491
476 484
479 488
480 494
480 499
481 493
482 499
483 484
483 498
487 498
494 499
