0
500
1780
0
1
0
0 30
0 74
0 104
0 128
0 237
0 279
0 286
1 29
1 167
1 231
1 289
1 309
1 363
1 391
1 410
2 103
2 223
2 250
2 262
2 277
2 285
2 484
3 13
3 27
3 95
3 135
3 241
3 304
3 360
3 369
3 490
4 126
4 230
4 343
4 434
4 466
4 486
5 40
5 87
5 130
5 131
5 173
5 249
5 333
5 344
5 387
5 450
5 455
6 31
6 69
6 74
6 127
6 203
6 254
6 286
6 483
7 73
7 118
7 182
7 281
7 307
7 372
7 406
7 451
7 481
7 482
8 56
8 60
8 73
8 145
8 189
8 212
8 234
8 407
9 35
9 76
9 168
9 178
9 199
9 237
9 259
9 376
10 119
10 144
10 293
10 317
10 394
10 415
10 488
11 61
11 106
11 150
11 186
11 226
11 264
11 286
11 346
11 384
11 471
12 311
12 365
12 478
12 492
13 121
13 450
13 472
14 119
14 123
14 246
14 357
14 395
14 433
14 446
15 114
15 182
15 266
15 354
15 445
15 453
16 18
16 56
16 97
16 154
16 159
16 183
16 230
16 353
17 160
17 176
17 185
17 219
17 248
17 252
17 261
17 287
17 389
17 425
17 476
18 40
18 129
18 173
18 211
18 403
19 127
19 259
19 263
19 394
20 100
20 205
20 221
20 323
20 372
21 124
21 340
21 422
21 493
22 45
22 48
22 137
22 234
22 246
22 337
22 367
22 369
22 496
23 56
23 425
23 471
24 96
24 375
24 408
24 428
24 484
25 152
25 220
25 257
25 268
25 301
25 309
25 419
25 470
25 487
26 65
26 204
26 374
26 413
26 450
27 72
27 393
27 405
28 169
28 251
28 310
28 333
28 447
29 138
29 152
29 163
29 198
29 208
29 220
29 285
29 323
29 347
29 354
29 380
29 417
30 42
30 103
30 129
30 273
30 355
30 466
31 104
31 110
31 135
31 179
31 217
31 244
31 261
31 372
32 110
32 227
32 260
32 378
32 419
32 421
33 49
33 123
33 148
33 152
33 153
33 264
33 296
33 324
33 436
33 442
34 49
34 125
34 189
34 195
34 226
34 301
34 348
34 398
34 413
34 475
35 78
35 129
35 270
35 368
35 459
35 473
36 103
36 169
36 319
36 326
36 499
37 39
37 155
37 306
37 329
37 346
37 367
37 376
37 413
37 449
38 41
38 354
38 448
38 476
39 47
39 98
39 104
39 135
39 137
39 301
39 384
39 412
40 42
40 159
40 223
40 283
40 299
40 353
40 374
41 101
41 146
41 176
41 233
41 295
41 344
41 345
41 378
41 453
42 80
42 172
42 353
42 367
42 395
42 416
42 472
43 100
43 168
43 188
43 195
43 198
43 222
43 259
43 297
43 454
43 459
43 470
44 172
44 256
44 278
44 297
44 358
44 401
44 439
44 449
45 51
45 111
45 349
46 240
46 246
46 341
47 65
47 163
47 302
47 406
48 173
48 182
48 201
48 228
48 331
48 357
49 59
49 166
49 221
49 254
49 415
49 443
49 446
50 105
50 133
50 139
50 179
50 253
50 334
50 339
50 356
51 190
51 317
51 404
51 411
52 86
52 253
52 289
52 318
52 330
52 350
52 367
52 376
52 422
52 449
52 457
53 321
53 394
54 71
54 110
54 162
54 285
54 362
54 381
54 474
55 226
55 297
55 316
55 476
56 72
56 84
56 106
56 148
56 309
56 335
56 427
56 455
56 458
57 62
57 122
57 209
57 245
57 470
58 128
58 154
58 162
58 198
58 381
58 391
58 399
58 434
58 499
59 66
59 83
59 287
59 364
59 467
60 108
60 147
60 226
60 231
60 259
61 84
61 139
61 176
61 182
61 293
61 318
61 324
61 387
61 394
61 416
61 440
62 76
62 132
62 170
62 185
62 195
62 203
62 262
62 312
62 371
62 425
62 482
63 115
63 133
63 157
63 457
64 93
64 139
64 198
64 235
64 304
64 324
64 372
65 75
65 246
65 267
65 306
65 320
65 396
65 416
65 444
65 447
66 87
66 92
66 122
66 167
66 187
66 336
67 194
67 322
67 355
67 403
67 414
67 437
67 446
67 487
68 93
68 107
68 163
68 164
68 374
68 408
68 454
69 103
69 106
69 192
69 199
69 361
69 445
70 179
70 299
70 372
71 118
71 128
71 180
71 215
71 254
71 346
71 407
71 454
72 162
72 290
72 296
72 344
73 244
73 250
73 271
73 338
73 357
73 479
74 148
74 190
74 194
74 256
74 315
74 413
75 146
75 196
75 252
75 289
75 322
75 363
75 418
75 477
76 124
76 166
76 216
76 262
76 276
76 316
76 455
76 497
77 86
77 140
77 206
77 208
77 397
77 409
77 435
78 112
78 127
78 241
78 380
78 446
79 81
79 115
79 122
79 149
79 242
79 459
80 207
80 229
80 322
80 323
80 400
80 447
81 91
81 138
81 159
81 181
81 187
81 190
81 197
81 247
81 362
81 443
81 488
82 99
82 111
82 139
82 298
82 371
82 379
82 395
83 149
83 183
83 187
83 363
84 124
84 193
84 204
84 289
84 380
84 417
84 495
85 189
85 211
85 231
85 330
85 345
85 493
86 119
86 166
86 225
86 258
86 295
86 330
86 370
87 104
87 118
87 164
87 308
87 358
88 96
88 203
88 380
89 123
89 195
89 296
89 480
90 98
90 116
90 283
90 323
90 416
90 472
90 497
91 112
91 176
91 277
91 373
91 425
92 107
92 152
92 180
92 210
92 322
92 426
93 165
93 170
93 184
93 252
93 382
93 394
93 397
93 447
93 491
94 131
94 167
94 174
94 236
94 421
94 443
94 476
95 233
95 284
95 343
95 414
96 158
96 268
96 301
96 498
97 116
97 168
97 271
97 367
97 411
97 440
97 447
98 113
98 130
98 148
98 152
98 232
98 259
98 331
98 443
99 116
99 213
99 237
100 192
100 201
100 277
100 292
100 307
100 406
100 441
102 220
102 280
102 281
102 285
102 286
102 304
102 442
103 259
103 275
103 282
103 321
103 413
104 170
104 227
104 264
104 274
104 303
104 312
104 385
104 436
104 495
105 189
105 214
105 215
105 222
105 291
105 320
105 361
105 364
105 490
106 127
106 170
106 188
106 244
107 121
107 175
107 250
107 445
107 452
108 340
108 396
108 428
108 445
108 455
109 135
109 219
109 259
109 321
109 361
109 366
109 385
109 398
109 404
110 122
110 125
110 129
110 170
110 182
110 187
110 197
110 352
110 396
111 150
111 158
111 210
111 239
111 279
111 287
111 420
111 460
111 490
112 138
112 149
112 187
112 273
112 327
112 350
112 360
113 120
113 143
113 293
113 462
114 139
114 403
114 444
114 466
115 147
115 328
115 383
115 444
116 180
116 197
116 211
116 217
116 274
116 284
116 354
117 209
117 217
117 300
117 309
117 334
117 466
117 480
118 121
118 228
118 305
119 196
119 270
119 292
119 325
119 406
119 407
120 128
120 141
120 190
120 313
120 354
120 429
121 168
121 276
121 303
121 368
121 418
122 134
122 213
122 455
122 466
122 479
123 164
123 274
123 286
123 364
123 372
123 439
123 476
124 305
124 307
124 318
124 393
124 454
125 179
125 278
125 312
125 488
126 137
126 156
126 161
126 173
126 247
126 322
126 323
126 385
126 399
126 438
126 447
127 179
127 244
127 337
127 354
127 447
128 171
128 210
128 219
128 332
128 402
128 419
129 140
129 144
129 217
129 225
129 269
129 324
129 493
130 142
130 267
130 362
130 397
130 410
130 416
131 204
131 244
131 463
132 140
132 300
132 365
133 200
133 225
133 326
133 381
133 454
133 463
133 475
134 162
134 223
134 285
134 322
134 390
134 398
134 418
134 421
134 442
134 459
134 469
135 175
135 306
135 418
135 487
135 496
136 166
136 195
136 244
136 355
136 405
136 456
136 485
137 178
137 219
137 273
137 280
137 490
138 197
138 215
138 477
139 221
139 288
139 365
139 482
139 489
140 141
140 238
140 259
140 471
141 180
141 189
141 199
141 232
141 349
142 214
142 235
142 240
142 423
143 169
143 180
143 298
143 343
144 227
144 299
144 340
144 391
144 458
144 462
145 244
145 250
145 330
145 483
146 212
146 226
146 327
146 392
148 417
148 463
148 493
149 176
149 209
149 313
149 342
149 440
149 498
150 186
150 267
150 318
150 388
151 311
151 326
152 175
152 217
152 402
152 459
152 465
152 493
153 301
153 445
154 205
154 258
154 374
154 432
154 474
155 247
155 356
155 476
156 168
156 215
156 271
156 361
156 369
156 374
156 385
156 422
157 170
157 174
157 243
157 302
157 423
157 429
158 175
158 285
158 312
158 315
158 449
158 464
159 286
159 296
160 184
161 371
161 400
161 490
162 289
162 352
162 399
162 470
162 477
163 269
163 279
163 383
163 499
164 165
164 169
164 263
164 268
164 288
164 316
164 358
164 385
164 487
165 175
165 229
165 272
166 298
166 372
167 273
168 184
168 408
168 465
169 259
169 297
169 369
169 447
169 465
170 199
170 234
170 395
170 434
171 234
171 325
171 337
172 174
172 201
172 245
172 316
172 487
173 253
173 351
173 480
174 435
174 485
175 316
175 380
175 390
175 475
175 492
176 228
176 312
176 370
176 427
177 305
177 321
177 382
177 435
177 463
177 466
178 188
178 199
178 241
178 360
179 278
179 279
179 314
179 332
179 433
180 359
180 389
180 417
180 420
180 449
181 217
181 249
181 309
181 434
182 236
182 283
182 444
183 237
183 279
183 303
183 421
183 495
184 331
184 359
184 395
184 420
184 463
185 192
185 274
185 343
185 365
185 389
185 443
186 207
186 254
186 258
186 398
186 473
187 234
187 247
187 322
187 353
187 402
187 428
187 435
187 443
188 226
188 273
188 293
188 421
189 214
189 249
189 281
189 374
189 389
189 430
190 227
190 359
190 424
190 471
191 246
191 275
191 328
191 330
191 471
193 235
193 238
193 324
193 391
193 401
193 404
193 455
194 199
194 254
194 422
195 201
195 218
195 259
195 271
195 276
195 355
195 396
195 478
196 209
196 295
196 311
196 372
196 438
197 290
197 314
197 352
197 381
197 411
197 488
198 239
198 313
198 478
199 259
199 324
199 423
200 319
200 399
200 419
200 463
201 291
201 443
201 467
202 203
202 299
202 316
202 359
202 365
203 217
203 222
203 328
203 354
203 358
203 367
204 219
204 265
204 322
204 388
205 218
205 230
205 287
205 297
205 466
205 474
206 285
206 310
206 448
206 458
207 212
207 238
207 285
207 375
207 493
208 266
208 302
208 327
208 491
209 252
209 323
209 409
209 432
209 474
210 255
210 280
210 477
211 269
211 282
211 307
212 400
212 408
213 265
213 278
213 407
213 431
214 286
214 348
214 352
214 465
215 236
215 299
215 365
215 411
216 325
216 392
216 477
217 268
217 313
217 378
217 408
218 233
218 251
218 455
219 247
219 289
219 302
219 471
220 261
220 326
220 384
220 406
221 255
221 499
222 262
222 346
222 357
222 403
222 431
222 434
222 467
223 324
223 446
223 457
223 483
224 258
224 362
224 453
224 464
225 227
225 355
226 238
226 368
227 248
227 295
227 327
227 397
227 435
227 439
227 472
228 313
228 392
229 340
229 392
229 424
229 487
230 282
230 396
231 285
231 340
231 354
231 385
231 476
231 481
231 491
232 372
232 499
233 237
233 249
233 283
233 453
233 461
233 495
234 281
234 354
234 374
234 400
235 238
235 267
235 303
235 322
235 330
235 485
236 258
236 307
236 452
237 265
237 312
237 450
238 439
238 479
239 240
239 363
239 391
240 394
240 395
240 466
241 243
241 265
241 271
241 342
241 350
241 354
241 377
241 410
241 428
241 484
242 394
243 249
243 317
243 396
244 297
244 328
244 406
244 427
244 461
245 343
245 356
245 385
246 340
247 332
247 366
247 386
247 443
247 472
248 298
248 330
248 388
248 418
248 472
249 335
249 496
250 274
250 285
250 400
250 416
250 424
251 357
251 372
252 313
252 346
252 447
252 486
253 363
254 341
254 391
254 473
255 259
255 271
255 304
255 436
256 306
256 337
256 341
257 322
257 386
257 460
257 479
258 295
258 436
259 277
259 369
260 334
260 376
260 405
260 482
261 271
261 277
261 368
261 443
261 449
261 488
262 468
263 366
263 443
264 273
264 351
264 387
264 473
265 277
265 299
265 477
266 339
266 395
266 405
266 438
266 493
267 280
267 326
267 349
268 304
268 489
270 271
270 279
270 440
271 332
271 364
271 389
271 391
271 418
272 492
274 332
274 359
274 377
275 328
275 329
275 344
275 473
276 401
276 437
276 448
276 487
277 391
277 437
278 375
279 350
279 446
280 469
280 478
280 497
281 376
281 459
282 330
282 384
282 451
283 379
283 420
283 441
284 340
284 404
285 303
285 322
285 358
286 322
286 344
286 362
286 416
287 372
287 470
288 304
288 395
288 420
288 457
289 408
289 422
289 442
289 495
290 359
290 389
291 292
291 378
291 399
291 476
293 335
293 353
293 387
293 389
293 441
293 454
294 309
294 351
294 359
294 374
294 404
294 450
294 457
294 486
295 349
295 432
295 450
295 476
296 352
296 366
296 395
296 488
297 346
297 440
297 475
298 339
298 369
298 432
298 452
299 413
299 419
299 483
300 312
300 354
300 470
300 479
301 418
302 488
303 379
303 381
304 342
304 351
304 386
304 415
304 432
304 440
304 471
304 497
305 392
305 409
305 478
306 309
306 335
306 351
306 447
307 309
307 361
307 400
307 451
308 320
308 361
309 354
311 395
311 467
312 444
313 316
313 386
314 360
314 415
315 317
316 329
316 341
316 441
316 481
316 488
316 499
317 326
317 414
318 405
319 400
319 407
319 424
320 338
320 350
320 449
320 468
321 373
321 374
321 406
322 468
323 351
323 386
323 391
323 414
323 417
324 329
324 467
325 409
325 427
326 415
326 421
327 429
327 463
328 375
328 405
328 419
328 492
329 482
330 368
330 405
331 376
331 434
331 453
332 402
333 397
333 401
334 355
334 358
334 425
334 475
334 487
335 338
335 380
335 493
336 417
336 462
337 349
338 407
338 471
339 388
340 378
340 379
340 470
341 456
342 443
342 496
343 349
343 362
343 415
343 424
344 374
344 399
344 435
345 493
346 356
346 420
346 425
346 498
347 407
347 436
348 433
349 363
349 401
349 467
350 410
351 390
351 487
353 364
353 446
354 395
354 464
354 484
355 422
355 448
358 440
359 395
359 410
359 430
359 495
360 390
360 405
360 443
360 467
361 390
361 455
362 376
362 456
363 401
363 416
364 451
364 471
365 390
366 430
366 479
367 402
367 407
367 437
368 391
368 421
368 457
368 482
369 445
370 400
370 487
371 373
371 428
371 441
372 424
373 487
374 379
374 481
374 493
375 434
375 435
375 454
375 491
376 381
376 442
377 449
378 456
378 473
379 456
379 484
379 487
380 390
380 423
380 459
380 495
382 416
382 467
384 455
386 454
386 481
388 494
388 498
389 414
390 418
390 454
392 468
392 475
392 483
394 415
394 424
394 478
397 408
397 435
398 474
400 401
401 412
401 422
401 466
401 490
402 464
403 459
403 490
404 443
404 454
404 466
404 498
405 467
405 487
406 433
406 492
407 441
408 476
410 460
412 458
414 482
415 488
416 426
416 448
417 426
418 451
418 455
418 477
419 431
419 454
419 456
421 475
422 499
423 490
425 468
426 450
426 461
426 467
427 493
428 464
431 451
432 486
433 434
433 449
433 462
433 465
433 466
435 485
437 442
439 447
439 465
439 472
440 451
440 456
441 444
442 487
443 463
443 471
444 486
446 459
449 452
449 455
449 475
451 464
452 482
456 476
458 479
461 466
461 469
462 465
462 481
475 486
475 492
