0
500
3228
0
1
0
0 164
0 202
0 258
0 262
0 315
0 323
0 374
0 437
0 452
1 18
1 28
1 41
1 59
1 70
1 160
1 199
1 252
1 310
1 351
1 415
2 13
2 88
2 106
2 127
2 144
2 172
2 268
2 281
2 298
2 315
2 317
2 389
2 395
2 401
3 5
3 26
3 49
3 60
3 149
3 303
3 321
3 325
3 355
3 362
3 367
3 390
3 393
3 406
4 118
4 156
4 182
4 225
4 248
4 294
4 337
4 353
4 355
4 365
4 368
4 380
4 417
4 435
4 455
5 14
5 49
5 57
5 206
5 294
5 312
5 361
5 380
5 389
5 401
5 412
5 442
6 18
6 31
6 77
6 82
6 84
6 93
6 153
6 154
6 187
6 189
6 194
6 267
6 283
6 320
6 333
6 380
6 384
6 399
6 466
7 30
7 137
7 139
7 199
7 201
7 251
7 270
7 314
7 356
7 393
7 416
7 428
8 100
8 126
8 149
8 151
8 163
8 186
8 187
8 194
8 232
8 273
8 358
8 389
8 397
8 452
8 499
9 13
9 84
9 113
9 138
9 192
9 199
9 203
9 220
9 223
9 241
9 253
9 281
9 303
9 305
9 310
9 365
9 484
10 38
10 78
10 163
10 183
10 189
10 209
10 308
10 314
10 351
10 380
10 401
10 431
10 448
10 449
11 31
11 53
11 77
11 89
11 149
11 189
11 194
11 220
11 233
11 246
11 276
11 297
11 367
11 398
12 47
12 58
12 80
12 117
12 125
12 221
12 331
12 373
12 404
12 420
13 25
13 97
13 210
13 318
13 343
13 391
13 420
14 94
14 115
14 142
14 145
14 304
14 337
14 364
14 388
14 399
14 433
15 58
15 65
15 106
15 126
15 199
15 227
15 230
15 249
15 297
15 310
15 329
15 384
15 392
15 438
15 471
16 22
16 57
16 68
16 201
16 214
16 269
16 271
16 288
16 310
16 338
16 341
17 69
17 73
17 98
17 127
17 152
17 259
17 308
17 338
17 344
17 363
17 436
17 445
17 482
18 64
18 66
18 108
18 127
18 180
18 225
18 227
18 234
18 305
18 314
18 350
18 367
18 423
18 489
18 491
19 21
19 72
19 94
19 119
19 190
19 316
19 347
19 365
19 433
19 456
19 495
20 73
20 81
20 108
20 119
20 138
20 244
20 271
20 350
20 376
20 425
21 30
21 76
21 117
21 179
21 287
21 392
21 396
21 442
21 474
22 46
22 80
22 107
22 122
22 126
22 202
22 261
22 278
22 319
22 321
22 334
22 430
22 467
22 492
23 39
23 52
23 79
23 88
23 381
23 443
23 456
23 460
24 35
24 88
24 116
24 155
24 166
24 186
24 194
24 197
24 246
24 248
24 275
24 286
24 296
24 298
24 305
24 318
24 348
24 352
24 359
24 424
24 489
25 58
25 68
25 108
25 126
25 145
25 197
25 198
25 234
25 237
25 389
25 454
26 71
26 131
26 197
26 204
26 244
26 285
26 375
26 379
26 383
26 441
26 443
26 449
26 486
27 32
27 86
27 91
27 135
27 281
27 408
27 416
27 429
28 33
28 54
28 60
28 86
28 96
28 185
28 216
28 276
28 277
28 303
28 358
28 405
29 59
29 130
29 148
29 150
29 198
29 247
29 252
29 264
29 292
29 330
29 338
29 348
29 438
29 447
29 494
30 31
30 37
30 110
30 143
30 144
30 242
30 357
30 375
30 378
30 379
30 430
30 456
30 479
31 77
31 112
31 154
31 258
31 264
31 292
31 295
31 344
31 377
31 385
31 400
31 407
31 441
31 476
32 142
32 165
32 172
32 250
32 304
32 366
32 371
32 391
32 422
32 469
32 478
33 38
33 57
33 79
33 95
33 178
33 236
33 420
33 436
33 437
34 38
34 50
34 59
34 131
34 135
34 196
34 217
34 263
34 302
34 332
34 365
34 371
34 437
34 439
34 447
34 497
35 73
35 80
35 128
35 135
35 185
35 350
35 397
35 398
35 420
35 427
35 441
35 462
35 479
35 481
36 108
36 126
36 156
36 254
36 301
36 342
36 404
36 413
36 490
37 39
37 40
37 61
37 72
37 152
37 256
37 261
37 272
37 289
37 326
37 367
37 388
37 402
37 447
38 67
38 102
38 141
38 155
38 245
38 263
38 266
38 392
38 419
38 445
39 43
39 97
39 143
39 158
39 173
39 187
39 242
39 285
39 310
39 330
39 356
39 404
39 438
40 53
40 56
40 57
40 82
40 126
40 141
40 157
40 165
40 186
40 340
40 346
40 397
40 445
40 492
41 54
41 121
41 154
41 160
41 193
41 212
41 273
41 284
41 356
41 413
41 435
42 46
42 95
42 121
42 233
42 243
42 275
42 302
42 310
42 442
42 444
43 131
43 146
43 152
43 180
43 183
43 214
43 220
43 316
43 319
43 369
43 378
43 385
43 419
43 448
44 85
44 158
44 209
44 251
44 400
44 414
44 438
44 452
45 72
45 77
45 140
45 143
45 177
45 216
45 235
45 250
45 265
45 312
45 316
45 362
45 379
45 398
45 420
45 434
46 84
46 144
46 154
46 163
46 167
46 174
46 203
46 208
46 222
46 319
46 328
46 368
46 400
47 62
47 70
47 139
47 158
47 168
47 187
47 270
47 278
47 344
47 352
47 357
47 417
47 432
47 458
47 483
47 498
48 187
48 203
48 265
48 291
48 349
48 350
48 387
48 407
48 412
48 417
48 419
48 484
49 64
49 71
49 111
49 181
49 204
49 205
49 284
49 292
49 305
49 437
49 456
49 486
50 190
50 210
50 211
50 215
50 221
50 296
50 363
50 382
50 400
50 429
50 433
50 465
50 469
51 52
51 54
51 82
51 213
51 281
51 314
51 315
51 365
51 369
51 388
51 418
51 425
51 491
52 79
52 108
52 149
52 151
52 162
52 182
52 330
52 331
52 388
52 412
53 120
53 145
53 197
53 201
53 245
53 258
53 331
53 357
53 363
53 373
53 445
53 452
53 499
54 58
54 153
54 234
54 238
54 258
54 352
54 381
54 404
54 496
55 80
55 136
55 176
55 197
55 219
55 234
55 256
55 266
55 322
55 421
55 491
55 495
56 80
56 83
56 135
56 274
56 279
56 286
56 350
56 470
56 472
57 69
57 111
57 238
57 318
57 327
57 364
57 391
57 440
57 452
57 494
58 89
58 243
58 269
58 282
58 292
58 349
58 360
58 366
58 418
58 495
59 93
59 100
59 108
59 161
59 190
59 205
59 264
59 298
59 317
59 320
59 378
59 468
59 486
59 487
59 493
60 62
60 98
60 125
60 128
60 178
60 179
60 341
60 351
60 381
60 496
61 108
61 113
61 114
61 126
61 134
61 164
61 200
61 239
61 271
61 329
61 371
61 390
61 452
62 99
62 134
62 141
62 263
62 319
62 333
62 401
62 412
62 422
62 469
63 95
63 118
63 134
63 146
63 149
63 182
63 254
63 299
63 362
63 367
63 404
63 427
63 429
63 448
63 491
64 87
64 120
64 147
64 187
64 262
64 350
64 400
64 444
64 474
64 476
65 95
65 115
65 228
65 246
65 321
65 362
65 378
65 434
65 487
65 494
65 499
66 80
66 91
66 96
66 137
66 147
66 192
66 230
66 236
66 289
66 319
66 323
66 378
66 422
66 441
66 446
66 476
67 164
67 247
67 258
67 303
67 313
67 328
67 444
67 476
68 73
68 102
68 123
68 134
68 241
68 362
68 381
68 453
68 461
68 469
68 482
68 497
69 178
69 217
69 223
69 248
69 273
69 290
69 382
69 412
69 438
69 440
69 459
69 482
69 489
70 106
70 119
70 129
70 271
70 304
70 355
70 372
70 456
70 474
70 478
71 118
71 129
71 135
71 201
71 241
71 325
71 366
71 372
71 388
71 391
71 450
71 458
71 478
71 487
72 123
72 134
72 176
72 189
72 222
72 231
72 241
72 376
72 405
72 492
73 101
73 184
73 205
73 216
73 240
73 354
73 373
73 397
73 438
73 484
74 82
74 86
74 250
74 267
74 287
74 357
74 394
74 488
75 154
75 204
75 249
75 307
75 326
75 332
75 410
75 415
75 487
75 495
76 139
76 152
76 164
76 190
76 209
76 220
76 259
76 313
76 337
76 358
76 363
76 386
76 389
76 410
76 488
77 114
77 130
77 156
77 209
77 230
77 298
77 306
77 316
77 321
77 340
77 424
78 87
78 128
78 138
78 159
78 206
78 262
78 318
78 356
78 375
78 429
78 495
79 104
79 145
79 204
79 217
79 246
79 254
79 308
79 404
79 407
79 473
80 101
80 241
80 278
80 348
80 478
80 487
81 197
81 207
81 276
81 284
81 291
81 344
81 357
81 374
82 131
82 151
82 165
82 179
82 190
82 380
82 397
82 415
82 426
83 86
83 151
83 183
83 189
83 234
83 269
83 279
83 292
83 338
83 349
83 366
83 374
83 376
83 494
84 105
84 122
84 146
84 169
84 318
84 341
84 395
84 408
84 467
84 495
84 498
85 94
85 114
85 232
85 243
85 274
85 382
85 414
85 478
86 97
86 126
86 288
86 319
86 364
86 411
86 439
86 441
86 442
86 456
86 462
87 102
87 114
87 130
87 154
87 200
87 229
87 261
87 282
87 298
87 429
88 110
88 156
88 191
88 238
88 276
88 447
88 469
88 493
89 155
89 191
89 193
89 198
89 208
89 216
89 225
89 233
89 289
89 290
89 296
89 323
89 404
89 418
89 450
89 474
90 144
90 171
90 199
90 302
90 309
90 364
90 402
91 134
91 219
91 245
91 287
91 317
91 327
91 343
91 416
92 95
92 115
92 129
92 218
92 235
92 236
92 247
92 274
92 275
92 276
92 278
92 348
92 362
92 368
92 383
92 452
92 466
93 124
93 154
93 186
93 197
93 236
93 316
93 343
93 403
93 407
93 452
94 199
94 208
94 233
94 265
94 308
94 312
94 338
94 415
94 446
95 152
95 247
95 290
95 307
95 328
95 330
95 331
95 358
95 405
95 418
95 426
95 434
95 462
96 281
96 317
96 318
96 353
96 392
96 399
96 405
96 438
96 456
97 120
97 160
97 178
97 201
97 243
97 296
97 311
97 333
97 401
97 402
97 415
97 469
98 115
98 120
98 192
98 305
98 380
98 403
98 448
98 455
98 489
98 496
99 123
99 224
99 351
99 404
99 411
99 429
100 148
100 155
100 193
100 233
100 237
100 260
100 310
100 333
100 436
101 107
101 110
101 122
101 139
101 147
101 190
101 206
101 213
101 229
101 288
101 295
101 301
101 350
101 373
101 378
101 379
101 380
101 395
101 432
102 115
102 217
102 224
102 236
102 261
102 269
102 315
102 497
103 115
103 147
103 161
103 273
103 307
103 414
103 430
104 144
104 186
104 244
104 279
104 429
104 436
104 473
105 125
105 158
105 221
105 277
105 311
105 328
105 337
105 340
105 364
105 409
106 119
106 199
106 275
107 124
107 145
107 194
107 245
107 277
107 285
107 341
107 430
107 448
108 109
108 126
108 183
108 224
108 254
108 276
108 304
108 307
108 357
108 361
108 367
108 375
108 469
108 493
109 113
109 184
109 209
109 233
109 370
109 409
109 418
109 421
109 473
110 120
110 169
110 178
110 195
110 234
110 346
110 362
111 151
111 284
111 361
111 440
112 117
112 217
112 234
112 323
112 325
112 483
113 175
113 179
113 184
113 202
113 217
113 321
113 364
113 449
113 466
113 475
113 477
114 152
114 205
114 237
114 241
114 258
114 291
114 312
114 331
114 358
114 468
115 132
115 168
115 233
115 483
116 132
116 187
116 204
116 211
116 296
116 329
117 119
117 145
117 151
117 209
117 232
117 238
117 285
117 340
117 390
118 134
118 235
118 259
118 304
118 339
118 373
118 392
118 396
118 420
118 432
118 441
118 466
118 492
119 133
119 180
119 206
119 242
119 329
119 352
119 362
119 388
119 393
119 401
119 465
119 472
120 123
120 154
120 170
120 183
120 298
120 318
120 353
120 361
120 427
120 459
121 142
121 220
121 271
121 290
121 303
121 307
121 311
121 316
121 320
121 391
121 392
121 475
122 144
122 146
122 182
122 305
122 432
122 493
123 198
123 199
123 200
123 233
123 279
123 297
123 317
123 341
123 396
123 412
123 442
123 449
123 498
124 133
124 174
124 179
124 195
124 273
124 277
124 326
124 364
124 385
124 433
124 459
124 468
124 472
124 473
125 136
125 145
125 164
125 167
125 196
125 305
125 317
125 346
125 376
125 463
126 140
126 173
126 216
126 292
126 343
127 144
127 157
127 193
127 206
127 313
127 376
127 410
127 451
127 472
127 487
128 140
128 157
128 169
128 194
128 268
128 306
128 311
128 320
128 336
128 346
128 371
128 426
128 470
128 486
129 199
129 371
129 375
129 407
129 426
129 443
129 455
129 462
130 164
130 271
130 284
130 293
130 494
131 145
131 171
131 178
131 194
131 338
131 371
131 403
131 414
131 433
131 480
132 184
132 210
132 217
132 249
132 272
132 325
132 363
132 368
132 399
132 410
132 416
132 433
132 466
132 483
132 499
133 137
133 152
133 174
133 208
133 235
133 239
133 297
133 317
133 389
133 415
133 417
133 420
133 456
134 138
134 142
134 165
134 215
134 216
134 314
134 484
134 490
135 166
135 194
135 273
135 319
135 327
135 338
135 401
135 415
135 479
136 176
136 202
136 278
136 314
136 315
136 331
136 379
136 382
136 398
136 409
136 417
136 446
136 465
136 477
136 486
137 160
137 219
137 253
137 308
137 362
137 393
137 474
138 241
138 373
138 385
138 435
139 234
139 294
139 302
139 484
139 499
140 182
140 196
140 220
140 222
140 234
140 248
140 260
140 262
140 321
140 373
140 406
140 419
140 445
141 232
141 304
141 348
141 392
141 409
142 149
142 206
142 234
142 262
142 315
142 401
142 441
143 202
143 270
143 282
143 383
144 153
144 285
144 313
144 316
144 349
144 382
144 419
144 429
144 448
144 475
144 482
145 213
145 233
145 277
145 333
145 341
145 362
145 374
145 446
145 480
145 486
146 189
146 260
146 322
146 356
146 378
146 431
146 436
147 200
147 203
147 248
147 275
147 296
147 297
147 303
147 305
147 353
147 389
147 411
147 415
147 426
147 433
147 438
147 473
148 154
148 172
148 213
148 222
148 419
148 439
148 458
148 490
149 203
149 212
149 246
149 303
149 340
149 441
149 450
149 494
150 156
150 171
150 189
150 207
150 227
150 240
150 280
150 335
150 392
150 393
150 471
151 258
151 292
151 355
151 425
151 471
151 482
151 495
152 158
152 172
152 245
152 281
152 354
152 356
152 370
152 396
152 422
152 438
153 154
153 156
153 158
153 183
153 204
153 245
153 308
153 353
153 386
153 392
154 161
154 197
154 209
154 217
154 265
154 329
154 400
154 414
154 488
155 176
155 195
155 299
155 323
155 339
155 344
155 396
155 424
155 427
155 437
155 447
155 450
155 473
156 158
156 193
156 293
156 352
156 471
156 482
157 181
157 254
157 314
157 416
157 419
157 440
157 446
158 193
158 210
158 317
158 324
158 343
158 367
158 402
158 431
158 440
158 472
158 480
159 175
159 176
159 196
159 253
159 294
159 299
159 317
159 321
159 331
159 342
159 384
159 437
159 476
159 478
159 496
160 219
160 248
160 268
160 288
160 294
160 371
160 386
160 404
160 454
161 245
161 277
161 294
161 349
161 455
161 486
162 171
162 193
162 249
162 258
162 345
162 358
162 411
162 419
162 472
163 184
163 254
163 300
163 310
163 360
163 497
164 199
164 319
164 344
164 404
164 417
164 453
164 475
165 179
165 218
165 228
165 251
165 283
165 317
165 328
165 378
165 423
166 205
166 293
166 345
166 346
166 471
166 488
167 181
167 235
167 325
167 326
167 360
167 379
167 400
167 412
167 438
167 470
167 472
168 263
168 357
168 444
168 456
169 216
169 239
169 280
169 325
169 353
169 383
169 392
169 436
169 488
170 205
170 227
170 229
170 242
170 246
170 278
170 300
170 329
170 370
170 393
170 398
170 401
170 425
170 430
170 469
171 177
171 209
171 232
171 235
171 278
171 311
171 326
171 422
171 463
171 483
172 254
172 259
172 267
172 276
172 332
172 338
172 352
172 355
172 357
172 372
172 454
172 470
173 201
173 304
173 320
173 338
173 380
173 419
173 464
173 468
174 315
174 333
174 335
174 353
174 421
174 447
175 189
175 195
175 210
175 238
175 275
175 281
175 297
175 315
175 350
175 366
175 451
175 462
176 185
176 276
176 329
176 341
176 428
176 476
177 219
177 239
177 245
177 345
177 353
177 369
177 411
177 491
178 193
178 195
178 258
178 290
178 375
178 408
178 419
178 438
179 199
179 296
179 319
179 386
179 447
179 482
180 184
180 208
180 233
180 259
180 300
180 467
180 498
181 198
181 200
181 241
181 278
181 324
181 371
181 396
181 459
182 199
182 274
182 278
182 302
182 345
182 372
183 239
183 258
183 259
183 276
183 292
183 356
183 411
183 474
184 217
184 245
184 248
184 303
184 372
184 468
185 267
185 287
185 308
185 412
185 434
185 449
185 471
185 487
186 226
186 274
186 334
186 343
186 405
186 448
187 190
187 249
187 254
187 323
187 330
187 334
187 356
187 367
187 471
188 229
188 257
188 273
188 274
188 275
188 285
188 288
188 295
188 356
188 391
188 443
188 494
189 214
189 239
189 405
189 466
189 488
190 286
190 394
190 417
190 446
190 465
190 487
191 240
191 300
191 312
191 324
191 341
191 375
191 422
191 426
191 443
191 470
192 204
192 276
192 300
192 306
192 386
192 439
192 460
192 467
192 488
192 489
192 491
193 219
193 224
193 266
193 271
193 326
194 224
194 280
194 299
194 340
194 350
194 357
194 379
194 385
194 388
194 441
194 467
194 477
194 482
195 267
195 309
196 197
196 229
196 232
196 241
196 336
196 391
196 398
196 427
196 484
197 230
197 265
197 267
197 283
197 333
197 337
197 411
197 490
198 208
198 230
198 427
198 453
199 205
199 257
199 262
199 386
200 205
200 217
200 254
200 343
200 407
200 476
200 492
201 293
201 304
201 332
201 374
201 384
201 437
201 468
202 210
202 228
202 296
202 371
202 386
202 414
202 417
202 431
202 447
202 475
202 478
203 226
203 231
203 282
203 307
203 353
203 388
204 247
204 258
204 312
204 331
204 345
204 384
204 426
204 428
204 467
205 242
205 250
205 320
205 399
205 443
205 448
206 229
206 280
206 361
206 402
206 414
206 427
206 472
206 484
207 220
207 223
207 302
207 303
207 361
207 420
208 262
208 268
208 273
208 305
208 326
208 358
208 395
208 459
208 485
209 235
209 258
209 268
209 287
209 316
209 351
209 380
209 410
209 421
209 459
209 481
209 484
209 489
210 214
210 238
210 239
210 258
210 264
210 323
210 329
210 341
210 408
210 416
211 240
211 265
211 288
211 340
211 369
211 431
212 273
212 332
212 343
212 353
212 357
212 424
212 425
213 220
213 240
213 248
213 251
213 293
213 304
213 320
213 332
213 333
213 353
213 397
213 398
213 399
213 400
213 491
214 225
214 305
214 314
214 316
214 363
214 388
214 390
214 410
214 425
214 436
214 477
214 479
214 492
215 350
215 390
215 411
215 430
215 476
215 480
216 234
216 253
216 294
216 362
216 370
216 390
216 397
216 441
216 498
217 328
217 336
217 338
217 385
217 411
218 337
218 360
218 429
218 448
219 291
219 312
219 325
219 419
219 455
219 474
219 490
220 221
220 244
220 280
220 289
220 387
220 401
220 434
220 446
220 461
220 475
221 222
221 301
221 364
221 394
221 408
221 411
221 436
221 448
221 490
222 270
222 287
222 434
223 244
223 245
223 263
223 367
223 409
223 427
223 462
224 238
224 328
224 411
224 445
225 237
225 245
225 247
225 289
225 299
225 310
225 311
225 321
225 375
225 398
225 405
225 428
225 443
226 238
226 253
226 260
226 287
226 291
226 362
226 373
227 238
227 247
227 329
227 334
227 353
227 402
227 424
227 428
228 289
228 351
228 384
228 433
228 469
229 274
229 387
229 450
230 301
230 321
230 330
230 402
230 428
230 449
231 258
231 276
231 359
231 360
231 404
231 438
232 236
232 302
232 305
232 335
232 362
232 365
232 425
232 440
233 261
233 397
233 409
233 412
233 444
233 488
233 496
234 286
234 290
234 391
234 395
234 435
235 312
235 319
235 417
235 499
236 280
236 291
236 292
236 322
236 334
237 241
237 266
237 377
237 380
237 436
238 381
238 390
238 417
238 420
238 443
238 448
238 451
238 485
239 242
239 255
239 316
239 331
239 348
239 361
239 376
239 379
239 426
240 243
240 315
240 349
240 375
240 483
241 274
241 307
241 376
241 378
241 388
241 468
241 491
242 248
242 270
242 302
242 345
242 350
242 357
242 388
242 422
242 445
242 480
243 249
243 273
243 283
243 292
243 319
243 333
243 338
243 369
243 381
243 395
244 259
244 277
244 336
244 353
244 376
244 377
244 386
244 403
244 490
245 291
245 354
245 373
245 399
245 451
246 327
246 368
246 404
246 406
246 470
247 327
247 329
247 335
247 339
247 354
247 406
247 423
247 429
247 476
248 317
248 378
248 448
248 488
248 498
249 256
249 316
249 324
249 325
249 336
249 340
249 366
249 449
249 454
249 479
249 493
250 259
250 269
250 332
250 362
250 499
251 262
251 282
251 342
251 398
251 463
251 465
252 281
252 335
252 369
252 391
252 472
252 477
252 486
253 275
253 359
253 446
254 269
254 292
254 302
254 348
254 408
254 436
255 262
255 337
255 362
255 390
255 393
255 403
256 339
256 363
256 365
256 380
256 412
256 433
256 449
256 456
256 475
256 491
257 291
257 297
257 299
257 315
257 354
257 370
257 464
258 270
258 309
258 356
258 358
258 495
259 311
259 324
259 346
259 348
259 365
259 368
259 458
260 389
260 392
260 397
260 459
261 302
261 317
261 373
261 383
261 433
261 441
261 446
262 264
262 268
262 435
263 267
263 288
263 292
263 354
263 366
263 458
263 460
263 492
264 351
264 371
264 395
264 413
264 418
264 447
264 459
264 461
265 277
265 348
265 429
265 436
265 452
265 486
266 332
266 340
267 391
267 454
267 478
267 481
267 496
268 350
268 364
268 367
268 474
268 475
268 492
269 339
269 370
269 381
269 386
269 470
269 471
270 332
270 381
270 437
270 459
271 286
271 396
271 411
272 277
272 299
272 332
272 420
272 434
272 468
272 493
273 302
273 321
273 434
273 444
274 341
274 348
274 375
274 439
274 483
275 301
275 393
275 416
275 420
275 451
276 333
276 389
276 447
276 455
276 466
277 356
277 381
277 387
277 431
277 450
278 291
278 328
278 383
278 445
278 472
278 491
279 285
279 417
279 418
279 471
279 480
279 488
280 304
280 329
280 354
280 376
280 412
280 424
281 291
281 321
281 382
281 393
281 400
281 404
281 427
281 470
281 483
282 346
282 363
282 388
282 405
282 411
282 446
282 461
283 296
283 348
283 377
283 414
284 290
284 347
284 348
284 350
284 371
284 407
284 408
284 430
285 389
285 441
285 465
285 496
286 330
286 341
286 371
286 411
286 427
286 449
286 474
286 481
286 496
287 388
287 423
287 444
287 455
287 484
288 299
288 316
288 411
288 421
288 440
288 493
289 310
289 311
289 314
289 323
289 478
290 314
290 458
290 493
290 494
291 302
291 360
291 417
291 471
291 472
292 307
292 366
292 435
292 457
292 497
293 364
293 420
293 439
293 476
294 342
294 398
294 434
294 494
295 325
295 353
295 400
296 346
296 350
296 395
296 423
297 316
297 342
297 399
297 409
297 431
297 497
298 304
298 374
298 386
298 401
298 414
298 424
298 433
298 436
299 320
299 321
299 325
299 352
299 444
299 484
299 498
300 321
300 432
300 460
300 463
301 304
301 349
301 366
301 372
301 392
301 470
301 484
302 483
303 306
303 332
303 334
303 337
303 410
303 419
303 485
304 320
304 339
304 399
304 498
305 379
305 442
305 458
305 471
305 496
306 344
306 379
306 409
306 447
306 458
306 467
306 484
307 329
307 330
307 336
307 345
307 391
307 410
307 496
308 348
308 376
308 379
308 420
308 453
309 341
309 358
309 373
309 427
309 435
310 340
310 352
310 442
310 470
311 325
311 343
311 345
311 359
311 419
312 343
312 344
312 366
312 370
312 391
312 430
312 465
313 379
313 387
313 393
313 408
313 430
313 443
313 448
314 375
314 378
314 380
314 406
314 409
314 417
314 435
314 436
314 443
314 449
314 469
315 362
315 378
315 447
316 381
316 411
316 436
316 480
317 329
317 339
317 342
317 434
318 350
318 355
318 379
318 427
318 451
318 465
318 469
319 335
319 355
319 372
319 390
319 401
320 444
320 451
320 493
321 329
321 334
321 339
321 399
321 451
321 460
321 498
322 429
322 447
322 454
322 489
322 498
323 340
323 351
323 393
323 448
323 491
324 335
324 392
324 407
324 419
325 391
325 445
325 472
326 406
326 450
326 486
326 499
327 331
327 444
327 451
327 496
328 359
328 431
328 446
329 385
329 439
329 490
330 346
330 412
331 343
331 362
331 373
332 341
332 371
332 393
332 405
333 354
333 417
334 337
334 383
334 403
335 379
335 413
335 425
335 456
335 458
337 346
337 356
337 362
337 386
337 414
337 462
338 365
338 416
338 428
339 433
339 449
339 478
340 343
340 384
340 390
340 436
340 454
341 345
341 349
341 351
341 380
341 422
341 424
341 436
342 343
342 363
342 396
342 430
342 433
343 355
343 457
343 487
344 360
344 363
344 375
344 379
344 429
344 435
344 439
345 369
346 356
346 464
347 376
347 435
347 478
348 488
348 490
348 493
349 356
349 393
350 368
350 375
350 420
350 437
350 443
351 355
351 372
351 381
351 425
351 483
351 489
351 498
352 391
352 407
352 443
352 481
353 429
353 452
353 457
353 460
354 394
354 420
354 474
355 391
355 393
355 476
355 477
356 407
356 488
357 412
357 437
357 446
357 460
357 462
357 477
357 483
358 399
358 409
358 417
358 421
358 425
358 490
359 385
359 434
359 440
359 472
359 491
360 438
360 461
360 490
360 493
361 385
361 463
361 479
361 488
362 363
362 374
362 397
362 476
362 496
363 373
363 377
363 392
363 438
363 481
364 365
364 404
364 430
364 447
365 404
365 460
365 471
365 481
366 368
366 407
366 427
366 494
367 379
367 387
367 424
367 459
368 380
368 382
368 422
368 436
369 440
369 463
369 471
370 394
370 395
370 473
371 498
372 377
372 408
372 418
372 446
372 449
372 467
372 473
372 488
373 411
373 489
374 389
374 400
374 413
374 417
374 420
374 470
375 386
375 441
375 474
375 486
375 489
376 379
376 480
377 408
377 440
377 483
378 404
378 409
378 459
379 403
379 475
379 482
380 386
380 448
381 405
381 477
381 480
381 488
382 423
382 426
382 434
382 455
382 479
382 490
382 495
383 396
384 390
384 397
384 440
384 483
385 390
385 407
385 447
385 452
385 463
385 486
386 423
386 424
386 483
387 412
387 421
387 443
387 456
387 486
388 392
388 403
388 446
388 485
388 486
389 472
389 485
390 458
390 468
393 395
393 401
393 481
394 452
394 463
394 473
395 398
395 476
395 484
396 461
396 477
397 406
398 456
398 479
399 414
400 434
400 439
401 406
401 408
401 453
402 406
402 427
402 429
403 427
403 429
403 498
404 441
404 491
405 453
405 471
406 487
407 453
407 459
407 470
407 477
408 427
408 431
408 455
408 482
409 431
409 451
409 465
409 466
409 472
410 431
410 439
410 448
410 451
411 438
411 457
411 483
412 432
412 445
412 465
412 471
412 485
413 468
413 490
414 455
414 490
414 492
414 496
415 442
415 457
415 485
415 488
416 467
416 496
417 426
418 471
419 450
419 466
419 478
419 481
420 427
420 430
420 433
420 475
422 457
422 458
422 495
423 457
424 476
425 484
427 433
427 444
428 446
429 439
429 468
430 436
433 477
433 499
434 444
434 462
434 465
434 494
436 460
436 465
436 490
437 481
438 467
438 481
438 487
438 495
439 446
439 454
440 455
440 483
440 486
441 443
441 453
441 456
441 474
442 462
443 452
443 464
443 485
444 456
445 484
446 495
447 478
449 485
450 482
452 486
453 457
454 467
456 460
456 462
456 471
457 479
458 476
460 494
460 496
461 494
463 490
464 479
466 485
469 477
470 474
470 488
472 480
472 494
473 493
477 495
480 481
480 482
482 496
487 497
488 492
