0
50
117
0
1
0
0 21
0 27
0 35
1 17
1 21
1 26
1 29
1 40
1 44
1 45
1 48
2 3
2 15
2 16
2 20
2 21
2 24
2 30
2 42
3 14
4 9
4 11
4 30
4 45
4 49
5 6
5 33
5 36
5 49
6 14
6 15
6 16
6 24
6 30
6 35
6 40
6 45
7 27
7 46
8 10
8 14
9 12
9 33
9 40
10 33
10 36
10 48
11 22
11 30
11 40
12 16
12 23
12 25
12 37
12 41
12 46
12 48
13 30
13 35
14 19
14 20
14 22
14 30
14 32
14 33
15 37
15 43
16 20
16 39
17 30
18 19
18 23
18 30
19 29
20 32
20 40
20 48
21 24
21 42
22 46
24 29
24 48
24 49
25 45
25 46
26 31
27 38
27 43
27 44
28 29
28 37
28 41
30 34
30 39
30 48
31 46
32 34
33 46
34 39
34 41
35 39
35 47
36 40
37 49
38 44
39 46
40 41
40 45
41 43
41 49
42 47
42 48
44 47
44 49
45 46
45 48
46 48
