0
50
251
0
1
0
0 2
0 5
0 15
0 18
0 24
0 25
0 32
0 39
0 41
0 42
0 48
1 2
1 10
1 17
1 21
1 24
1 29
1 38
1 39
1 46
2 3
2 8
2 9
2 10
2 15
2 16
2 17
2 24
2 29
2 35
2 43
2 46
3 4
3 6
3 10
3 11
3 14
3 15
3 16
3 19
3 24
3 25
3 30
3 33
3 34
3 43
3 44
4 11
4 15
4 16
4 19
4 20
4 25
4 31
4 32
4 39
5 6
5 12
5 20
5 24
5 30
5 33
6 10
6 11
6 13
6 18
6 25
6 32
6 33
6 34
6 40
7 10
7 11
7 17
7 18
7 39
7 42
7 43
7 44
8 9
8 10
8 14
8 16
8 23
8 34
8 42
8 44
8 45
8 47
9 12
9 15
9 21
9 23
9 30
9 33
9 43
9 46
9 47
9 48
10 16
10 25
10 39
11 26
11 28
11 29
11 32
11 41
11 42
12 15
12 16
12 17
12 27
12 33
12 41
12 45
12 48
13 24
13 31
13 33
13 45
13 48
14 15
14 18
14 30
14 34
15 17
15 23
15 29
15 30
15 34
15 36
15 38
15 40
15 41
15 42
15 47
16 18
16 21
16 22
16 33
16 40
16 45
16 47
16 49
17 21
18 22
18 23
18 31
18 33
18 43
19 22
19 24
19 28
19 30
19 33
19 38
19 39
20 28
20 42
21 23
21 32
21 41
21 42
21 43
22 24
22 27
22 28
22 39
22 46
23 29
23 35
23 39
23 44
23 49
24 25
24 36
24 40
24 41
25 27
25 29
25 39
25 49
26 31
26 36
26 44
26 47
26 49
27 38
27 40
27 42
27 45
27 48
28 31
28 40
28 42
29 30
29 31
29 34
29 39
29 43
30 31
30 33
30 36
30 39
30 40
30 42
30 47
30 48
30 49
31 35
31 41
31 43
32 33
32 45
32 47
33 37
33 40
33 41
33 49
34 42
34 43
34 44
34 45
34 49
35 37
35 39
35 41
35 42
35 46
35 48
36 42
36 49
37 39
37 48
38 42
39 40
39 42
39 44
39 48
40 41
40 45
41 42
42 46
42 48
42 49
43 47
43 49
45 48
46 49
47 48
47 49
