0
50
177
0
1
0
0 5
0 13
0 20
0 26
0 33
0 35
0 36
0 39
0 41
0 45
0 47
0 49
1 6
1 19
1 22
1 29
1 38
1 40
1 48
2 12
2 16
2 17
2 20
2 26
2 30
2 31
2 41
2 44
3 16
3 17
3 20
3 24
3 25
3 30
3 34
4 5
4 9
4 22
4 23
4 46
5 8
5 13
5 21
5 25
5 41
5 47
6 26
6 30
6 33
6 44
7 13
7 25
7 26
7 38
7 46
8 10
8 20
8 23
8 38
8 48
9 12
9 21
9 27
9 28
9 29
9 38
9 46
10 16
10 17
10 29
10 36
10 48
11 14
11 15
11 41
12 16
12 22
12 32
12 36
12 42
13 20
13 30
13 45
14 21
14 24
14 35
14 49
15 20
15 22
15 23
15 24
15 33
15 37
15 39
15 41
15 48
16 38
16 45
16 49
17 18
17 21
17 33
17 45
18 24
18 35
18 37
18 40
18 46
18 47
19 26
20 28
20 29
20 45
21 23
21 25
21 30
21 35
21 39
21 40
21 41
21 48
23 24
23 29
23 32
23 34
23 38
23 39
23 45
24 25
24 26
24 31
24 34
24 44
25 26
26 37
26 43
26 45
26 49
27 30
27 32
27 34
27 40
27 44
28 29
28 30
28 37
28 40
29 31
29 34
29 41
30 37
30 44
32 39
32 47
33 34
33 35
33 44
33 45
34 45
34 49
35 40
35 41
35 49
36 40
37 39
37 45
37 46
38 41
38 44
38 46
38 47
38 48
39 43
43 45
44 45
45 48
47 48
