0
50
126
0
1
0
0 5
0 10
0 11
0 18
0 40
0 46
0 49
1 5
1 13
1 17
1 23
1 42
2 6
2 19
2 23
2 33
3 20
3 37
3 38
3 44
3 48
4 6
4 22
4 26
4 27
4 30
5 9
5 26
5 28
5 34
5 36
5 37
5 40
6 39
7 9
7 19
7 47
8 14
8 25
8 28
9 11
9 15
9 18
9 40
9 46
9 49
10 20
10 22
10 26
10 39
11 13
11 30
11 46
12 29
12 35
13 17
13 39
13 48
14 30
14 47
15 20
15 22
15 32
15 45
16 33
17 31
17 38
17 45
18 20
18 35
18 37
19 20
19 24
19 31
19 33
19 41
19 42
20 24
20 30
20 32
20 35
20 45
21 31
22 24
22 28
22 38
23 26
23 29
23 45
23 46
24 41
24 46
24 47
25 32
26 28
26 29
26 34
26 42
27 28
27 41
27 45
27 47
28 47
29 38
29 44
30 33
31 42
31 49
32 43
33 39
33 45
34 36
34 43
34 48
36 37
36 39
36 40
37 46
37 48
38 47
41 44
41 45
41 48
42 44
42 45
43 44
