0
50
162
0
1
0
0 1
0 9
0 11
0 21
0 28
0 39
1 2
1 9
1 12
1 15
1 21
1 29
1 36
2 3
2 12
2 23
2 24
2 48
3 11
3 18
3 24
3 28
3 40
3 45
3 46
3 49
4 8
4 13
4 16
4 19
4 23
4 26
4 45
4 48
4 49
5 6
5 15
5 25
5 41
5 43
6 9
6 11
6 22
6 28
6 30
6 35
7 9
7 10
7 18
7 23
7 36
7 44
7 45
8 22
8 24
8 31
8 33
8 41
8 42
9 19
9 21
9 32
9 43
10 14
10 15
10 16
10 26
10 27
10 28
10 29
10 41
10 47
11 12
11 13
11 23
11 32
11 39
11 44
11 46
12 49
13 18
13 20
13 24
13 35
13 46
13 48
13 49
14 17
14 20
14 32
15 24
15 25
15 30
15 37
15 41
15 46
15 47
16 19
16 28
16 47
17 26
17 32
17 37
17 41
17 45
18 19
18 28
18 46
19 22
19 27
19 28
19 34
19 43
20 45
20 47
20 49
21 34
21 38
21 41
22 25
22 27
22 28
22 46
22 47
23 37
23 42
24 33
25 33
25 34
25 39
25 45
25 46
25 47
26 44
26 45
26 47
26 49
27 48
28 38
28 40
28 46
29 33
29 43
31 32
31 34
31 48
31 49
33 41
33 49
34 36
34 40
34 45
35 41
38 42
38 44
38 49
41 44
42 43
42 44
43 45
44 47
45 49
