0
50
237
0
1
0
0 5
0 14
0 19
0 27
0 29
0 38
0 44
0 49
1 5
1 6
1 18
1 22
1 23
1 31
1 33
1 38
2 4
2 7
2 16
2 17
2 22
2 24
2 26
2 27
2 37
2 38
2 39
3 5
3 21
3 24
3 31
3 36
3 46
4 10
4 12
4 28
4 29
4 32
4 34
4 36
4 37
4 45
5 8
5 10
5 11
5 17
5 23
5 29
5 33
5 35
5 37
5 43
5 45
6 8
6 11
6 15
6 23
6 24
6 31
6 34
6 44
6 48
7 9
7 22
7 23
7 30
7 33
7 48
8 10
8 11
8 13
8 17
8 18
8 20
8 21
8 27
8 29
8 45
8 48
9 15
9 17
9 18
9 27
9 29
9 34
9 41
10 11
10 15
10 28
10 35
11 39
12 14
12 20
12 25
12 26
12 27
12 29
12 46
13 14
13 18
13 20
13 21
13 23
13 25
13 27
13 35
13 37
13 42
13 46
13 47
13 49
14 22
14 35
14 47
14 48
14 49
15 36
15 41
15 44
16 17
16 18
16 26
16 27
16 36
16 37
16 39
16 44
17 22
17 25
17 27
17 33
17 34
17 36
17 45
18 20
18 25
18 39
18 41
18 46
19 25
19 30
19 31
19 32
19 39
19 40
19 41
19 42
20 36
20 38
20 47
21 27
21 35
21 37
21 44
21 46
22 29
22 30
22 32
22 36
22 38
22 39
22 43
22 47
23 25
23 30
23 34
23 37
23 39
23 45
24 25
24 27
24 33
24 36
24 38
24 47
25 33
25 37
25 38
25 39
25 44
26 36
26 37
26 46
26 48
27 41
27 45
27 48
27 49
28 32
28 34
28 41
28 48
29 30
29 31
29 35
29 38
29 43
29 49
30 33
30 38
31 32
31 34
31 37
31 40
31 43
31 45
31 47
33 36
33 41
33 42
33 43
33 45
33 47
33 48
34 40
34 47
34 48
35 42
35 48
36 40
36 46
37 38
37 43
37 48
38 41
38 42
39 46
39 49
40 45
40 49
41 43
41 46
41 47
41 48
43 45
44 49
47 48
