0
50
130
0
1
0
0 2
0 19
0 45
0 49
1 4
1 9
1 10
1 34
1 48
2 10
2 12
2 36
2 46
3 4
3 9
3 23
3 27
3 31
3 32
3 35
3 40
4 16
4 27
4 44
4 49
5 12
5 13
5 18
5 19
5 22
5 35
5 36
5 37
5 49
6 7
6 19
6 26
6 32
6 35
6 46
7 18
7 19
7 40
7 46
7 48
8 19
8 26
8 28
8 32
8 33
8 41
8 47
9 10
9 18
9 22
9 30
9 39
10 27
10 47
11 14
11 23
11 43
12 14
12 35
12 37
12 39
13 30
13 38
13 39
13 48
15 27
15 30
15 38
15 49
16 17
16 30
16 41
17 27
17 42
18 43
19 34
19 37
19 39
20 34
20 35
20 40
20 41
21 29
21 31
21 35
21 37
22 26
23 35
23 44
24 34
24 40
24 49
25 34
25 37
26 30
26 34
27 28
27 35
28 31
28 41
28 46
29 41
30 47
30 48
32 41
32 44
32 49
33 37
33 40
33 47
34 37
34 38
34 41
35 40
36 37
36 39
36 42
36 46
37 41
37 45
40 44
41 45
41 46
43 45
47 48
