0
50
199
0
1
0
0 6
0 14
0 32
0 34
0 36
0 37
0 38
0 40
0 42
0 46
1 10
1 18
1 20
1 23
1 33
1 36
1 43
1 45
2 3
2 4
2 12
2 16
2 21
2 42
2 48
3 6
3 8
3 36
3 42
4 12
4 29
4 31
4 35
4 39
4 45
4 46
4 49
5 12
5 20
5 21
5 22
5 29
5 32
5 34
5 37
5 39
5 41
5 42
5 49
6 9
6 10
6 32
6 35
6 37
6 40
6 41
6 45
6 49
7 12
7 17
7 19
7 25
7 35
7 49
8 10
8 22
8 27
8 32
8 41
9 28
9 29
9 32
9 34
9 35
9 42
9 49
10 11
10 15
10 17
10 25
10 33
10 34
10 36
10 40
10 41
11 13
11 16
11 19
11 26
11 29
11 42
11 49
12 16
12 20
12 24
12 28
12 39
13 29
13 41
13 42
13 43
14 15
14 16
14 24
14 26
14 31
14 32
14 38
14 47
15 18
15 34
15 37
15 38
15 41
15 44
15 47
16 26
16 35
16 36
17 28
17 31
17 34
17 37
17 41
17 48
18 35
18 49
19 26
19 30
19 32
19 37
20 23
20 26
20 33
20 42
20 48
21 27
21 46
22 28
22 30
22 31
22 32
22 33
22 34
22 42
23 29
23 36
23 37
23 39
23 42
24 26
24 37
24 40
24 41
24 43
25 29
25 38
25 43
25 47
25 48
26 31
27 32
27 43
28 32
28 38
28 39
29 30
29 46
29 49
30 40
30 49
31 46
31 48
31 49
32 37
32 38
32 48
33 34
33 39
33 41
33 45
34 39
34 46
34 47
35 36
35 37
35 42
35 46
36 42
37 47
38 42
40 45
40 47
40 48
40 49
41 48
45 47
45 49
47 48
