0
50
109
0
1
0
0 9
0 19
1 6
1 11
1 29
2 7
2 15
2 22
2 24
2 31
3 4
3 24
3 36
4 16
4 29
5 9
5 18
5 24
5 45
6 11
6 25
6 47
7 31
7 32
7 40
7 41
7 47
7 49
8 19
8 27
8 32
8 34
8 37
8 44
9 11
9 12
9 13
9 46
10 14
10 22
10 26
10 44
11 15
11 19
11 21
11 26
11 39
11 40
11 43
11 46
12 32
12 39
12 41
13 23
14 28
14 39
14 40
14 48
15 17
15 18
15 49
16 28
17 24
17 29
17 42
17 45
18 22
18 23
18 27
18 32
18 33
19 24
19 35
20 29
21 34
21 40
24 35
24 42
25 27
25 31
25 47
26 44
26 47
27 28
27 30
27 40
28 30
29 39
29 46
30 38
30 41
31 36
31 49
32 40
33 37
33 38
33 44
33 47
34 38
35 41
36 38
36 45
37 41
38 43
40 42
42 45
42 46
42 48
43 48
