0
50
231
0
1
0
0 32
0 33
0 35
0 45
0 46
1 4
1 7
1 8
1 11
1 17
1 19
1 22
1 26
1 29
1 31
1 44
2 6
2 7
2 11
2 12
2 15
2 23
2 25
2 31
2 34
2 37
2 42
3 5
3 11
3 23
3 26
3 30
3 37
3 42
3 47
3 48
3 49
4 21
4 30
4 39
4 45
4 49
5 7
5 9
5 20
5 22
5 30
5 32
5 37
5 40
5 44
5 46
5 48
5 49
6 16
6 19
6 24
6 27
6 31
6 48
6 49
7 15
7 17
7 35
7 37
7 38
7 40
7 44
7 48
8 9
8 14
8 33
9 11
9 17
9 20
9 28
9 39
9 48
10 19
10 26
10 30
10 36
10 38
10 40
10 41
10 47
10 48
11 20
11 22
11 23
11 28
11 38
11 40
11 41
11 46
11 47
12 27
12 28
12 31
12 34
12 41
12 43
12 47
12 49
13 17
13 26
13 33
13 36
13 40
13 46
14 15
14 18
14 19
14 20
14 24
14 28
14 34
14 37
14 40
15 41
15 43
15 49
16 22
16 27
16 34
16 37
16 39
16 45
17 27
17 31
17 32
17 33
17 35
17 38
17 40
17 46
17 47
17 48
18 19
18 21
18 25
18 36
18 37
18 42
19 25
19 27
19 31
19 32
19 33
19 41
19 45
20 24
20 27
20 41
20 46
20 48
21 31
21 33
22 26
22 29
22 35
22 36
22 40
22 41
22 42
22 49
23 27
23 33
23 36
23 44
23 45
23 47
24 29
24 31
24 37
24 42
24 43
25 29
25 30
25 33
25 36
26 30
26 31
26 34
26 37
26 40
26 49
27 31
27 48
28 35
28 39
28 42
28 45
29 47
29 48
29 49
30 39
30 41
30 48
31 35
31 46
31 47
32 38
32 40
33 36
33 41
33 44
34 35
34 38
34 44
34 46
34 47
34 48
35 38
35 42
35 46
36 37
36 42
37 40
37 44
37 49
38 39
38 40
38 44
38 45
40 43
40 47
40 48
41 47
42 46
42 49
