0
50
173
0
1
0
0 1
0 11
0 17
0 22
0 29
0 30
0 31
0 35
0 49
1 3
1 8
1 12
1 16
1 17
1 25
1 44
2 7
2 13
2 30
2 36
3 6
3 11
3 35
3 45
3 48
3 49
4 10
4 11
4 17
4 24
4 39
4 42
4 49
5 25
5 27
5 34
5 47
6 14
6 16
6 18
6 32
7 14
7 17
7 28
7 35
7 42
8 9
8 13
8 16
8 23
8 24
8 28
8 33
8 49
9 13
9 14
9 33
9 48
10 14
10 17
10 21
10 27
10 33
11 12
11 27
11 28
11 30
11 31
11 33
11 45
11 46
12 16
12 35
12 41
12 42
13 17
13 18
13 19
13 31
14 16
14 21
14 33
14 39
14 46
15 17
15 23
15 45
15 48
16 19
16 21
16 27
16 35
16 45
16 46
16 49
17 33
17 34
17 35
17 41
18 21
18 22
18 33
18 43
18 44
19 24
19 25
19 26
19 41
19 44
19 48
19 49
20 39
20 45
20 46
21 23
21 30
21 31
21 37
21 38
21 39
21 42
22 25
22 30
22 34
22 36
22 40
22 47
22 49
23 33
23 36
23 43
24 38
25 28
25 33
25 34
25 38
25 44
26 29
26 33
26 36
26 40
27 43
27 44
27 48
28 38
28 39
28 45
29 31
29 34
30 34
30 36
30 41
30 46
31 40
31 41
31 48
32 38
34 42
34 47
35 37
35 41
35 42
35 46
36 37
36 47
37 39
38 44
39 40
40 46
42 44
42 46
43 46
45 48
