0
50
251
0
1
0
0 17
0 35
0 37
0 39
0 42
0 46
1 3
1 8
1 12
1 13
1 24
1 25
1 39
1 40
1 43
2 5
2 7
2 8
2 15
2 16
2 17
2 18
2 22
2 27
2 39
2 42
3 9
3 12
3 15
3 17
3 18
3 19
3 24
3 31
3 33
3 38
3 46
3 49
4 6
4 7
4 10
4 16
4 19
4 20
4 28
4 33
4 41
4 43
4 45
4 46
5 8
5 11
5 13
5 17
5 20
5 22
5 24
5 36
5 43
5 46
5 47
6 13
6 16
6 17
6 25
6 30
6 40
6 42
6 49
7 9
7 12
7 13
7 18
7 20
7 26
7 29
7 32
7 33
7 40
7 43
7 48
7 49
8 10
8 12
8 16
8 18
8 19
8 24
8 27
8 30
8 31
8 40
8 42
8 43
9 17
9 38
9 43
9 45
9 47
9 49
10 14
10 15
10 17
10 19
10 31
10 41
11 19
11 20
11 28
11 41
11 43
11 48
12 14
12 24
12 30
12 41
12 45
12 46
13 14
13 21
13 22
13 27
13 34
13 38
13 39
13 41
13 47
14 16
14 17
14 18
14 25
14 42
14 44
14 45
14 48
15 16
15 24
15 26
15 30
15 36
15 38
15 41
16 17
16 23
16 25
16 26
16 27
16 33
16 34
16 36
17 18
17 22
17 25
17 29
17 36
17 40
18 26
18 28
18 41
18 48
19 26
19 27
19 31
19 35
19 44
19 48
20 21
20 28
20 34
20 36
20 37
20 41
20 42
20 45
20 46
20 47
21 27
21 30
21 42
21 46
21 47
22 23
22 29
22 33
22 36
22 38
22 39
22 44
22 45
23 26
23 32
23 35
24 36
24 37
24 44
24 49
25 26
25 39
25 48
25 49
26 27
26 32
26 34
26 40
26 41
26 45
26 49
27 48
27 49
28 35
28 38
28 42
28 48
29 32
29 34
29 41
29 42
30 37
30 41
30 44
30 49
31 35
31 37
31 38
31 44
31 45
32 42
32 48
33 34
33 35
33 49
34 36
34 41
34 47
34 48
35 36
35 37
36 38
36 43
37 38
38 39
38 47
39 42
40 45
41 46
43 46
45 48
45 49
46 47
46 48
47 48
