0
50
139
0
1
0
0 4
0 26
0 40
0 45
1 3
1 9
1 13
1 18
1 28
1 33
1 39
2 31
2 33
2 41
2 42
3 8
3 11
3 12
3 14
3 43
3 47
4 10
4 16
4 18
4 24
4 28
4 32
4 46
5 10
5 43
6 9
6 11
6 21
6 23
6 32
6 37
6 38
6 40
6 44
6 48
7 40
8 23
9 24
9 34
9 38
9 43
10 11
10 12
10 17
10 28
10 29
11 12
11 38
12 26
12 28
12 30
12 38
12 40
12 42
12 46
13 20
13 22
13 25
13 26
13 42
14 27
14 42
14 45
15 22
15 27
15 43
15 44
15 45
16 19
16 37
16 44
17 20
17 33
17 35
17 36
17 43
17 45
19 41
20 32
20 47
21 48
22 42
22 43
22 46
23 25
23 29
23 31
23 33
23 42
23 49
24 29
24 44
25 28
25 31
25 32
25 41
25 47
25 49
26 32
26 45
27 29
27 30
27 32
27 33
27 34
27 35
28 29
28 32
28 37
28 40
28 43
28 46
29 30
31 35
31 36
31 49
32 33
32 43
33 34
33 35
33 36
34 37
34 44
34 47
35 36
35 40
35 49
38 46
38 48
41 47
41 49
42 45
42 46
45 48
