0
50
107
0
1
0
0 4
0 17
0 23
0 33
0 39
1 5
1 7
1 11
1 28
1 47
2 13
2 17
2 43
2 49
3 8
3 13
3 26
3 47
4 15
4 28
4 48
5 12
5 17
5 28
5 36
5 48
6 7
6 13
6 14
6 18
6 30
7 8
7 10
7 20
7 27
7 34
7 42
8 28
8 36
8 46
9 20
9 26
9 40
10 29
10 32
10 37
10 39
10 44
11 25
12 15
12 28
12 46
13 20
13 22
13 28
13 33
13 43
14 34
14 44
15 39
16 22
16 31
16 35
17 20
17 26
17 31
17 41
18 32
18 43
18 47
19 39
20 39
21 28
21 30
21 39
21 42
21 44
21 47
24 46
25 35
25 39
25 41
26 32
26 40
26 43
27 32
27 48
30 38
30 41
30 47
31 34
32 36
32 39
34 35
34 37
35 38
36 42
37 42
39 45
40 44
40 45
40 46
41 42
41 44
43 49
44 45
47 49
