0
50
146
0
1
0
0 5
0 11
0 17
0 25
0 37
0 47
1 12
1 17
1 18
1 20
1 40
1 41
1 43
1 47
2 5
2 7
2 13
2 15
2 30
3 16
3 48
3 49
4 13
4 24
4 25
4 26
4 31
4 34
4 35
4 44
4 46
5 10
5 13
5 27
5 30
5 31
5 33
5 48
6 14
6 15
6 18
6 25
6 26
6 33
6 36
6 45
7 15
7 19
7 22
7 25
7 33
7 42
8 19
8 29
8 32
8 40
8 44
9 11
9 19
9 28
9 31
9 37
9 38
9 39
9 42
9 43
9 44
9 49
10 13
10 43
10 47
11 16
11 23
11 49
12 13
12 24
13 23
13 30
14 28
14 46
14 47
15 43
16 29
16 35
17 49
18 21
18 23
18 29
18 46
19 20
20 27
20 36
20 47
21 25
21 26
21 44
21 46
22 31
22 35
22 42
22 46
24 27
24 39
24 43
25 47
25 48
26 27
26 31
26 36
26 44
26 46
27 30
27 33
27 43
28 39
28 41
28 48
29 30
29 36
29 46
30 35
30 40
31 32
31 39
32 38
33 47
34 45
34 48
35 37
35 48
36 46
38 42
39 45
40 41
40 42
40 43
41 42
42 43
42 44
43 47
43 49
44 45
44 47
44 48
44 49
48 49
