0
50
131
0
1
0
0 3
0 13
0 14
0 18
0 36
1 4
1 18
1 41
2 3
2 12
2 42
2 46
3 13
3 15
3 19
3 24
3 30
3 40
4 20
4 25
4 30
4 37
5 18
5 41
5 45
6 10
6 16
6 21
6 31
7 28
7 31
8 9
8 15
8 16
8 26
8 27
8 30
8 41
8 45
9 12
9 24
9 35
9 37
9 44
10 14
10 40
11 25
11 32
11 34
11 47
12 23
12 26
13 16
13 19
13 28
13 32
13 40
14 17
14 21
14 25
14 31
14 38
14 43
15 22
15 38
15 43
16 28
16 42
16 48
17 18
17 25
17 29
17 35
18 33
18 35
18 45
19 24
19 30
19 33
19 36
19 38
19 40
19 45
20 36
20 38
20 44
20 49
21 44
21 47
21 49
22 25
22 28
22 32
22 38
22 42
22 44
23 29
23 34
23 41
23 43
24 28
24 29
24 31
24 43
24 46
24 47
24 49
25 27
25 35
25 39
25 40
25 47
26 27
26 30
27 39
27 49
28 32
29 49
30 47
31 43
32 47
33 49
35 37
36 40
36 44
39 42
39 44
40 49
42 48
43 45
47 48
