0
50
108
0
1
0
0 5
0 20
0 23
0 24
1 8
1 16
1 43
2 47
3 7
3 13
3 27
3 35
4 5
4 14
4 15
4 16
4 19
4 25
4 30
4 43
5 9
5 15
5 22
5 33
6 25
6 38
7 9
7 12
7 20
7 28
7 44
8 25
8 27
8 32
9 15
9 18
9 44
10 20
10 40
11 24
11 25
11 37
11 47
12 17
12 23
12 28
12 35
12 41
12 49
13 40
13 47
14 16
14 34
14 42
14 47
15 26
15 29
15 39
15 46
17 20
17 24
17 32
18 22
18 33
18 39
19 20
19 23
19 45
21 24
21 41
22 34
24 25
25 39
25 41
26 28
26 30
26 32
27 46
27 49
28 31
28 35
28 36
28 43
29 39
29 42
30 38
30 41
31 45
33 41
34 35
34 38
34 49
35 44
36 37
37 38
37 44
37 46
37 48
39 40
40 42
40 44
40 45
40 47
41 46
41 49
42 47
45 47
47 49
