0
50
113
0
1
0
0 11
0 13
0 23
0 28
0 33
0 35
0 49
1 17
1 22
1 34
2 17
2 25
2 42
3 16
3 18
4 17
4 33
4 40
4 49
5 26
6 12
6 29
6 41
6 43
7 10
7 30
7 31
8 12
8 27
9 19
9 31
9 49
10 12
10 20
10 26
10 35
10 36
10 43
10 49
11 35
11 37
12 26
12 32
12 33
12 38
13 25
13 32
13 39
13 43
14 15
14 37
14 38
14 43
14 46
15 33
15 44
15 46
15 49
16 18
16 20
16 30
16 38
16 40
16 42
18 22
19 34
19 37
19 45
19 47
21 24
22 34
22 45
23 35
23 46
24 26
24 33
24 41
24 44
25 34
25 46
26 30
27 28
27 34
27 46
27 47
28 33
28 34
29 46
30 32
30 33
30 39
30 40
30 42
30 44
30 47
31 42
31 43
31 45
31 46
32 47
33 38
33 41
33 43
34 37
36 44
38 46
40 46
41 45
41 49
42 45
44 45
45 46
48 49
