0
50
197
0
1
0
0 2
0 16
0 22
0 27
0 46
1 2
1 4
1 13
1 32
1 41
1 42
1 44
1 46
1 49
2 3
2 7
2 14
2 30
2 36
2 44
3 7
3 9
3 13
3 20
3 24
3 33
3 39
3 44
4 5
4 7
4 10
4 14
4 18
4 26
4 38
4 41
4 48
5 7
5 9
5 17
5 18
5 35
5 38
5 42
5 46
5 49
6 9
6 10
6 24
6 25
6 30
6 41
7 28
7 37
8 9
8 14
8 15
8 33
8 35
8 37
8 40
8 47
8 49
9 19
9 21
9 24
9 29
9 35
9 37
9 38
9 39
9 40
9 43
10 12
10 17
10 37
10 41
10 44
10 47
11 14
11 15
11 20
11 21
11 22
11 39
11 46
11 48
12 13
12 14
12 16
12 18
12 21
12 26
12 42
13 14
13 23
13 40
13 41
13 43
13 49
14 18
14 21
14 23
14 25
14 42
14 45
15 16
15 17
15 20
15 26
15 29
15 49
16 22
16 25
16 34
16 43
17 29
17 35
17 39
17 42
17 48
17 49
18 21
18 22
18 42
19 40
19 43
19 47
20 31
20 33
20 37
20 43
20 44
20 47
21 32
21 45
21 49
22 23
22 33
22 44
23 31
23 33
23 39
24 27
24 43
25 38
25 39
25 40
26 29
26 39
28 37
28 38
28 43
28 46
28 49
29 39
29 44
29 45
29 46
29 49
30 39
30 43
30 45
31 37
31 40
31 41
32 37
32 46
33 43
33 44
33 48
34 41
34 43
34 46
34 47
34 48
35 40
35 42
35 47
36 37
36 38
36 49
37 40
37 45
37 47
37 48
38 46
39 41
39 42
40 45
40 47
41 47
42 43
42 44
43 47
45 47
47 48
