0
50
167
0
1
0
0 1
0 10
0 17
0 20
0 22
0 42
0 46
1 3
1 8
1 24
1 26
1 37
1 46
2 11
2 20
2 30
2 32
2 36
2 48
3 5
3 10
3 11
3 34
4 6
4 20
4 24
4 25
4 30
4 34
4 37
4 38
4 42
5 9
5 10
5 34
5 47
6 10
6 13
6 20
6 24
6 26
6 28
6 29
6 36
6 42
6 48
7 9
7 24
7 43
7 49
8 22
8 24
8 26
8 43
9 14
9 28
10 16
10 18
10 48
11 15
11 25
11 29
11 35
12 16
12 18
12 21
12 42
12 45
12 48
13 14
13 21
13 23
13 25
13 27
13 35
13 48
14 20
14 30
14 40
14 44
14 49
15 21
15 33
15 40
15 44
16 28
16 30
16 31
16 39
16 47
16 48
17 29
17 35
17 43
17 46
18 23
18 26
18 27
18 29
18 41
19 23
19 29
19 41
19 49
20 25
20 27
20 36
20 42
20 46
21 22
21 24
21 25
21 26
21 34
21 39
21 40
21 47
22 27
22 29
22 33
22 46
23 32
23 33
23 39
23 49
24 37
24 42
25 38
25 49
26 37
26 40
27 47
28 35
28 39
28 44
29 35
29 36
30 31
30 37
30 42
30 44
30 47
31 43
32 47
33 48
34 41
34 42
34 43
34 45
35 41
35 48
35 49
36 40
38 39
38 47
39 44
39 46
39 47
42 48
43 45
43 46
44 49
45 46
45 47
45 48
46 48
47 48
