0
1000
3763
0
1
0
0 212
0 223
0 715
0 804
0 851
1 40
1 308
1 318
1 627
1 673
1 694
1 844
1 865
1 942
1 943
1 955
1 994
2 226
2 280
2 463
2 886
3 42
3 165
3 241
3 305
3 351
3 504
3 615
3 709
3 724
3 820
3 841
3 878
4 19
4 359
4 464
4 533
4 791
4 893
5 57
5 151
5 196
5 231
5 431
5 434
5 484
5 586
5 844
5 891
5 909
5 937
5 967
6 238
6 273
6 300
6 309
6 320
6 362
6 653
6 677
6 830
6 925
7 10
7 47
7 415
7 609
7 675
7 752
7 835
7 871
8 175
8 375
8 441
8 636
9 10
9 53
9 174
9 208
9 689
9 698
9 770
9 791
9 979
10 14
10 587
10 679
10 897
10 990
11 53
11 161
11 225
11 558
12 106
12 125
12 133
12 220
12 316
12 475
12 652
12 942
13 66
13 298
13 690
13 796
13 942
14 119
14 452
14 454
14 525
14 608
14 724
14 807
15 31
15 92
15 168
15 191
15 228
15 385
15 568
15 717
15 750
15 908
15 921
15 942
16 179
16 661
16 983
17 66
17 205
17 529
18 23
18 51
18 54
18 92
18 143
18 246
18 443
18 666
18 667
18 747
18 858
18 977
19 70
19 294
19 345
19 354
19 388
19 797
19 914
20 60
20 164
20 323
20 475
20 704
20 786
20 941
21 254
21 416
21 657
21 876
22 55
22 137
22 153
22 266
22 474
22 660
22 721
22 790
23 33
23 104
23 117
23 237
23 353
23 823
23 940
23 982
24 166
24 229
24 255
24 402
24 432
24 434
24 514
24 525
24 625
24 764
24 866
24 946
24 975
25 187
25 358
25 381
25 688
25 833
25 910
25 911
25 947
26 57
26 60
26 247
26 341
26 689
26 795
26 995
27 279
27 334
27 369
27 424
27 428
27 683
28 182
28 233
28 571
28 991
29 31
29 110
29 126
29 407
29 474
29 538
29 614
29 659
30 287
30 857
31 113
31 156
31 283
31 356
31 380
31 396
31 651
31 725
31 736
31 745
31 914
32 40
32 42
32 122
32 194
32 468
32 822
32 987
33 187
33 512
33 549
33 634
33 901
33 987
34 158
34 539
34 621
34 909
35 122
35 149
35 300
35 327
35 375
35 562
35 706
35 753
35 900
35 955
35 968
36 277
36 463
36 530
36 732
36 743
36 806
36 814
36 976
37 56
37 226
37 229
37 303
37 724
37 808
38 68
38 240
38 410
38 488
38 527
38 664
38 685
38 738
38 929
39 188
39 241
39 277
39 407
39 827
39 936
39 975
40 452
40 671
40 748
41 191
41 198
41 207
41 261
41 381
41 579
41 669
41 803
41 812
41 940
41 975
41 988
42 57
42 130
42 134
42 149
42 430
42 732
42 754
42 846
42 886
42 896
43 125
43 151
43 179
43 182
43 230
43 398
43 655
43 936
44 392
44 545
44 615
44 643
44 817
45 154
45 362
45 457
45 585
45 625
45 729
46 364
46 432
46 568
46 611
46 638
46 937
47 136
47 275
47 482
47 549
47 739
48 195
48 200
48 273
48 277
48 373
48 394
48 417
48 509
48 630
48 728
49 57
49 792
49 897
50 655
50 725
50 766
50 785
50 980
51 138
51 157
51 195
51 209
51 311
51 316
51 325
51 527
51 535
51 539
51 696
51 930
51 974
52 299
52 592
52 655
52 668
52 767
53 113
53 322
53 372
53 574
53 597
53 628
53 646
53 650
53 665
53 876
53 961
54 82
54 362
54 429
54 462
54 475
54 740
54 951
54 958
55 57
55 310
55 575
55 581
55 587
55 785
55 823
55 877
56 219
56 242
56 492
56 665
56 736
57 510
57 650
57 953
58 167
58 290
58 333
58 564
58 653
58 700
58 768
58 940
58 961
58 967
59 140
59 142
59 297
59 428
59 567
59 579
59 803
59 848
60 120
60 176
60 328
60 643
60 838
60 900
60 908
61 362
61 532
61 541
61 644
61 777
61 913
61 976
62 273
62 295
62 348
62 760
62 778
62 984
63 233
63 291
63 309
63 343
63 480
63 526
63 718
63 904
64 272
64 405
64 505
64 737
64 935
65 120
65 320
65 376
65 481
65 494
65 559
65 618
65 787
65 877
65 951
66 392
67 72
67 247
67 591
67 654
67 665
67 965
68 94
68 118
68 212
68 847
68 887
68 904
69 164
69 412
69 660
69 695
69 841
69 856
70 146
70 175
70 179
70 912
70 962
71 255
71 594
71 641
71 704
71 799
71 828
71 851
71 852
71 944
71 971
72 163
72 185
72 257
72 418
72 484
72 694
72 768
72 807
72 863
73 137
73 198
73 685
73 787
74 228
74 293
74 354
74 363
74 960
75 441
75 459
75 523
75 614
75 964
75 999
76 80
76 218
76 250
76 363
76 517
76 522
76 552
76 604
76 879
76 886
76 935
77 310
77 440
77 934
77 937
78 158
78 355
78 445
78 604
78 616
78 717
78 868
79 410
79 544
79 730
79 998
80 163
80 187
80 280
80 788
80 855
81 89
81 160
81 354
81 368
81 588
81 760
81 870
82 285
82 317
82 435
82 732
82 737
82 826
83 117
83 214
83 243
83 251
83 471
83 515
83 523
83 653
83 741
83 792
83 967
84 186
84 222
84 265
84 369
84 618
84 916
85 121
85 168
85 254
85 528
85 569
85 679
85 936
86 126
86 255
86 256
86 389
86 468
86 540
86 646
86 709
86 746
86 915
86 974
87 141
87 211
87 228
87 739
87 784
87 865
87 924
88 161
88 181
88 331
88 416
88 635
88 727
88 796
89 394
89 414
89 593
89 821
89 976
90 130
90 242
90 298
90 319
90 505
90 946
90 992
91 417
91 465
91 591
91 722
91 818
91 950
92 306
92 314
92 327
92 617
92 921
92 970
93 146
93 409
93 456
93 520
93 611
93 719
93 784
94 113
94 196
94 452
94 943
95 498
95 607
95 688
95 882
96 99
96 429
96 835
97 661
97 708
97 864
97 875
98 221
98 280
98 299
98 399
98 484
98 528
99 237
99 305
99 381
99 545
99 651
99 671
99 771
99 805
99 897
100 103
100 114
100 231
100 349
100 375
100 447
100 537
100 546
100 576
100 715
100 720
100 818
101 244
101 351
101 366
101 417
101 651
101 820
101 865
101 904
102 176
102 188
102 214
102 566
102 594
102 597
102 627
102 698
102 786
102 830
103 322
103 466
103 471
103 475
103 539
103 678
103 762
103 885
104 105
104 121
104 702
104 792
104 964
105 116
105 122
105 183
105 207
105 502
105 546
105 599
105 705
105 961
105 978
106 108
106 137
106 215
106 217
106 233
106 264
106 666
106 704
107 142
107 247
107 364
107 371
107 379
107 530
107 649
107 718
107 803
107 809
107 901
107 975
108 187
108 236
108 291
108 298
108 326
108 329
108 414
108 425
108 426
108 577
108 655
108 972
108 979
109 366
109 669
109 768
110 169
110 178
110 273
110 459
110 778
111 134
111 655
111 698
112 184
112 383
112 406
112 474
112 475
112 531
112 791
112 899
113 169
113 719
113 971
113 974
114 164
114 201
114 231
114 362
114 414
114 457
114 749
114 790
114 883
114 905
114 950
115 149
115 288
115 463
115 471
115 489
115 502
115 592
115 819
115 940
116 129
116 437
116 524
116 783
116 789
116 865
116 879
116 919
117 127
117 188
117 460
118 150
118 177
118 533
118 937
119 470
119 494
119 534
119 747
119 803
120 134
120 403
120 451
120 557
120 596
120 638
120 643
120 686
120 908
120 983
121 187
121 248
121 269
121 428
121 619
121 842
122 260
122 296
122 367
122 409
122 772
122 872
122 909
123 134
123 193
123 514
123 784
123 848
123 969
123 995
124 178
124 461
124 619
124 674
124 707
124 824
124 987
125 138
125 346
125 392
125 659
125 771
126 318
126 444
126 696
126 723
126 761
126 814
126 892
126 899
126 949
127 379
127 769
128 203
128 292
128 994
129 194
129 245
129 542
129 570
129 817
129 989
130 196
130 281
130 302
130 351
130 434
130 902
131 154
131 158
131 238
131 378
131 426
131 644
131 684
131 703
131 859
132 243
132 632
132 867
133 388
133 412
133 415
133 460
133 485
133 878
133 961
133 994
134 240
134 250
134 314
134 391
134 576
134 740
134 767
134 826
134 895
134 972
135 158
135 179
135 439
135 529
135 535
135 630
135 685
135 785
135 964
136 162
136 396
136 542
136 667
136 960
136 989
137 263
137 532
137 576
137 623
137 730
138 166
138 443
138 460
138 503
138 568
138 836
139 304
139 431
139 455
139 483
139 596
139 636
139 642
139 649
139 705
139 894
139 969
139 988
140 219
140 367
140 448
140 939
140 960
141 173
141 438
141 622
141 676
141 779
141 788
141 843
141 860
141 907
142 242
142 717
142 964
143 207
143 239
143 404
143 490
143 496
143 509
143 689
143 772
144 145
144 175
144 328
144 336
144 383
144 427
144 932
145 157
145 294
145 312
145 319
145 333
145 590
145 643
145 690
145 699
145 864
145 927
146 390
146 554
146 764
146 947
147 155
147 202
147 243
147 356
147 590
147 938
148 401
148 437
148 525
148 551
148 643
148 779
149 365
149 487
149 545
149 849
149 984
150 174
150 216
150 290
150 669
150 893
150 971
151 205
151 473
151 496
151 506
151 530
151 656
151 750
151 881
151 971
152 294
152 456
152 710
152 745
152 941
152 986
153 276
153 441
153 526
153 676
153 733
153 931
153 975
153 983
154 156
154 210
154 307
154 359
154 516
154 783
154 940
155 364
155 367
155 376
155 608
155 862
155 892
156 222
156 322
156 329
156 370
156 386
156 805
157 394
157 658
157 664
157 906
157 910
158 239
158 248
158 409
158 474
158 642
158 734
158 759
158 877
159 269
159 368
159 586
159 615
159 744
159 815
159 864
159 872
159 968
159 985
160 305
160 495
160 560
160 831
160 995
161 194
161 264
161 376
161 923
162 304
162 325
162 766
162 780
162 851
162 980
163 427
163 537
163 558
163 697
163 926
164 267
164 570
164 891
164 912
165 214
165 558
165 757
165 812
165 834
166 305
166 474
166 520
166 587
166 657
166 700
166 735
166 892
167 500
167 521
167 901
167 917
168 222
168 279
168 362
168 712
168 777
168 881
168 952
169 246
169 666
169 691
169 874
169 908
169 974
170 213
170 519
170 673
170 758
170 771
170 851
170 887
170 941
171 196
171 330
171 490
171 749
171 812
171 951
171 994
171 995
172 200
172 409
172 511
172 514
172 879
173 351
173 368
173 719
173 747
173 936
174 408
174 514
174 867
175 589
175 869
175 894
176 179
176 195
176 201
176 344
176 643
176 836
176 899
176 909
177 337
177 345
177 485
177 490
177 693
177 699
177 754
177 965
177 982
178 216
178 240
178 606
178 610
178 696
178 697
178 814
178 842
179 385
179 609
179 791
179 955
180 397
180 533
180 632
180 762
180 802
180 842
180 877
180 893
180 930
180 948
180 949
181 218
181 228
181 271
181 330
181 585
181 866
182 529
182 597
182 606
182 616
182 655
182 674
182 953
183 528
183 571
183 669
183 687
183 774
183 815
184 286
184 491
184 585
184 728
185 194
185 217
185 284
185 363
185 413
185 436
185 438
185 882
185 906
186 209
186 278
186 297
186 456
186 627
186 711
186 830
186 948
187 595
187 981
188 269
188 569
188 570
188 672
188 788
188 874
188 916
189 290
189 335
189 467
189 636
189 750
190 215
190 267
190 519
190 521
190 522
190 627
190 754
190 832
191 369
191 391
191 478
191 832
192 365
192 473
192 483
192 589
192 726
192 731
192 915
192 921
192 929
192 976
193 301
193 358
193 440
193 491
193 609
193 623
193 641
193 827
193 989
194 291
194 459
194 578
194 625
194 858
194 925
195 339
195 417
195 507
195 759
195 802
195 965
195 984
196 530
196 805
196 987
197 393
197 482
197 503
197 557
197 702
197 738
198 348
198 442
199 227
199 345
199 464
199 619
199 685
200 449
200 495
200 594
200 709
200 770
200 895
200 983
201 374
201 784
202 266
202 373
202 460
202 854
202 964
202 965
203 261
203 350
203 755
203 782
204 320
204 337
204 358
204 432
204 616
204 849
204 896
204 932
204 999
205 264
205 320
205 341
205 356
205 489
205 517
205 520
205 541
205 675
205 815
206 408
207 214
207 238
207 251
207 358
207 544
207 545
207 615
207 639
207 810
207 851
207 868
207 916
207 941
208 487
208 554
208 643
208 647
208 871
208 919
209 788
210 423
210 577
210 646
210 737
210 984
211 424
211 734
211 812
211 820
211 909
211 999
212 335
212 940
213 308
213 378
213 561
213 942
214 287
214 548
214 649
215 319
215 376
215 454
215 508
215 542
215 549
215 605
215 615
215 919
216 369
216 522
216 900
216 984
217 252
217 489
217 551
217 677
217 678
217 929
218 244
218 346
218 590
219 337
219 531
219 589
219 656
219 671
219 738
219 804
219 832
219 835
219 866
219 882
220 269
220 503
220 779
221 383
221 499
222 284
222 476
222 552
222 569
222 617
222 840
222 869
222 963
222 967
223 256
223 438
223 524
223 650
223 687
223 691
223 726
224 274
224 372
224 415
224 673
224 688
224 717
224 901
224 934
225 299
225 323
225 596
225 659
225 740
225 944
226 242
226 507
226 532
226 691
226 832
226 843
226 880
227 243
227 998
228 248
228 249
228 278
228 315
228 532
228 790
228 917
229 368
229 496
229 584
229 590
229 680
229 805
229 994
230 253
230 303
230 487
230 545
230 908
231 391
231 438
231 491
231 768
231 988
231 993
232 413
232 620
232 681
232 919
233 432
233 511
233 963
233 971
234 442
234 529
234 578
234 614
234 755
234 935
235 260
235 313
235 376
235 585
235 604
235 767
235 778
235 785
235 859
235 981
236 299
236 483
236 748
237 241
237 376
237 574
237 703
237 811
238 337
238 349
238 600
238 610
239 244
239 304
239 337
239 570
239 597
239 851
239 920
239 967
240 420
240 665
240 820
240 951
241 279
241 313
241 518
241 785
242 333
242 396
242 474
242 635
242 641
242 859
243 329
243 605
243 639
243 692
244 338
244 619
244 649
244 984
245 281
245 296
245 625
245 872
245 956
246 297
246 470
246 507
246 670
246 936
247 261
247 356
247 403
247 437
247 497
247 541
247 579
248 422
248 981
248 982
249 295
249 335
249 580
249 632
249 859
249 906
250 404
250 475
250 594
250 604
250 892
250 925
251 275
251 299
251 313
251 361
251 396
251 437
251 491
251 541
251 559
251 606
251 626
251 677
251 750
252 305
252 354
252 448
252 534
252 556
252 972
253 300
253 312
253 332
253 394
253 465
253 523
253 796
253 875
253 973
254 294
254 309
254 337
254 340
254 365
254 368
254 371
254 375
254 457
254 529
254 552
254 598
254 726
254 772
254 794
255 289
255 300
255 400
255 603
255 661
255 855
256 292
256 433
256 473
256 583
256 892
257 519
257 750
258 273
258 274
258 286
258 442
258 523
258 867
258 908
258 910
258 945
259 260
259 430
259 455
259 477
259 684
259 991
260 594
260 686
261 267
261 471
261 574
261 585
261 740
261 815
262 284
262 358
262 367
262 373
262 727
262 845
262 901
262 999
263 556
263 815
264 697
264 908
265 920
265 979
266 338
266 401
267 398
268 535
268 573
268 816
268 832
268 933
269 918
269 986
270 717
270 885
270 942
270 990
271 445
271 555
271 667
272 612
272 790
272 975
273 317
273 672
273 763
273 779
273 819
274 422
274 752
274 972
275 354
275 488
275 506
275 535
275 746
275 901
276 314
276 438
276 448
276 451
276 798
276 827
276 858
277 345
277 398
277 437
277 506
277 758
277 842
278 500
278 519
278 625
278 920
278 969
279 333
279 417
279 454
279 631
279 643
279 654
279 995
280 368
280 554
280 639
280 788
280 792
280 794
280 854
280 921
280 980
281 297
281 316
281 794
282 386
282 470
282 760
283 456
283 469
283 484
283 546
283 619
283 642
283 859
283 958
284 504
284 521
284 584
284 828
284 947
284 994
284 995
285 369
285 403
285 472
285 621
285 682
285 972
286 582
286 907
287 385
287 415
287 634
287 898
288 291
288 373
288 435
288 849
288 911
288 967
289 515
289 679
289 827
289 848
289 974
289 993
290 293
290 296
290 313
290 423
290 499
290 538
290 588
290 651
290 838
291 540
291 601
291 662
291 756
291 918
291 922
292 322
292 348
292 386
292 434
292 457
292 877
293 298
293 344
293 501
293 573
293 788
293 929
294 444
294 578
294 633
294 649
294 735
294 785
294 830
294 853
295 307
295 421
295 855
296 401
296 557
296 578
296 861
296 928
297 304
297 333
297 482
297 779
297 796
297 840
297 848
297 945
297 947
298 326
298 555
298 739
298 740
298 878
299 303
299 703
299 997
300 619
300 667
300 802
301 580
301 911
301 939
301 942
302 335
302 504
302 536
302 594
302 753
302 923
302 947
302 995
303 311
303 567
303 657
303 820
303 895
304 498
304 737
304 798
304 823
304 924
305 314
305 319
305 385
305 444
305 818
305 879
305 994
306 739
306 800
306 807
307 327
307 437
307 549
307 608
307 614
307 738
307 782
307 809
307 851
307 877
307 910
308 503
308 598
308 621
308 877
309 332
309 546
309 601
309 836
310 371
310 549
310 606
310 746
310 903
310 910
310 916
310 992
311 377
311 557
311 851
311 955
312 361
312 690
312 717
312 777
313 334
313 390
313 642
313 769
313 780
313 802
313 877
313 994
314 593
314 730
314 854
315 469
315 776
315 862
315 955
316 354
316 462
317 769
318 463
318 497
318 537
318 693
318 898
319 354
319 450
319 489
319 536
319 623
319 671
320 341
320 366
320 401
320 461
320 476
320 499
320 774
320 907
320 910
321 481
321 557
321 636
321 844
322 871
322 956
323 374
323 384
323 839
323 882
323 887
323 909
323 980
324 328
324 388
324 415
324 417
324 445
324 448
324 638
324 720
325 334
325 370
325 527
325 645
325 777
325 841
325 966
325 990
326 477
326 674
327 364
327 492
327 922
328 440
328 548
328 936
328 969
329 414
329 735
329 811
329 821
329 843
329 880
330 582
330 690
330 695
330 716
331 460
331 528
332 410
332 568
332 798
332 804
332 999
333 509
333 894
333 924
334 607
334 717
334 818
334 936
334 992
335 345
335 489
335 550
335 637
335 658
335 795
335 798
335 832
335 910
335 945
336 359
336 511
336 554
336 943
337 339
337 411
337 520
337 656
337 910
337 937
338 442
338 485
338 520
338 606
338 734
338 768
338 801
338 887
339 344
339 376
339 489
339 543
339 739
339 907
340 552
340 685
340 995
341 405
341 499
341 507
341 878
341 937
341 960
341 987
342 347
342 440
342 966
343 415
343 443
343 446
343 507
343 571
343 606
343 759
344 830
344 891
344 999
345 651
345 840
345 864
345 946
345 969
346 550
346 745
346 937
347 348
347 718
347 857
348 351
348 734
348 762
348 765
348 779
348 799
348 857
349 569
349 587
349 629
349 646
349 860
350 392
350 501
350 529
350 623
350 647
350 761
350 788
350 812
350 992
351 513
351 774
351 825
351 939
352 487
352 745
352 775
353 355
353 396
353 838
353 940
353 970
354 400
354 704
354 912
354 983
355 379
355 403
355 464
355 505
355 700
355 800
355 872
355 875
356 615
356 619
356 928
356 932
357 398
357 598
357 750
357 822
357 982
358 705
358 822
358 840
358 951
359 393
359 416
359 537
359 541
359 979
360 428
360 494
360 586
360 635
360 704
360 714
360 856
361 420
361 421
361 574
361 717
361 760
361 782
361 799
361 992
362 922
362 964
363 530
363 810
363 905
363 917
364 477
364 600
364 863
364 928
364 957
365 455
365 526
365 575
366 377
366 390
366 548
366 731
366 850
366 881
366 888
366 970
367 397
367 587
367 848
367 889
367 968
368 670
368 823
368 865
368 887
368 966
369 396
369 473
369 606
369 607
369 716
369 869
369 935
370 613
370 635
370 781
371 458
371 876
371 952
372 997
373 403
373 449
373 600
373 695
373 874
374 517
374 573
374 794
374 858
374 953
375 395
375 419
375 451
375 545
375 862
375 976
376 399
376 482
376 599
376 661
376 895
376 922
377 499
377 685
377 724
378 621
378 748
378 752
378 840
378 908
379 401
379 804
379 986
380 444
380 547
380 580
380 582
380 619
380 832
381 393
381 491
381 521
381 759
381 762
382 684
382 767
382 793
382 903
382 949
382 963
383 502
383 682
383 717
383 739
383 820
384 388
384 477
384 497
384 929
385 593
385 665
385 696
385 800
385 986
386 389
386 415
386 523
386 690
386 779
386 847
386 855
386 881
386 896
387 519
387 558
387 772
388 488
388 540
388 599
388 718
388 726
388 984
388 986
388 993
389 437
389 625
389 654
389 788
389 839
389 877
389 991
390 430
390 611
390 655
390 711
391 442
391 713
391 724
392 399
392 419
392 466
392 475
392 524
392 551
392 647
392 938
393 436
393 502
393 537
393 573
393 721
393 949
394 695
394 796
394 931
394 937
394 940
395 440
395 476
395 482
395 701
395 728
396 408
396 818
397 402
397 647
397 680
397 802
398 546
398 605
399 405
399 726
399 911
399 982
400 507
400 557
400 788
400 885
400 936
401 635
401 843
401 880
401 964
402 477
402 529
402 535
402 990
403 866
403 964
404 441
404 476
404 753
404 862
404 942
405 607
405 741
406 480
406 486
406 612
406 653
406 818
406 887
406 939
406 967
407 412
407 859
408 434
408 468
408 498
408 777
409 505
409 801
409 896
409 992
410 746
410 782
411 453
411 544
411 579
411 596
411 705
411 877
411 903
411 953
412 455
412 498
412 755
412 888
413 670
413 738
414 637
414 796
414 874
414 876
414 964
415 445
415 563
415 579
415 886
415 921
415 929
415 976
416 750
416 781
416 950
417 566
417 805
417 892
417 895
418 979
419 539
419 706
419 891
419 974
419 998
420 497
420 570
420 838
421 445
421 533
421 840
422 586
422 627
422 724
423 467
423 514
423 816
423 873
424 425
424 462
424 543
424 586
424 836
424 842
424 862
424 937
425 542
425 696
425 710
425 735
425 801
425 805
425 834
425 962
425 994
426 486
426 736
426 942
426 950
427 630
427 632
427 817
427 884
427 983
428 641
428 643
428 740
428 741
429 520
429 527
429 653
429 941
430 462
430 548
430 678
430 720
430 837
430 859
431 777
431 878
432 451
432 535
432 758
432 926
433 639
433 703
433 732
433 738
433 953
434 491
434 756
434 829
434 853
434 925
435 453
435 515
435 522
435 556
435 865
435 924
436 582
436 822
436 923
436 958
436 988
437 595
437 598
437 602
437 604
437 616
437 646
437 720
437 804
438 571
438 657
438 779
438 805
438 824
438 889
438 913
439 488
439 765
439 766
439 810
439 876
440 814
441 456
441 788
441 866
442 589
442 624
442 728
442 811
442 844
442 887
443 677
443 726
443 764
443 811
443 855
444 487
444 839
444 896
444 950
445 528
445 721
446 765
446 861
447 465
447 483
447 655
447 694
447 715
447 808
447 826
447 894
447 956
448 493
448 636
448 810
448 827
449 530
449 640
449 697
449 705
449 841
449 930
450 740
451 470
451 529
451 717
451 725
451 726
451 754
451 757
451 795
452 466
452 721
452 766
453 555
453 645
453 732
453 748
453 844
454 533
454 628
454 710
454 758
454 999
455 843
456 821
456 840
456 964
456 965
457 510
457 584
457 821
458 544
458 607
458 664
458 697
459 540
459 570
459 636
459 839
460 504
460 527
460 599
460 894
460 964
461 539
461 727
461 810
461 972
462 487
462 598
462 681
462 764
462 881
462 910
462 911
463 464
463 507
463 569
463 644
463 746
463 762
463 783
463 857
464 527
464 599
464 704
464 816
464 832
465 497
465 566
465 734
465 774
465 804
466 468
466 475
466 549
466 551
466 652
466 715
466 801
467 485
467 498
467 536
467 605
467 887
468 480
468 482
468 596
468 820
468 986
469 859
470 480
470 544
470 561
470 572
470 575
471 521
471 594
472 554
472 635
472 664
472 847
472 910
473 487
473 515
473 518
473 554
473 604
473 689
473 704
473 809
474 645
474 653
474 705
474 712
474 810
475 649
475 774
475 797
475 845
475 874
475 889
475 908
475 972
476 499
476 876
476 952
477 803
477 827
477 857
477 863
477 893
478 690
478 718
478 721
479 645
479 718
479 772
479 869
479 975
480 685
480 888
481 553
481 613
481 673
481 970
482 500
482 559
482 702
482 869
482 875
483 641
483 642
483 753
483 758
484 535
484 852
484 913
485 591
485 624
485 793
486 742
486 747
486 829
486 860
487 581
487 727
487 788
488 545
488 563
488 617
488 743
489 860
489 963
489 983
490 544
490 571
490 742
490 784
490 801
490 908
490 978
490 991
491 593
491 594
491 671
491 924
491 999
492 714
492 747
492 826
492 876
494 630
494 648
494 725
494 770
494 857
494 883
495 777
496 658
496 748
496 795
497 617
497 625
497 817
497 831
497 857
498 720
498 878
498 887
498 960
499 574
499 649
499 798
500 563
500 583
500 615
500 675
500 840
500 912
500 953
501 754
501 805
501 904
501 931
502 690
503 567
503 648
504 615
504 684
504 906
504 945
505 516
506 684
506 742
507 605
508 549
508 944
508 961
509 767
509 788
509 840
509 991
509 996
510 627
510 745
510 760
510 871
511 784
511 965
512 782
513 698
513 957
514 658
514 832
515 524
515 531
515 563
515 615
515 659
515 708
515 790
515 837
515 865
515 897
515 933
516 688
516 783
516 859
516 924
517 675
517 711
518 815
518 970
519 561
519 609
519 656
519 893
519 906
520 565
520 676
520 737
520 742
520 910
520 943
521 706
521 806
521 829
521 868
521 972
522 628
522 685
522 727
522 852
523 608
523 648
523 704
524 953
525 622
525 822
526 878
526 929
526 945
527 612
527 628
527 734
527 907
528 773
528 809
528 925
529 721
529 739
530 691
530 697
530 945
531 580
531 760
531 804
532 557
532 653
532 950
532 956
533 657
533 691
533 802
534 541
534 730
534 749
534 756
535 567
535 723
535 726
536 567
536 588
536 682
536 961
536 966
536 984
537 540
537 652
537 761
537 808
537 817
537 977
537 985
538 585
538 935
538 942
538 981
539 747
539 999
540 619
540 920
541 719
541 753
541 787
541 788
541 820
542 575
542 634
542 689
542 712
542 792
542 794
542 985
543 560
543 574
543 597
543 722
543 778
543 826
543 969
544 601
544 754
544 843
544 999
545 682
545 782
545 797
545 814
545 853
545 900
545 987
546 767
546 881
546 948
547 616
547 711
547 714
547 746
547 972
548 587
548 904
548 933
549 588
549 841
549 941
549 956
550 838
550 989
552 574
552 722
552 735
552 803
553 840
554 746
554 891
554 899
554 974
555 821
555 962
556 605
556 772
556 827
556 962
557 781
557 849
557 856
557 981
558 609
558 890
559 572
559 714
559 724
559 725
559 999
560 633
560 788
561 685
561 720
561 982
561 985
562 724
562 767
562 851
563 565
563 756
563 791
563 909
563 920
563 926
563 989
564 616
564 617
564 698
564 753
564 779
564 987
565 764
565 822
565 974
566 753
566 799
567 713
567 743
568 577
568 593
568 758
568 765
568 823
568 887
569 700
569 876
569 953
569 972
570 864
570 935
570 961
571 603
571 763
572 802
572 809
572 996
573 720
573 728
574 689
575 736
575 752
575 871
575 875
575 930
575 991
576 605
576 720
576 853
576 938
577 636
577 669
577 767
577 792
577 960
578 582
578 765
578 860
578 865
578 960
578 964
579 721
579 836
579 849
579 883
579 934
580 797
581 611
581 743
581 909
582 629
582 840
585 589
585 634
585 709
585 725
585 771
585 798
585 823
585 891
585 973
586 676
586 729
586 767
587 689
587 731
587 874
588 702
589 638
589 732
589 816
589 987
590 831
590 876
590 905
590 914
590 955
591 602
591 878
591 915
592 667
592 679
592 716
592 891
592 978
592 986
593 603
593 640
593 990
593 994
594 702
594 751
594 788
594 875
595 820
595 940
596 621
596 645
596 761
596 798
597 691
598 615
598 646
598 878
599 709
600 665
600 736
600 912
601 705
601 755
601 816
602 785
602 804
603 657
603 844
603 896
603 901
603 976
604 672
604 855
604 860
605 695
605 795
606 654
606 661
606 720
606 736
606 874
607 619
607 815
607 877
610 730
610 767
610 798
610 989
611 649
611 938
612 725
613 712
613 768
613 864
613 878
613 979
614 901
615 635
615 782
615 999
616 664
616 715
616 838
616 867
616 944
617 804
617 998
618 710
618 811
619 722
620 776
620 846
620 897
622 676
622 819
622 954
623 638
623 724
623 960
625 632
625 737
625 761
625 779
625 800
626 938
627 783
628 729
629 641
630 844
631 767
631 772
631 820
631 836
631 918
632 739
632 769
633 647
633 925
634 645
634 668
634 743
634 783
634 947
634 967
635 829
636 658
636 722
636 746
636 751
636 767
636 941
637 707
637 879
638 639
638 710
638 882
638 918
638 964
639 685
639 727
639 810
639 814
639 919
639 946
639 983
639 992
640 963
640 977
641 664
641 724
641 746
641 773
641 909
641 947
642 752
643 653
643 687
643 772
643 825
644 694
644 703
644 825
644 854
645 833
647 650
647 777
648 678
648 964
648 974
649 863
649 911
649 933
650 758
650 868
651 694
651 982
652 822
653 722
653 896
653 980
655 672
656 693
656 925
656 953
658 693
658 769
658 826
658 877
658 985
659 701
659 796
659 809
659 881
659 969
660 836
660 872
660 913
661 811
662 828
662 923
663 939
663 949
664 707
664 810
664 815
664 867
664 924
665 789
665 865
665 996
667 684
667 899
667 910
667 963
668 982
669 834
669 858
669 882
671 697
671 780
671 812
671 916
671 986
672 697
672 709
672 772
672 797
672 805
672 996
672 997
673 834
674 871
674 908
674 958
674 969
675 699
675 751
675 840
675 960
676 824
676 841
676 989
677 825
678 687
678 721
678 724
678 778
678 981
679 864
679 878
679 932
680 850
681 705
681 850
682 821
682 828
682 956
682 998
683 728
683 983
684 765
684 874
685 813
686 855
687 817
687 841
687 871
688 696
688 989
689 754
689 767
689 912
690 739
690 875
690 962
691 844
691 879
691 958
692 781
693 729
693 854
695 746
696 730
696 884
696 953
697 705
697 750
697 906
698 718
698 851
698 855
698 889
699 939
699 984
700 855
701 715
701 833
702 707
702 832
702 875
702 995
703 751
704 713
704 722
704 845
704 861
704 876
705 825
705 872
705 946
706 811
706 938
707 808
707 965
707 993
708 712
708 782
708 880
708 918
709 893
709 956
709 963
710 743
711 832
711 836
711 892
712 919
713 732
713 771
713 899
714 835
715 719
715 822
715 907
715 974
716 718
716 827
716 838
716 902
716 986
717 810
717 872
717 963
718 795
719 773
719 882
719 966
720 792
720 793
721 784
721 823
721 985
722 815
722 934
723 829
723 954
724 919
725 842
726 767
726 825
726 835
726 868
726 890
727 741
728 779
728 791
729 745
729 759
729 865
729 892
729 994
730 835
730 922
730 925
731 983
732 962
734 768
734 872
734 963
735 882
737 803
738 917
738 931
738 937
739 882
739 897
740 898
741 870
741 928
741 972
742 875
742 973
742 978
743 811
745 849
745 929
746 821
746 919
746 963
746 967
747 918
748 771
748 808
748 877
748 983
749 776
749 786
749 833
749 886
751 806
752 760
754 920
754 949
755 772
755 783
755 787
755 951
756 784
756 805
756 841
757 949
758 883
761 780
762 778
762 793
762 969
762 983
763 865
763 866
763 974
763 975
764 906
764 983
764 988
765 826
766 841
766 865
766 870
770 949
771 839
772 783
772 915
773 845
773 910
773 986
774 904
776 809
776 851
776 929
777 796
777 956
778 822
778 971
778 990
779 965
780 824
780 962
781 792
781 833
782 873
782 966
783 826
783 851
783 944
784 787
784 793
784 862
784 961
785 876
786 789
786 801
786 952
787 881
787 936
788 897
788 937
789 994
790 867
791 867
792 810
792 830
793 853
794 865
795 991
797 979
797 990
798 906
799 867
799 923
801 921
801 968
802 876
802 983
803 985
804 972
805 833
805 853
805 878
805 918
805 925
806 816
806 910
807 838
807 953
808 986
808 995
809 868
810 919
810 987
811 999
812 855
812 890
812 908
812 933
812 971
813 834
815 944
817 971
818 823
818 866
818 996
819 929
821 986
822 999
824 848
824 966
825 919
827 981
830 982
831 931
833 877
836 883
838 856
839 850
839 916
839 983
841 896
845 925
845 927
846 907
849 882
849 925
849 962
850 869
850 876
851 969
851 995
853 860
853 905
854 932
854 957
855 968
856 952
857 858
857 893
858 944
858 996
859 909
860 963
861 940
861 979
865 925
866 918
866 935
868 869
869 937
869 984
870 876
871 872
873 927
875 990
876 960
876 984
878 944
881 896
884 902
884 946
884 954
886 929
886 945
887 976
890 961
892 969
894 951
895 986
896 913
897 973
897 998
898 952
898 970
902 988
902 997
904 996
905 976
907 946
907 996
911 946
911 957
914 926
914 950
914 967
915 974
918 928
920 972
921 948
922 953
923 980
923 997
926 965
928 995
929 941
932 948
932 990
937 995
940 965
940 987
946 954
947 969
956 985
959 998
962 968
970 994
976 999
987 990
