0
1000
3802
0
1
0
0 223
0 338
0 393
0 480
0 540
0 682
0 851
0 878
0 958
1 96
1 485
1 603
1 677
1 760
1 899
2 583
2 602
2 700
2 778
2 850
2 892
3 218
3 448
3 501
3 586
3 685
3 853
3 925
4 48
4 73
4 114
4 325
4 468
4 750
4 770
4 785
5 139
5 145
5 158
5 300
5 589
5 598
5 684
5 685
5 921
6 68
6 78
6 238
6 529
6 573
6 683
6 774
6 775
6 977
7 387
7 418
7 485
7 704
7 796
7 938
8 46
8 192
8 249
8 793
9 28
9 258
9 554
9 599
9 651
9 674
9 710
9 729
9 823
9 834
10 142
10 224
10 335
10 348
10 647
10 906
11 46
11 140
11 221
11 317
11 324
11 466
11 628
11 657
11 805
12 92
12 179
12 318
12 330
12 519
12 838
12 846
12 978
12 993
13 28
13 40
13 215
13 296
13 390
13 508
13 608
14 564
14 738
14 783
14 827
14 924
15 310
15 375
15 759
16 19
16 72
16 97
16 451
16 598
16 750
16 874
16 926
16 939
17 31
17 75
17 110
17 291
17 352
17 545
17 657
17 666
17 769
17 868
18 141
18 243
18 384
18 445
18 932
18 969
19 74
19 131
19 332
19 523
19 819
20 185
20 404
20 666
20 735
20 923
21 63
21 96
21 156
21 419
21 460
21 631
21 641
21 703
21 744
21 786
21 815
22 211
22 227
22 270
22 519
22 536
22 619
22 697
22 854
22 943
23 178
23 247
23 333
23 334
23 340
23 465
23 519
23 600
23 733
23 766
24 343
24 812
24 854
25 45
25 169
25 171
25 274
25 391
25 537
25 646
25 822
25 962
26 218
26 261
26 579
26 752
26 784
26 816
27 133
27 207
27 255
27 267
27 294
27 607
27 959
28 335
28 522
28 719
28 745
29 49
29 133
29 148
29 226
29 329
29 347
29 559
29 595
29 700
29 715
29 776
29 904
29 960
30 84
30 332
30 688
30 727
31 35
31 108
31 150
31 266
31 366
31 467
31 515
31 517
31 551
31 584
31 623
31 787
31 984
32 236
32 274
32 418
32 476
32 956
33 130
33 284
33 461
33 521
33 582
34 95
34 111
34 232
34 463
34 791
35 373
35 661
35 663
35 674
35 730
35 922
35 955
36 254
36 332
36 355
36 362
36 368
36 579
36 855
37 64
37 69
37 120
37 186
37 328
37 335
37 351
37 375
37 701
37 712
37 746
37 774
37 775
37 952
38 41
38 395
38 576
38 941
39 191
39 339
39 361
39 413
39 581
39 600
39 693
40 86
40 109
40 261
40 271
40 319
40 384
40 471
40 511
40 607
40 857
40 866
40 945
41 187
41 204
41 321
41 365
41 441
41 502
41 542
41 624
41 878
41 971
42 77
42 598
42 793
42 835
42 897
42 941
42 967
43 87
43 146
43 237
43 259
43 446
43 548
43 779
43 896
44 330
44 336
44 360
44 470
44 590
44 600
44 714
45 62
45 102
45 224
45 243
45 342
45 885
45 912
45 924
46 93
46 152
46 435
46 824
46 908
46 957
47 142
47 304
47 317
47 487
47 504
47 727
47 732
47 921
48 149
48 179
48 227
48 385
48 424
48 427
48 457
48 747
48 826
48 995
49 63
49 199
49 287
49 377
49 719
49 729
50 167
50 253
50 475
50 606
50 715
50 876
50 883
51 175
51 207
51 391
51 419
51 422
51 470
51 975
52 142
52 145
52 401
52 424
52 735
52 882
52 948
53 58
53 112
53 653
53 707
53 866
54 157
54 363
54 526
54 899
55 196
55 401
55 573
55 671
55 673
55 675
55 721
55 785
55 865
55 876
55 987
56 265
56 344
56 415
56 687
56 707
56 762
56 890
56 947
57 138
57 283
57 310
57 537
57 875
57 932
57 973
58 326
58 419
58 715
59 325
59 393
59 460
59 478
59 516
59 756
59 760
59 855
59 904
60 325
60 380
60 389
60 578
60 605
60 641
60 649
60 837
61 69
61 77
61 101
61 119
61 408
61 469
61 503
61 559
61 862
61 866
61 905
61 908
62 208
62 220
62 488
62 508
62 538
62 573
62 577
62 585
62 756
62 758
63 66
63 88
63 369
63 407
63 751
63 900
63 926
63 959
64 456
64 638
64 868
65 77
65 114
65 216
65 542
65 579
65 743
65 754
65 756
65 792
65 872
66 277
66 290
66 352
66 382
66 579
66 996
67 157
67 166
67 171
67 186
67 225
67 304
67 323
67 524
67 875
67 970
68 125
68 407
68 548
68 795
69 123
69 143
69 164
69 289
69 298
69 341
69 464
69 512
70 147
70 182
70 222
70 303
70 343
70 479
70 650
70 665
70 815
71 477
71 586
71 606
71 649
71 766
71 838
71 962
71 973
72 196
72 280
72 357
72 403
72 573
72 832
73 314
73 329
73 374
73 415
73 524
73 708
74 378
74 442
74 471
74 547
74 836
74 903
75 128
75 404
75 525
75 576
75 652
75 731
75 911
75 984
76 112
76 472
76 545
76 588
76 820
76 842
77 187
77 336
77 514
77 751
77 855
77 871
78 299
78 321
78 355
78 509
78 580
78 871
78 996
79 358
79 431
79 556
79 608
79 748
79 886
80 257
80 341
80 628
80 633
81 152
81 156
81 207
81 263
81 625
81 917
82 182
82 269
82 308
82 532
82 638
82 862
82 972
82 995
83 175
83 186
83 229
83 242
83 283
83 428
83 501
83 645
83 932
83 992
84 129
84 204
84 294
84 304
84 433
84 491
84 523
84 679
84 696
84 766
84 913
85 402
85 477
85 503
85 516
85 597
85 928
85 950
86 212
86 314
86 405
86 440
86 567
86 830
86 895
87 210
87 426
87 526
87 658
87 760
87 826
87 955
87 971
88 149
88 183
88 408
88 487
88 489
88 743
88 765
89 100
89 244
89 298
89 313
89 359
89 551
89 676
89 814
89 829
89 884
89 928
90 122
90 201
90 226
90 359
91 114
91 227
91 256
91 286
91 325
91 386
91 436
91 586
91 947
92 95
92 139
92 506
92 676
92 840
93 698
94 195
94 237
94 360
94 394
94 631
94 672
94 799
94 843
94 895
94 959
95 166
95 182
95 275
95 282
95 451
95 520
95 614
95 790
95 810
95 961
96 422
96 575
96 731
96 795
96 934
97 231
97 255
97 284
97 744
97 928
97 970
97 981
98 203
98 561
98 604
98 722
99 335
99 737
99 811
99 816
99 866
100 377
100 444
100 460
100 800
100 918
101 205
101 406
101 522
101 581
101 765
101 891
102 433
102 581
102 676
102 951
103 178
103 179
103 217
103 229
103 276
103 341
103 679
103 843
104 205
104 263
104 343
104 464
104 666
104 728
104 855
105 126
105 682
106 200
106 296
106 320
106 347
106 411
106 471
106 524
107 226
107 248
107 466
107 536
107 590
107 965
107 979
108 112
108 332
108 622
108 802
109 536
109 543
109 857
110 271
111 179
111 322
111 591
111 713
111 865
112 231
112 288
112 445
112 467
112 671
112 719
112 866
112 896
113 313
113 571
113 746
113 886
113 920
113 933
114 149
114 331
114 409
114 410
114 451
114 599
114 931
114 957
114 993
115 246
115 385
115 512
115 589
115 732
115 782
115 801
115 819
115 916
116 331
116 347
116 463
116 530
116 585
116 841
116 907
117 536
117 693
117 733
117 799
117 956
118 135
118 188
118 285
118 474
118 825
118 877
118 962
119 209
119 374
119 388
119 596
119 683
120 177
120 183
120 248
120 319
120 439
120 568
120 860
120 961
121 438
121 439
121 528
121 604
121 771
121 870
121 913
121 920
121 928
122 140
122 205
122 270
122 304
122 342
122 498
122 605
122 810
122 991
123 248
123 358
123 530
123 731
123 993
124 127
124 250
124 606
124 635
124 680
124 731
124 860
124 934
125 193
125 258
125 331
125 619
125 886
126 452
126 619
126 800
127 140
127 357
127 386
127 414
127 417
127 433
127 715
127 736
127 761
127 873
128 310
128 361
128 433
128 686
128 976
128 990
129 329
129 528
129 544
129 591
129 598
129 673
129 760
129 780
129 859
130 144
130 172
130 175
130 194
130 390
130 546
130 851
130 950
130 956
131 291
131 293
131 461
131 538
132 156
132 176
132 310
132 696
132 871
133 345
133 605
133 652
133 685
133 934
133 989
134 341
134 574
134 584
134 885
134 973
134 979
135 490
135 574
135 785
135 858
136 731
136 736
136 889
136 986
137 193
137 415
137 508
137 560
137 583
137 611
137 645
137 700
138 183
138 197
138 327
138 378
138 559
138 911
138 957
139 228
139 384
139 545
139 740
139 838
140 444
140 593
140 686
140 699
140 755
140 800
141 247
141 281
141 639
141 820
141 935
141 940
141 949
141 985
142 181
142 199
142 440
142 874
142 948
142 980
143 549
143 986
144 240
144 309
144 348
144 382
144 580
144 629
144 805
144 826
145 198
145 229
145 359
145 517
145 976
146 168
146 190
146 207
146 584
146 872
146 897
147 191
147 225
147 250
147 336
147 584
147 662
147 721
147 800
147 836
148 223
148 374
148 585
148 641
148 939
148 941
149 215
149 366
149 403
149 443
149 577
149 900
149 912
150 212
150 333
150 455
150 467
150 834
150 857
150 956
151 199
151 234
151 576
151 643
151 690
151 744
151 754
151 858
152 177
152 510
152 572
152 609
152 710
152 727
152 733
152 754
152 831
152 994
153 175
153 291
153 469
153 528
153 782
153 837
153 909
153 956
154 182
154 215
154 502
154 579
154 702
154 708
154 812
154 867
155 168
155 285
155 744
155 777
155 849
155 898
155 933
155 946
156 335
156 387
156 427
156 467
156 564
156 756
156 897
157 180
157 353
157 371
157 553
157 760
157 772
157 808
157 858
158 384
158 689
158 694
158 846
158 870
158 898
159 589
159 805
159 908
159 946
160 374
160 524
160 621
160 728
160 987
161 332
161 339
162 396
162 533
162 639
162 760
162 998
163 199
163 237
163 257
163 275
163 285
163 366
163 459
163 912
163 929
164 198
164 274
164 297
164 527
165 316
165 383
165 425
165 455
165 535
165 562
165 574
165 599
166 412
166 426
166 437
166 482
166 727
166 759
166 995
166 997
167 380
167 384
167 531
167 649
168 203
168 317
168 426
168 489
168 513
168 689
168 749
169 173
169 246
169 448
169 493
169 593
169 768
169 817
169 840
170 186
170 245
170 285
170 386
170 565
170 636
170 688
171 388
171 443
171 508
171 518
171 635
171 727
171 751
171 913
171 994
172 304
172 439
172 567
172 653
172 758
173 278
173 704
173 779
173 780
173 853
173 864
173 914
173 978
174 325
174 378
174 400
174 714
174 916
174 973
175 211
175 550
175 660
175 996
176 406
176 462
176 765
176 832
177 179
177 186
177 230
177 237
177 436
177 552
177 670
177 899
178 197
178 237
178 703
178 863
178 868
179 415
179 531
179 575
179 852
179 876
180 310
180 508
180 544
180 630
180 740
180 850
181 284
181 335
181 531
181 735
181 866
182 451
182 635
182 861
182 948
183 202
183 382
183 598
183 834
184 277
184 334
184 350
184 463
184 503
184 589
185 212
185 239
185 246
185 250
185 267
185 517
185 601
185 666
185 673
185 681
185 765
186 227
186 407
186 795
186 980
187 275
187 456
187 491
187 574
187 625
187 684
187 753
187 769
187 790
187 965
188 281
188 401
188 645
188 805
188 869
188 960
189 232
189 504
189 505
189 679
189 689
189 765
190 391
190 421
190 463
190 561
190 665
190 679
190 820
191 194
191 291
191 530
191 543
191 572
191 694
191 953
191 992
192 296
192 401
192 486
192 514
192 517
192 542
192 545
192 548
192 567
192 623
192 710
192 783
192 792
193 291
193 463
193 548
193 570
193 769
193 911
193 946
194 269
194 336
194 596
194 725
194 881
194 891
195 264
195 542
195 707
195 723
195 771
195 776
195 823
195 914
195 974
195 978
196 567
196 616
196 643
196 696
196 916
197 287
197 704
197 868
197 898
198 356
198 563
198 603
198 646
198 701
199 253
199 496
199 818
199 978
200 309
200 393
200 540
200 737
200 804
200 944
201 304
201 346
201 946
202 821
202 871
202 974
204 374
204 552
204 853
204 900
205 262
205 345
205 379
205 521
205 819
205 993
206 318
206 331
206 732
206 736
206 898
206 969
206 992
207 267
207 313
207 610
207 715
207 717
208 643
208 659
208 793
208 817
208 900
208 936
209 449
209 647
209 758
210 296
210 407
210 483
210 528
210 607
210 689
210 886
210 960
211 307
211 542
211 676
211 789
211 866
212 326
212 608
212 635
212 789
212 872
212 932
212 958
213 256
213 475
213 505
213 634
213 803
213 814
214 493
214 805
214 877
214 893
214 904
215 345
215 433
215 706
215 833
215 867
215 953
216 226
216 249
216 353
216 444
216 552
216 578
216 690
216 715
216 883
216 891
217 327
217 566
217 703
217 871
217 872
217 922
217 962
217 973
218 426
218 607
218 869
218 950
219 478
219 481
219 931
220 249
220 467
220 578
220 943
220 960
221 373
221 514
221 562
221 580
221 608
221 644
221 767
222 341
222 372
222 417
222 419
222 456
222 584
223 287
223 474
223 519
223 758
223 783
223 954
224 284
224 904
225 332
225 526
225 578
225 703
225 779
225 867
225 891
226 333
226 361
226 430
226 490
226 680
226 693
226 775
226 836
227 364
227 438
227 538
227 909
228 265
228 331
228 373
228 744
228 817
228 959
228 965
229 286
229 372
229 426
229 473
229 496
229 586
229 665
229 735
229 826
229 899
229 990
230 658
230 665
230 693
230 954
231 340
231 385
231 448
231 629
231 654
232 305
232 359
232 569
232 586
232 707
232 849
232 901
232 965
233 242
233 284
233 333
233 338
233 370
233 394
233 466
233 633
233 745
233 799
233 891
233 944
234 337
234 424
234 463
234 532
234 632
234 766
235 462
235 850
235 867
236 251
236 274
236 282
236 449
236 468
236 573
236 697
236 740
237 243
237 348
237 477
237 560
237 781
237 922
237 959
238 827
238 829
239 413
239 431
239 652
239 677
239 723
239 762
239 841
240 463
240 698
240 874
241 591
241 799
241 872
241 968
242 344
242 464
242 544
242 723
242 894
242 960
243 433
243 613
243 641
243 644
243 789
243 848
244 421
244 725
244 783
244 859
244 884
245 249
245 582
245 623
245 814
245 821
245 827
245 898
245 932
246 273
246 544
246 620
246 698
246 856
247 431
247 749
247 901
248 484
248 621
248 749
248 921
249 345
249 388
249 555
249 703
249 808
249 856
249 860
249 875
250 307
250 380
250 475
250 533
250 686
250 847
250 898
251 388
251 681
251 706
251 860
251 867
252 373
252 442
252 500
252 566
252 684
252 846
252 926
252 929
253 483
253 671
253 804
254 314
254 400
254 711
254 713
254 741
254 744
254 983
255 474
255 491
255 625
255 670
255 857
255 952
256 402
256 412
256 419
256 677
256 777
256 983
257 468
257 472
257 623
257 719
257 856
257 916
258 322
258 403
258 885
258 967
258 987
259 362
259 420
259 585
259 654
260 372
260 410
260 697
260 815
260 853
261 285
261 374
261 734
261 772
261 821
261 993
262 275
262 289
262 352
262 368
262 453
262 508
262 533
262 669
262 720
262 849
262 946
262 961
263 338
263 540
263 623
263 721
263 884
264 442
264 470
264 491
264 492
264 614
264 802
264 862
264 983
265 341
265 423
265 710
265 980
265 988
266 407
266 413
266 488
266 811
266 875
266 963
267 280
267 301
267 464
267 642
267 864
267 909
268 416
268 538
268 637
268 707
268 716
268 783
269 395
269 520
269 635
269 721
269 797
269 801
269 813
269 845
270 283
270 490
270 518
270 665
270 742
270 747
270 917
270 931
270 975
271 651
271 749
271 915
272 729
272 737
272 928
272 988
273 442
273 512
273 627
273 644
273 988
274 602
274 614
274 741
274 775
274 925
275 312
275 334
275 500
275 865
275 973
275 989
276 313
276 522
276 561
276 588
276 642
276 740
276 777
276 993
276 999
277 953
277 970
278 310
278 763
278 959
279 597
279 616
279 684
279 758
279 772
279 892
279 922
280 393
280 463
280 588
280 609
280 953
281 378
281 405
281 497
281 622
281 843
281 892
281 914
282 430
282 438
282 474
282 857
282 868
282 985
283 296
283 632
283 722
283 771
283 777
283 834
283 909
283 929
283 932
284 379
284 640
284 791
284 808
284 952
284 986
285 289
285 340
285 535
286 290
286 379
286 579
286 643
286 837
286 870
286 882
287 310
287 592
287 643
287 713
287 727
287 749
287 843
287 853
288 386
288 401
288 450
288 537
288 638
288 693
288 809
288 915
288 974
289 400
289 499
289 615
289 703
289 716
289 765
289 803
289 809
289 905
289 955
290 356
290 456
290 611
290 686
290 886
290 952
291 396
291 434
291 565
291 693
291 705
291 742
291 770
291 973
292 518
292 808
293 375
293 590
293 823
293 917
294 390
294 477
294 510
294 784
294 880
295 421
295 599
295 764
295 859
296 662
296 820
296 952
296 994
296 999
297 602
297 704
297 823
297 892
298 482
298 661
298 676
298 759
298 810
298 824
298 972
299 536
299 585
299 763
299 779
300 407
300 429
300 560
300 713
300 718
300 847
300 867
301 345
301 348
301 403
301 700
301 748
301 846
301 867
302 626
302 922
303 317
303 376
303 509
303 555
303 768
304 341
304 663
304 783
304 804
304 829
304 853
305 398
305 416
305 568
305 590
305 645
305 915
305 950
306 412
306 601
306 646
306 740
306 755
307 358
307 368
307 682
307 692
307 752
307 775
307 789
307 795
308 373
308 422
308 494
308 499
308 536
308 784
308 862
309 369
309 487
309 634
309 810
309 825
309 896
309 921
310 467
310 559
310 576
310 773
310 887
311 354
311 468
311 687
311 754
311 795
312 394
312 415
312 531
312 580
312 952
312 962
312 966
312 976
313 334
313 388
313 458
313 498
313 556
313 635
313 636
313 675
313 739
313 743
313 993
314 339
314 614
314 673
314 690
314 822
314 869
314 979
314 997
315 521
315 720
316 655
316 787
316 798
317 614
317 689
317 701
318 609
318 933
319 548
319 788
319 825
319 865
319 936
320 336
320 444
320 666
321 352
321 432
321 596
321 653
321 727
322 325
322 414
322 553
323 537
323 552
323 633
323 939
324 333
324 365
324 420
324 475
324 561
324 580
324 598
324 859
325 432
325 495
325 509
325 713
325 831
326 497
326 590
326 636
326 663
326 692
326 762
326 767
326 899
326 910
327 437
327 448
327 772
328 664
328 735
328 839
329 394
329 494
329 552
329 649
329 904
330 585
330 882
331 499
331 500
331 583
331 661
331 831
331 968
331 969
331 977
332 687
332 734
332 911
332 921
332 995
333 575
333 701
334 435
334 720
334 730
334 817
335 443
335 473
335 528
335 633
335 710
335 713
335 727
335 912
336 445
336 514
336 697
336 760
337 406
337 615
337 654
337 774
337 920
338 391
338 485
338 589
338 617
338 620
338 768
338 898
339 454
339 680
339 972
340 351
340 482
340 489
340 832
340 848
340 928
340 976
341 496
341 567
341 585
341 720
342 349
342 354
342 441
342 444
342 622
342 730
342 879
343 569
343 642
343 656
343 680
343 796
343 909
343 948
344 472
344 632
344 653
344 716
344 910
345 377
345 474
345 949
345 993
346 475
346 625
346 834
347 455
347 592
347 864
347 896
348 436
349 488
349 562
349 638
349 813
350 459
350 614
350 708
351 409
351 575
351 640
351 797
352 607
352 636
352 721
352 853
353 392
353 544
353 564
353 669
353 694
353 900
353 975
354 389
354 656
354 736
354 850
354 981
355 496
356 566
356 587
356 662
356 822
357 359
357 363
357 369
357 523
357 583
358 494
358 627
358 885
358 976
358 980
359 388
359 505
359 869
359 909
359 915
360 443
360 688
360 885
360 961
361 387
361 453
361 553
361 561
361 599
361 684
361 869
361 935
362 515
362 686
362 901
362 920
363 424
363 455
363 456
363 563
364 404
364 805
365 392
365 733
365 998
366 575
366 609
367 525
367 606
367 616
367 802
367 950
368 371
368 373
368 500
368 514
368 641
368 840
368 873
368 875
368 927
368 984
369 507
369 578
369 642
369 652
369 686
370 543
370 549
370 622
370 666
370 701
370 734
370 772
371 703
372 407
372 666
372 701
372 800
372 954
372 978
373 422
373 730
373 835
373 837
373 845
373 913
373 965
374 587
375 538
375 835
375 971
375 999
376 379
376 721
376 729
376 883
377 388
377 429
377 522
377 664
377 879
377 887
378 403
378 407
378 505
378 761
378 766
379 441
379 831
379 853
380 651
380 822
381 420
381 526
381 544
381 746
381 787
381 822
381 828
381 852
381 897
382 450
382 628
382 782
382 934
383 493
383 717
383 792
384 401
384 509
384 547
384 605
384 676
384 687
384 707
384 725
385 726
386 491
386 510
386 629
386 674
387 498
387 530
387 565
387 683
387 734
387 893
388 402
388 473
388 512
388 763
388 772
388 864
388 895
389 393
389 412
389 452
389 515
389 561
389 567
389 638
389 718
389 860
389 881
390 450
390 529
390 591
390 837
391 671
391 767
391 869
391 904
391 989
392 436
392 770
392 858
392 862
392 895
393 409
393 463
393 587
393 612
393 640
393 643
393 731
393 760
393 834
393 972
394 411
394 787
394 901
394 916
394 968
394 984
395 451
395 467
395 481
396 476
397 420
397 490
397 605
397 625
397 835
397 894
397 908
398 417
398 652
398 726
398 746
398 802
398 838
398 876
398 967
399 416
399 562
399 582
399 717
399 768
400 448
400 501
400 569
400 629
400 758
400 932
401 423
401 468
401 669
401 705
401 810
401 903
402 438
402 448
402 586
402 604
402 643
402 689
402 766
402 921
403 597
403 726
403 730
403 760
403 770
403 966
404 818
404 954
405 623
405 813
405 815
406 712
406 815
407 414
407 549
407 678
407 744
407 827
408 446
408 479
408 627
408 796
408 979
409 495
409 689
409 697
409 766
409 786
409 799
409 904
409 934
410 451
410 454
410 491
410 740
410 850
410 892
410 937
411 416
411 424
411 539
411 613
412 455
412 922
413 432
413 570
413 844
413 914
414 472
414 501
414 649
414 744
414 866
414 891
415 635
415 710
415 870
415 905
416 546
417 837
418 447
418 530
418 893
419 478
419 547
419 587
419 684
419 888
420 464
420 552
420 608
420 791
420 799
420 816
420 953
421 435
421 586
421 670
421 870
421 933
422 635
422 639
422 750
422 789
422 828
423 494
423 513
423 578
423 643
424 568
424 596
424 752
424 863
424 899
424 967
425 717
425 921
426 487
426 513
426 674
426 863
427 616
427 618
427 896
427 939
427 948
428 565
428 714
428 794
428 917
429 475
429 557
430 776
430 907
431 459
431 686
431 994
432 667
432 709
432 822
432 911
433 682
433 729
434 447
434 499
434 907
435 558
435 778
435 844
435 937
436 555
436 587
436 670
437 488
437 540
437 780
437 952
437 968
438 489
438 656
438 688
438 965
438 988
439 498
439 730
439 830
439 909
439 991
440 457
440 575
440 578
440 888
441 502
441 546
441 603
441 679
441 942
441 944
442 541
442 779
443 494
443 782
444 694
444 712
444 934
445 667
445 821
445 895
446 559
446 892
447 543
447 953
448 629
448 939
449 578
449 642
449 731
449 843
449 928
450 612
450 646
450 669
450 930
450 941
450 993
451 474
452 584
452 914
453 469
453 512
453 558
453 568
453 596
453 732
453 881
453 950
453 991
454 596
454 664
454 694
455 490
455 638
455 916
456 465
456 745
456 832
456 927
456 983
457 620
457 856
457 915
457 955
458 465
458 624
458 759
458 867
458 908
458 952
459 480
460 610
460 623
460 642
460 691
461 484
461 486
461 492
462 547
462 561
462 768
462 790
462 870
463 628
464 580
464 614
465 536
465 694
465 884
465 937
466 550
466 611
466 808
467 513
467 729
467 872
467 873
467 881
467 990
468 566
468 577
468 950
469 486
469 690
469 729
469 868
470 566
470 656
470 677
470 713
471 551
471 837
471 852
471 961
472 493
472 696
472 782
473 533
473 566
473 637
473 676
473 756
473 791
474 502
474 614
474 694
474 847
474 864
475 606
475 687
475 713
475 993
476 670
476 855
476 929
476 989
476 998
477 529
477 646
477 735
477 742
477 786
477 993
478 509
478 545
478 596
478 673
478 824
478 999
479 512
479 635
479 742
479 897
479 965
479 994
480 614
480 690
480 893
481 497
481 729
481 736
482 564
482 664
482 752
482 879
483 656
483 696
483 903
485 563
485 700
486 567
486 743
486 805
486 811
487 574
487 867
488 582
488 760
488 885
488 892
488 938
488 974
489 785
489 804
489 818
490 677
490 776
490 794
491 641
491 690
491 868
491 995
492 539
492 556
492 632
492 651
492 768
492 901
492 998
493 514
493 634
493 692
494 501
494 613
494 759
495 603
495 757
495 886
495 992
496 533
496 672
496 724
496 753
496 816
496 874
496 893
497 520
497 531
497 838
498 584
498 605
498 612
498 644
498 681
498 697
498 738
498 836
499 715
499 720
499 830
499 931
499 976
500 907
501 536
501 591
501 633
501 875
501 901
501 960
502 504
502 821
503 559
503 604
503 625
503 848
504 841
505 785
505 889
506 581
506 946
507 613
507 774
507 884
507 889
507 929
507 987
508 609
508 611
508 649
508 728
509 562
509 745
509 929
510 562
510 610
510 645
510 907
511 668
511 727
511 871
512 737
512 741
512 953
512 986
513 542
513 552
513 619
513 777
513 783
513 861
513 907
514 537
514 709
514 783
514 808
514 938
515 565
515 579
515 734
515 960
515 990
516 592
516 610
516 990
517 722
517 845
517 880
517 968
518 541
518 573
518 763
518 847
518 914
518 985
519 549
519 786
519 898
519 931
519 934
520 609
520 664
520 675
521 563
521 565
521 639
521 691
521 866
521 885
522 543
522 632
522 662
522 781
522 802
522 930
522 932
523 524
523 737
524 545
524 578
524 765
524 922
525 652
525 750
525 821
525 881
525 897
526 703
526 762
526 801
526 820
527 583
527 687
527 806
527 828
527 871
528 554
528 678
528 776
528 822
528 960
528 966
529 709
529 818
529 836
529 945
530 623
530 661
530 930
530 957
531 594
532 585
532 711
532 848
532 881
533 728
533 900
534 550
534 626
534 849
534 871
534 894
534 951
534 981
534 991
534 999
535 673
535 771
535 836
535 847
535 918
536 616
536 806
536 829
536 911
536 977
537 565
537 659
537 671
537 698
537 848
538 678
538 712
538 929
539 880
540 633
540 983
541 707
541 949
542 788
542 851
543 728
543 864
544 567
544 581
544 718
544 732
544 798
545 614
546 608
546 651
546 811
546 819
546 851
546 963
546 991
546 994
547 554
547 820
547 904
548 576
548 966
549 599
549 776
549 783
550 752
550 862
550 937
550 962
551 635
551 685
551 706
551 850
551 854
551 980
552 759
552 957
553 709
553 844
554 555
554 572
554 741
554 771
554 971
555 622
555 627
555 763
555 799
555 800
555 820
555 867
556 580
556 593
556 730
556 938
557 872
558 584
558 665
558 727
558 762
558 835
558 863
558 928
559 580
559 928
560 877
560 983
561 616
561 637
561 700
561 760
561 859
561 933
561 953
562 629
562 912
563 954
564 750
564 801
564 889
564 999
565 822
565 949
566 602
566 930
567 748
567 789
567 924
568 590
568 658
568 697
568 773
568 797
568 840
569 631
569 645
569 748
569 806
569 972
570 651
570 800
570 830
570 910
570 977
571 762
571 898
572 661
572 923
573 780
574 779
574 923
575 582
575 598
575 827
576 712
576 925
577 581
577 736
577 880
577 901
578 684
578 820
578 849
578 890
578 917
579 890
580 782
580 841
580 959
580 975
581 589
581 615
581 630
581 708
581 726
581 884
582 601
582 890
583 701
583 724
584 585
584 688
584 742
584 876
584 906
584 964
584 990
585 846
585 921
586 612
586 644
586 719
586 819
586 931
587 688
587 782
587 823
587 883
588 589
588 615
588 622
589 687
589 701
589 763
590 643
590 721
590 907
591 629
591 906
592 629
592 818
592 841
593 796
593 854
593 913
593 963
593 986
594 679
594 787
594 854
595 796
595 864
595 909
596 770
597 664
597 994
597 999
598 731
599 731
600 720
600 834
600 942
601 673
601 722
601 839
601 889
601 909
602 673
602 880
602 921
602 999
603 690
603 726
603 869
603 979
604 687
604 689
604 983
605 892
606 721
606 965
606 976
607 809
607 815
607 832
607 842
607 857
608 721
608 915
609 614
610 613
611 744
611 760
611 876
611 921
611 957
612 876
613 763
613 802
613 905
613 920
613 951
614 740
614 785
614 802
614 978
615 617
615 655
615 738
615 853
615 886
615 919
615 986
616 640
617 892
618 715
618 919
619 644
619 667
619 772
619 792
619 881
619 932
621 645
621 716
621 772
621 808
621 891
622 691
622 699
622 990
623 700
623 770
623 867
623 889
624 689
624 928
624 967
625 629
625 729
626 664
626 774
626 815
627 745
627 980
628 654
628 680
628 946
629 774
629 948
629 956
629 992
630 632
630 870
630 899
631 879
632 918
633 804
633 956
633 977
634 911
635 778
636 688
636 888
636 906
636 922
637 761
637 891
638 817
638 819
638 825
639 960
640 771
640 889
641 646
641 727
641 740
641 746
641 775
641 802
641 839
641 868
642 718
642 899
642 978
643 755
643 775
643 895
643 935
644 696
644 878
644 905
644 917
644 986
645 939
646 996
647 847
647 969
648 673
648 702
648 755
648 993
649 714
649 920
650 693
650 735
650 736
650 899
651 752
651 960
651 968
653 838
653 930
653 934
653 999
654 815
654 913
654 957
655 671
655 763
655 857
656 825
657 899
658 728
658 849
659 727
660 762
660 848
660 935
660 944
661 703
661 708
662 759
662 825
663 930
664 866
665 974
666 821
666 835
666 843
666 927
667 868
667 922
668 714
668 758
668 807
669 903
669 946
670 710
671 741
671 778
671 858
671 876
671 897
671 984
672 802
672 887
673 690
673 692
673 865
673 935
674 701
674 724
674 906
675 762
675 801
675 899
676 714
676 831
676 884
676 901
676 947
677 700
677 779
678 903
678 911
679 712
679 989
680 861
680 947
681 769
681 777
681 857
682 790
683 766
683 778
683 882
683 982
684 690
684 830
684 884
685 721
685 806
685 842
686 710
686 847
686 987
687 719
687 746
688 832
688 905
688 923
689 946
689 960
692 768
692 804
692 915
693 702
693 876
693 936
693 995
694 923
695 893
695 975
696 713
696 766
696 768
696 794
696 796
696 797
696 846
696 931
696 942
697 703
697 901
698 761
698 838
699 736
699 758
699 865
699 934
699 963
700 840
700 886
701 722
701 741
701 983
702 839
703 765
703 767
704 721
704 806
704 843
704 845
704 899
704 973
705 950
705 967
706 711
706 767
706 784
706 954
707 851
707 879
707 886
707 968
708 976
708 988
709 836
710 801
710 813
710 893
710 981
711 860
712 926
712 993
713 800
713 838
713 842
713 876
714 765
714 908
715 724
715 952
716 729
716 739
716 789
716 829
717 737
717 810
718 847
719 737
719 759
719 797
719 810
720 804
720 868
720 909
720 994
721 925
721 950
722 745
723 784
723 804
723 832
723 835
723 875
723 960
724 902
725 816
725 960
725 975
726 783
726 822
726 944
726 953
726 970
727 739
727 775
728 809
728 930
733 763
733 959
734 738
734 993
735 825
735 996
736 818
736 956
738 820
738 826
738 958
739 956
739 988
740 798
740 951
741 859
741 867
741 887
741 890
741 921
742 839
742 991
744 796
744 996
745 869
745 910
746 887
746 942
746 993
747 795
747 812
748 906
748 931
749 911
749 939
751 798
751 941
751 988
752 989
754 889
755 945
755 979
756 997
757 846
758 921
759 817
759 894
759 902
760 790
760 824
760 869
760 873
760 960
762 827
762 986
763 836
763 916
764 858
764 881
764 961
765 884
766 944
767 793
767 814
767 825
769 839
769 843
769 865
770 807
770 869
771 884
771 934
771 986
772 987
774 798
775 800
777 824
778 808
779 914
779 985
780 781
780 840
780 881
781 841
782 979
783 810
783 960
785 798
785 874
786 809
787 983
788 880
788 922
789 893
790 999
791 882
792 812
792 971
793 878
793 925
794 884
796 876
797 827
797 923
797 936
798 910
799 969
799 988
800 837
800 891
802 827
802 901
802 968
803 807
803 984
804 838
804 860
807 885
807 963
808 964
809 958
811 845
811 951
812 953
813 826
814 933
814 967
817 947
818 913
818 982
819 827
821 999
822 981
823 837
823 892
823 926
824 826
824 947
825 926
826 980
827 868
827 969
828 937
829 847
830 873
830 881
831 835
831 896
831 948
832 877
832 998
833 860
833 932
833 951
833 993
834 971
835 880
835 950
837 847
837 869
839 848
839 886
840 893
841 882
842 867
843 926
846 871
847 902
847 998
848 936
849 917
850 961
850 990
851 865
852 866
853 936
853 963
854 868
854 947
856 959
857 950
858 889
858 960
859 867
859 949
859 956
860 896
861 864
861 890
861 946
861 951
863 873
863 906
865 958
867 997
869 894
870 901
870 921
870 933
871 933
872 958
874 886
875 897
875 994
880 978
881 995
882 998
883 942
885 905
889 989
890 911
892 987
892 996
893 926
893 973
896 917
897 994
902 916
902 994
903 986
903 991
905 907
905 928
905 930
905 934
906 951
909 999
910 924
913 947
915 967
916 956
917 922
917 943
922 967
926 947
927 929
930 967
930 981
931 937
931 978
932 937
933 937
933 964
937 944
939 940
941 977
944 966
946 960
949 978
952 956
952 987
954 955
965 992
975 997
978 984
979 982
979 999
985 998
