0
1000
6395
0
1
0
0 110
0 201
0 275
0 564
0 591
0 809
0 968
1 147
1 186
1 220
1 301
1 361
1 433
1 440
1 507
1 598
1 835
1 895
1 904
1 914
1 957
2 187
2 195
2 212
2 255
2 262
2 528
2 587
2 765
2 774
2 880
3 18
3 61
3 91
3 136
3 147
3 367
3 463
3 464
3 472
3 645
3 656
3 706
3 716
3 757
3 828
3 897
3 989
4 13
4 347
4 417
4 421
4 579
4 677
4 690
4 718
4 806
4 873
4 898
4 938
5 57
5 107
5 166
5 229
5 307
5 326
5 389
5 531
5 537
5 641
5 647
5 733
5 761
5 764
5 847
5 859
5 994
6 189
6 305
6 375
6 396
6 460
6 488
6 491
6 673
6 686
6 716
6 762
6 779
6 780
6 805
6 911
6 972
6 975
6 999
7 119
7 347
7 357
7 379
7 449
7 704
7 765
7 817
7 831
7 836
7 920
7 944
7 989
8 39
8 274
8 515
8 530
8 570
8 576
8 647
8 776
8 806
8 840
8 856
8 956
9 34
9 135
9 246
9 626
9 649
9 895
10 196
10 207
10 385
10 482
10 542
10 578
10 667
10 672
11 137
11 229
11 303
11 361
11 426
11 466
11 482
11 532
11 558
11 575
11 615
11 956
11 998
12 26
12 104
12 187
12 326
12 544
12 623
12 662
12 862
12 880
12 911
12 960
13 43
13 199
13 374
13 395
13 441
13 451
13 590
13 646
13 662
13 887
13 901
13 921
13 958
14 126
14 157
14 214
14 278
14 404
14 470
14 509
14 548
14 616
14 760
14 875
14 895
14 997
15 62
15 192
15 213
15 223
15 432
15 481
15 537
15 659
15 673
15 740
15 766
15 839
15 937
15 938
15 992
16 75
16 103
16 231
16 234
16 356
16 534
16 548
16 623
16 638
16 772
16 860
17 35
17 228
17 314
17 350
17 435
17 466
17 481
17 757
17 834
17 837
17 934
17 974
17 997
18 42
18 172
18 383
18 779
18 964
19 96
19 146
19 267
19 371
19 600
19 719
19 730
19 749
19 768
19 771
19 790
19 827
19 862
19 992
20 41
20 44
20 83
20 103
20 184
20 189
20 235
20 570
20 610
20 641
20 671
20 697
20 816
20 819
20 909
20 996
21 131
21 148
21 176
21 225
21 263
21 323
21 576
21 672
21 717
21 861
21 865
22 145
22 186
22 229
22 277
22 515
22 688
22 705
22 958
23 83
23 90
23 117
23 217
23 246
23 265
23 426
23 533
23 560
23 564
23 580
23 737
23 760
23 914
23 958
23 960
23 974
24 88
24 155
24 320
24 380
24 435
24 494
24 630
24 702
24 719
24 784
24 823
24 829
25 81
25 350
25 385
25 386
25 414
25 417
25 418
25 475
25 510
25 514
25 601
25 753
25 757
25 768
25 866
25 931
26 200
26 458
26 470
26 475
26 502
26 594
26 675
26 734
26 755
26 880
26 891
26 917
27 57
27 177
27 252
27 291
27 336
27 504
27 508
27 509
27 635
27 649
27 657
27 922
27 929
28 58
28 102
28 136
28 159
28 207
28 255
28 633
28 639
28 770
28 829
28 928
28 965
29 79
29 228
29 262
29 264
29 335
29 382
29 403
29 492
29 735
29 893
29 932
29 934
29 970
29 973
30 90
30 97
30 209
30 395
30 574
30 621
30 944
30 981
30 995
31 227
31 423
31 424
31 439
31 506
31 521
31 560
31 808
31 829
32 204
32 270
32 374
32 376
32 395
32 448
32 580
32 599
32 629
32 807
32 974
32 990
33 40
33 85
33 139
33 346
33 364
33 435
33 461
33 608
33 684
33 707
33 748
34 37
34 56
34 80
34 273
34 280
34 337
34 352
34 525
34 565
34 701
34 804
34 907
34 912
34 976
34 992
35 298
35 506
35 641
35 676
35 716
35 845
36 43
36 132
36 205
36 408
36 508
36 622
36 655
36 697
36 716
36 754
36 756
36 912
36 937
37 158
37 276
37 288
37 304
37 307
37 418
37 512
37 584
37 595
37 692
37 696
37 738
37 740
37 799
37 902
37 952
38 130
38 174
38 185
38 187
38 251
38 301
38 307
38 359
38 488
38 511
38 527
38 535
38 668
38 776
38 940
38 953
38 988
39 53
39 62
39 188
39 575
39 604
39 671
39 843
39 877
39 922
40 421
40 521
40 548
40 711
40 795
40 831
40 859
40 931
40 961
40 975
40 998
41 91
41 100
41 171
41 213
41 215
41 320
41 327
41 366
41 434
41 485
41 670
41 830
41 846
41 983
42 51
42 145
42 305
42 333
42 400
42 442
42 529
42 651
42 710
42 882
42 916
42 954
42 989
43 55
43 68
43 149
43 209
43 217
43 291
43 345
43 700
43 759
43 778
43 797
43 867
43 965
43 979
44 51
44 214
44 303
44 351
44 491
44 515
44 526
44 559
44 622
44 630
44 654
44 762
44 845
44 973
45 55
45 109
45 111
45 144
45 203
45 270
45 293
45 379
45 390
45 430
45 441
45 509
45 623
45 757
45 834
45 985
45 989
46 75
46 99
46 100
46 187
46 193
46 279
46 306
46 309
46 496
46 540
46 578
46 604
46 658
46 773
46 777
46 858
47 101
47 122
47 164
47 189
47 278
47 312
47 341
47 387
47 396
47 428
47 489
47 599
47 817
47 850
47 893
48 138
48 147
48 251
48 355
48 649
48 685
48 719
48 866
48 899
48 976
49 73
49 79
49 118
49 126
49 209
49 247
49 391
49 523
49 610
49 893
49 900
49 985
50 89
50 90
50 178
50 228
50 242
50 284
50 320
50 357
50 414
50 626
50 795
50 846
50 866
50 894
50 925
50 931
51 203
51 369
51 399
51 608
51 636
51 639
51 705
51 753
51 760
51 996
52 274
52 309
52 365
52 450
52 503
52 590
52 832
53 156
53 244
53 259
53 300
53 309
53 405
53 475
53 516
53 793
53 858
54 113
54 148
54 260
54 267
54 280
54 385
54 403
54 421
54 430
54 431
54 441
54 466
54 552
54 667
54 687
54 696
54 908
55 121
55 201
55 334
55 392
55 767
55 795
55 798
55 801
56 72
56 80
56 527
56 535
56 539
56 623
56 653
56 690
56 959
56 992
57 164
57 225
57 301
57 370
57 458
57 673
57 687
57 689
57 756
57 797
57 822
58 168
58 207
58 250
58 321
58 427
58 476
58 491
58 553
58 555
58 684
58 773
58 781
58 783
58 844
58 936
58 938
59 68
59 69
59 140
59 295
59 490
59 587
59 742
59 748
59 757
59 862
60 61
60 93
60 120
60 247
60 248
60 335
60 519
60 520
60 531
60 576
60 682
60 768
60 867
61 240
61 309
61 318
61 333
61 404
61 415
61 451
61 726
61 810
61 816
62 88
62 253
62 295
62 337
62 349
62 456
62 504
62 680
62 710
62 721
62 760
62 916
63 123
63 173
63 182
63 184
63 265
63 299
63 447
63 456
63 580
63 628
63 636
63 675
63 703
63 822
63 993
64 75
64 191
64 262
64 295
64 304
64 357
64 486
64 552
64 706
64 853
65 89
65 136
65 138
65 157
65 195
65 555
65 564
65 631
65 645
65 860
65 878
65 927
66 68
66 103
66 246
66 272
66 410
66 415
66 443
66 446
66 471
66 605
66 656
66 860
66 980
67 82
67 172
67 198
67 217
67 228
67 232
67 257
67 402
67 408
67 605
67 611
67 651
67 766
67 834
67 906
67 922
68 173
68 325
68 359
68 360
68 469
68 558
68 672
68 910
69 253
69 260
69 315
69 335
69 361
69 474
69 494
69 570
69 621
69 773
69 811
69 918
69 925
69 929
69 943
70 87
70 180
70 197
70 265
70 310
70 365
70 408
70 474
70 575
70 612
70 729
70 766
70 802
70 822
70 886
70 954
71 112
71 450
71 656
71 734
71 777
71 836
71 997
72 131
72 400
72 465
72 555
72 593
72 644
72 689
72 806
72 892
72 940
72 995
73 90
73 118
73 170
73 221
73 283
73 333
73 345
73 378
73 450
73 480
73 509
73 681
73 956
74 237
74 267
74 375
74 604
74 625
74 678
74 704
74 797
75 93
75 108
75 185
75 213
75 216
75 254
75 319
75 343
75 379
75 395
75 418
75 521
75 744
75 858
75 919
75 942
75 990
76 147
76 235
76 488
76 510
76 804
76 839
76 864
77 148
77 164
77 192
77 195
77 208
77 311
77 377
77 450
77 454
77 645
77 679
77 871
77 896
77 919
77 978
78 109
78 121
78 223
78 302
78 354
78 420
78 489
78 536
78 550
78 606
78 694
78 741
78 788
78 793
78 800
78 928
79 86
79 177
79 229
79 271
79 296
79 320
79 357
79 434
79 461
79 516
79 757
79 759
79 771
79 779
79 946
79 969
80 274
80 377
80 437
80 480
80 794
80 829
80 838
80 934
80 996
81 95
81 182
81 212
81 327
81 336
81 427
81 518
81 895
82 152
82 181
82 190
82 234
82 352
82 390
82 538
82 581
82 617
82 685
82 821
83 99
83 160
83 245
83 623
83 660
83 689
83 757
84 203
84 205
84 293
84 439
84 605
84 881
84 909
84 912
84 975
85 119
85 151
85 268
85 386
85 604
85 856
85 875
86 196
86 378
86 436
86 467
86 474
86 514
86 612
86 626
86 698
86 825
86 832
86 912
87 88
87 134
87 171
87 227
87 272
87 319
87 331
87 398
87 404
87 447
87 489
87 522
87 570
87 610
87 690
87 728
87 759
87 902
88 143
88 518
88 561
88 650
88 678
88 681
88 746
88 792
88 830
88 876
88 914
88 953
88 979
89 198
89 225
89 255
89 277
89 279
89 288
89 380
89 447
89 498
89 547
89 585
89 613
89 672
89 868
89 891
89 892
89 918
90 127
90 152
90 231
90 270
90 280
90 287
90 362
90 451
90 462
90 509
90 556
90 580
90 590
90 634
90 769
90 875
91 187
91 306
91 338
91 550
91 565
91 613
91 831
91 853
91 878
92 266
92 279
92 396
92 416
92 424
92 448
92 575
92 614
92 653
92 739
92 783
92 894
93 120
93 132
93 203
93 349
93 567
93 677
93 719
93 797
93 836
93 862
93 953
93 963
94 295
94 296
94 610
94 789
94 915
95 132
95 388
95 472
95 477
95 495
95 506
95 585
95 628
95 671
96 179
96 269
96 441
96 444
96 497
96 567
96 592
96 698
96 723
96 766
96 773
96 978
97 355
97 422
97 497
97 516
97 746
97 778
97 850
97 921
97 927
98 230
98 249
98 374
98 390
98 427
98 631
98 733
98 845
98 853
98 879
98 895
99 131
99 150
99 270
99 291
99 329
99 524
99 587
99 702
99 794
99 851
99 871
99 895
99 906
100 184
100 245
100 261
100 285
100 323
100 495
100 501
100 585
100 758
100 773
100 825
100 862
100 982
101 108
101 197
101 249
101 440
101 445
101 606
101 672
101 784
101 931
101 951
102 152
102 187
102 292
102 342
102 366
102 618
102 667
102 743
102 749
102 854
102 932
102 942
102 965
103 105
103 191
103 283
103 390
103 525
103 554
103 589
103 865
103 922
104 139
104 295
104 305
104 306
104 345
104 365
104 861
104 922
104 995
105 127
105 139
105 289
105 340
105 382
105 417
105 489
105 685
105 820
105 925
105 959
105 965
106 305
106 369
106 376
106 377
106 431
106 471
106 508
106 576
107 202
107 215
107 248
107 456
107 501
107 568
107 603
107 659
107 779
107 797
107 842
107 854
108 296
108 372
108 454
108 486
108 623
108 749
108 772
108 785
108 920
109 121
109 168
109 234
109 253
109 267
109 269
109 302
109 423
109 563
109 566
109 642
109 664
109 679
109 783
109 808
109 826
109 937
109 944
110 116
110 141
110 426
110 430
110 555
110 939
110 941
111 197
111 321
111 334
111 376
111 488
111 506
111 512
111 599
111 663
111 673
111 684
111 740
111 766
111 852
112 190
112 224
112 288
112 312
112 523
112 538
112 677
112 686
112 717
112 866
112 907
112 982
113 147
113 321
113 329
113 372
113 384
113 412
113 415
113 495
113 552
113 571
113 591
113 625
113 690
113 740
113 826
113 892
113 909
114 267
114 307
114 373
114 459
114 462
114 543
114 605
114 676
114 730
114 742
114 815
114 871
114 938
114 986
115 276
115 416
115 535
115 614
115 680
115 691
115 705
115 760
115 921
115 934
115 945
116 122
116 173
116 227
116 326
116 373
116 457
116 465
116 476
116 624
116 723
116 844
116 847
116 946
116 947
117 124
117 136
117 156
117 165
117 187
117 389
117 471
117 485
117 588
117 605
117 624
117 630
117 742
117 818
117 931
117 940
117 965
117 972
118 121
118 145
118 247
118 373
118 400
118 564
118 624
118 679
118 705
118 783
118 885
118 921
119 208
119 321
119 349
119 352
119 384
119 522
119 572
119 596
119 688
119 692
119 774
120 123
120 211
120 218
120 259
120 360
120 501
120 792
120 798
120 835
120 884
120 945
121 171
121 287
121 387
121 392
121 490
121 497
121 691
121 723
121 795
121 965
122 339
122 355
122 414
122 425
122 477
122 485
122 614
122 616
122 664
122 703
122 804
122 877
122 897
122 924
122 938
123 133
123 156
123 317
123 380
123 443
123 596
123 616
123 636
123 747
123 751
123 783
123 841
123 850
123 851
123 979
123 982
124 241
124 499
124 513
124 524
124 537
124 565
124 568
124 581
124 644
124 656
124 670
124 727
124 890
125 241
125 268
125 346
125 580
125 814
125 835
125 875
125 947
126 184
126 251
126 264
126 274
126 375
126 447
126 449
126 676
126 776
126 900
126 994
127 292
127 318
127 346
127 349
127 470
127 481
127 534
127 621
127 653
127 791
127 866
128 129
128 154
128 196
128 421
128 589
128 858
128 876
128 982
129 194
129 298
129 307
129 337
129 350
129 379
129 472
129 515
129 599
129 601
129 653
129 884
130 149
130 161
130 408
130 410
130 512
130 555
130 615
130 637
130 678
130 874
130 877
130 935
130 961
131 251
131 268
131 341
131 370
131 388
131 482
131 497
131 520
131 621
131 668
131 783
131 987
132 135
132 175
132 331
132 385
132 408
132 410
132 422
132 435
132 472
132 625
132 705
132 775
132 896
133 142
133 179
133 199
133 244
133 259
133 284
133 302
133 516
133 718
133 812
133 851
133 989
134 328
134 333
134 437
134 447
134 464
134 532
134 534
134 546
134 635
134 694
134 696
134 788
134 797
134 836
134 905
134 980
135 160
135 273
135 361
135 374
135 424
135 426
135 655
135 714
135 795
135 848
135 861
135 903
135 932
136 146
136 313
136 467
136 552
136 582
136 584
136 639
136 656
136 708
136 847
136 858
136 978
137 183
137 297
137 301
137 352
137 504
137 521
137 605
137 664
137 680
137 686
137 794
137 796
137 908
137 979
138 143
138 154
138 328
138 344
138 445
138 446
138 511
138 517
138 544
138 642
138 997
139 142
139 147
139 251
139 391
139 403
139 543
139 641
139 715
139 889
140 358
140 456
140 497
140 520
140 530
140 584
140 642
140 649
140 720
140 778
140 817
141 356
141 365
141 401
141 437
141 505
141 552
141 636
141 733
141 773
141 825
141 958
142 183
142 284
142 308
142 405
142 724
142 813
142 816
142 925
142 938
142 940
142 984
142 988
143 211
143 334
143 612
143 619
143 752
143 819
143 864
143 873
143 982
144 167
144 212
144 234
144 304
144 386
144 627
144 751
144 928
145 199
145 212
145 214
145 270
145 302
145 374
145 391
145 505
145 511
145 814
145 867
145 967
146 282
146 331
146 357
146 468
146 491
146 505
146 699
146 756
146 776
146 809
146 924
147 416
147 573
147 599
147 681
147 813
147 837
147 864
147 878
148 179
148 203
148 223
148 314
148 439
148 632
148 657
148 684
148 842
148 944
149 384
149 436
149 466
149 533
149 542
149 550
149 586
149 596
149 679
149 685
149 696
149 702
149 715
149 832
149 833
149 929
150 155
150 159
150 164
150 260
150 268
150 344
150 373
150 417
150 538
150 597
150 950
150 973
151 374
151 558
151 581
151 593
151 596
151 641
151 696
151 778
151 962
152 157
152 158
152 516
152 635
152 645
152 691
152 732
152 806
152 831
152 919
152 930
152 971
152 984
153 450
153 480
153 517
153 523
153 557
153 562
153 626
153 802
153 985
154 325
154 558
154 568
154 591
154 673
154 679
154 757
154 800
154 853
154 865
155 193
155 279
155 313
155 525
155 563
155 619
155 676
155 678
155 719
155 721
155 727
155 800
155 869
155 914
156 211
156 250
156 311
156 374
156 472
156 482
156 499
156 639
156 691
156 778
156 785
156 809
156 818
156 930
157 213
157 214
157 296
157 329
157 344
157 478
157 637
157 714
157 776
157 795
157 796
157 812
157 837
157 880
157 899
157 990
158 252
158 425
158 463
158 468
158 597
158 777
158 903
158 946
158 993
159 230
159 232
159 310
159 317
159 444
159 475
159 483
159 565
159 586
159 614
159 764
159 836
159 952
160 166
160 188
160 238
160 587
160 605
160 685
160 761
160 818
160 942
161 314
161 383
161 545
161 559
161 633
161 697
161 701
161 791
161 876
162 273
162 294
162 444
162 483
162 484
162 508
162 582
162 667
162 700
162 877
163 191
163 192
163 203
163 218
163 373
163 407
163 441
163 479
163 533
163 550
163 585
163 622
163 639
163 707
164 207
164 358
164 372
164 504
164 750
164 902
164 921
165 241
165 292
165 326
165 433
165 440
165 580
165 633
165 722
165 812
165 931
165 970
165 998
166 168
166 197
166 198
166 206
166 221
166 238
166 249
166 252
166 366
166 378
166 571
166 866
166 947
167 178
167 241
167 391
167 410
167 616
167 891
167 964
168 169
168 407
168 425
168 481
168 586
168 607
168 618
168 620
168 635
168 659
168 719
168 753
168 795
168 929
168 981
169 188
169 434
169 517
169 524
169 636
169 703
169 895
170 228
170 234
170 254
170 255
170 375
170 537
170 691
170 695
170 806
170 913
171 278
171 284
171 480
171 491
171 548
171 592
171 772
171 910
171 990
172 302
172 330
172 333
172 430
172 524
172 542
172 604
172 612
172 666
172 690
172 777
172 887
173 178
173 206
173 209
173 228
173 264
173 285
173 386
173 459
173 492
173 520
173 523
173 555
173 784
173 864
173 900
174 224
174 311
174 363
174 367
174 547
174 616
174 683
174 740
174 790
174 879
174 987
175 187
175 260
175 275
175 556
175 619
175 636
175 805
175 907
175 932
176 243
176 263
176 647
176 649
176 711
176 778
176 827
176 883
176 933
177 208
177 255
177 412
177 479
177 554
177 569
177 659
177 730
177 880
178 250
178 274
178 291
178 302
178 305
178 418
178 523
178 528
178 570
178 750
178 779
179 183
179 271
179 376
179 397
179 446
179 469
179 473
179 615
179 764
179 944
179 961
179 997
180 341
180 451
180 473
180 561
180 856
181 246
181 378
181 422
181 454
181 460
181 517
181 521
181 634
181 663
181 667
181 836
182 184
182 396
182 426
182 448
182 461
182 541
182 548
182 623
182 736
182 941
183 308
183 587
183 949
184 197
184 221
184 647
184 680
184 898
184 902
184 949
184 970
185 186
185 221
185 333
185 350
185 388
185 464
185 491
185 754
185 795
185 927
185 935
186 504
186 607
186 612
186 632
186 663
186 701
186 784
186 862
186 871
186 876
187 236
187 274
187 279
187 300
187 654
187 910
187 932
188 223
188 239
188 254
188 281
188 400
188 483
188 552
188 953
189 195
189 236
189 304
189 355
189 404
189 484
189 490
189 498
189 509
189 759
189 768
189 962
190 321
190 382
190 470
190 536
190 553
190 649
190 831
190 887
191 198
191 242
191 258
191 714
191 772
191 784
191 807
191 832
191 893
191 910
191 914
191 936
191 999
192 333
192 391
192 451
192 461
192 516
192 653
192 728
192 729
192 741
192 768
192 933
193 202
193 248
193 315
193 419
193 420
193 429
193 484
193 536
193 680
193 815
193 836
194 243
194 255
194 405
194 486
194 581
194 645
194 679
194 731
194 788
194 801
194 993
195 212
195 241
195 354
195 398
195 489
195 567
195 677
195 763
195 782
195 852
196 445
196 463
196 585
196 604
196 647
196 686
196 734
196 792
196 971
197 285
197 314
197 442
197 565
197 575
197 758
197 775
197 781
197 848
197 890
198 359
198 390
198 454
198 487
198 489
198 588
198 690
198 711
198 748
198 789
198 821
198 980
199 359
199 504
199 548
199 750
199 762
199 790
199 874
199 951
200 201
200 241
200 301
200 332
200 386
200 441
200 676
200 683
200 778
200 783
201 229
201 388
201 417
201 515
201 541
201 559
201 730
201 741
201 774
201 883
201 933
202 235
202 315
202 544
202 654
202 857
202 858
202 914
203 339
203 351
203 358
203 395
203 818
203 928
203 963
203 985
204 242
204 302
204 310
204 373
204 405
204 727
204 778
204 780
204 790
204 969
204 984
204 992
204 998
205 209
205 210
205 351
205 377
205 437
205 578
205 669
205 869
205 924
205 987
206 226
206 230
206 271
206 313
206 322
206 334
206 470
206 600
206 635
206 721
206 890
207 222
207 422
207 436
207 546
207 548
207 602
207 603
207 778
207 786
208 210
208 621
208 646
208 842
208 851
208 889
209 242
209 295
209 442
209 557
209 676
209 706
209 947
210 305
210 489
210 556
210 592
210 619
210 667
211 290
211 297
211 302
211 308
211 350
211 573
211 628
211 728
211 915
211 925
211 977
212 239
212 253
212 263
212 287
212 315
212 363
212 422
212 538
212 561
212 590
212 747
212 871
212 878
213 216
213 288
213 304
213 324
213 344
213 476
213 555
213 609
213 892
213 900
213 979
214 221
214 235
214 259
214 357
214 514
214 583
214 669
214 852
214 937
214 995
215 342
215 360
215 469
215 507
215 510
215 636
215 816
216 242
216 291
216 370
216 475
216 570
216 584
216 671
216 675
216 772
216 829
217 497
217 664
217 750
217 802
217 873
217 894
217 901
217 937
217 945
217 949
218 396
218 438
219 228
219 352
219 466
219 510
219 571
219 804
219 898
219 905
220 428
220 492
220 505
220 574
220 609
220 620
220 626
220 732
220 832
220 894
221 251
221 273
221 279
221 282
221 301
221 323
221 355
221 369
221 388
221 559
221 620
221 627
221 837
221 876
221 891
221 916
221 952
222 282
222 618
222 647
222 768
222 954
223 230
223 277
223 545
223 655
223 745
223 822
224 249
224 253
224 267
224 360
224 449
224 483
224 526
224 527
224 576
224 599
224 616
224 634
224 675
224 759
225 261
225 323
225 532
225 588
225 631
225 717
225 752
225 830
225 875
225 943
226 417
226 441
226 629
226 658
226 696
226 866
226 890
227 372
227 392
227 667
227 827
227 851
228 255
228 392
228 476
228 781
228 819
228 879
228 908
229 239
229 412
229 444
229 472
229 475
229 577
229 587
229 589
229 604
229 698
229 711
229 860
230 278
230 283
230 304
230 313
230 340
230 345
230 410
230 429
230 720
230 826
230 884
230 977
231 249
231 349
231 398
231 506
231 515
231 594
231 775
231 790
231 792
231 841
231 919
231 922
231 991
232 236
232 250
232 251
232 321
232 382
232 400
232 551
232 574
232 678
232 693
232 746
232 781
232 801
232 809
232 812
232 844
232 873
233 247
233 297
233 438
233 449
233 486
233 552
233 588
233 640
233 689
233 863
234 261
234 269
234 313
234 325
234 423
234 607
234 613
234 724
234 900
235 248
235 290
235 308
235 531
235 546
235 554
235 625
235 766
235 797
235 841
235 910
235 979
236 272
236 306
236 379
236 395
236 608
236 678
236 727
236 943
237 263
237 286
237 319
237 371
237 451
237 533
237 649
237 763
237 907
237 925
238 450
238 462
238 469
238 470
238 585
238 761
238 859
238 903
239 271
239 320
239 348
239 351
239 377
239 428
239 454
239 545
239 758
239 838
239 889
239 946
239 962
240 429
240 456
240 457
240 537
240 570
240 747
240 841
240 920
240 959
240 983
240 992
241 258
241 574
241 589
241 597
241 695
241 880
241 985
242 262
242 286
242 330
242 332
242 364
242 425
242 489
242 589
242 637
242 779
242 884
242 941
243 245
243 452
243 524
243 558
243 718
243 829
243 866
243 922
243 986
244 249
244 274
244 281
244 283
244 589
244 809
244 831
244 854
244 855
244 929
244 931
244 940
244 998
245 271
245 312
245 380
245 425
245 665
245 679
245 728
245 752
245 915
246 305
246 352
246 453
246 570
246 577
246 678
246 753
246 764
246 842
246 947
247 363
247 370
247 515
247 538
247 564
247 675
247 688
247 695
247 816
247 876
248 444
248 462
248 470
248 533
248 645
248 715
248 729
248 739
248 782
248 884
248 939
249 302
249 343
249 407
249 637
249 680
249 702
249 736
249 868
250 326
250 362
250 459
250 470
250 510
250 683
250 944
251 408
251 570
251 638
251 648
251 666
251 705
251 751
251 882
251 911
251 919
252 306
252 308
252 319
252 340
252 389
252 486
252 520
252 522
252 561
252 624
252 662
252 686
252 741
252 766
252 818
252 837
253 271
253 344
253 346
253 514
253 529
253 664
253 797
253 813
254 379
254 563
254 730
254 779
254 780
254 822
254 847
254 898
254 913
254 940
254 976
254 983
255 288
255 451
255 523
255 620
255 636
255 735
255 744
255 797
255 815
255 997
256 262
256 328
256 373
256 592
256 611
256 686
256 753
256 805
256 829
256 895
257 314
257 316
257 347
257 398
257 412
257 442
257 571
257 669
257 674
257 686
257 763
257 990
258 366
258 377
258 790
258 959
258 998
259 277
259 291
259 323
259 466
259 592
259 713
259 739
259 819
259 881
259 991
260 371
260 430
260 448
260 490
260 526
260 691
260 698
260 770
260 861
260 909
260 932
260 936
261 307
261 382
261 469
261 588
261 628
261 710
261 803
261 861
261 948
262 280
262 285
262 301
262 389
262 396
262 602
262 666
262 817
262 966
262 978
263 424
263 440
263 731
263 867
263 952
263 985
264 334
264 357
264 400
264 490
264 599
264 762
264 848
264 949
265 305
265 351
265 431
265 457
265 530
265 588
265 630
265 734
266 426
266 434
266 488
266 524
266 571
266 572
266 609
266 705
266 717
266 744
266 800
266 871
266 900
267 431
267 627
267 801
267 886
267 997
267 998
268 314
268 378
268 469
268 540
268 615
268 624
268 682
268 791
268 826
268 853
268 901
268 938
269 330
269 371
269 852
270 375
270 382
270 493
270 623
270 764
270 837
270 873
270 928
270 934
271 344
271 426
271 503
271 675
271 895
271 954
272 281
272 339
272 355
272 437
272 444
272 576
272 588
272 686
272 827
272 934
272 954
273 428
273 483
273 540
273 576
273 681
273 738
273 778
273 871
274 294
274 300
274 466
274 595
274 666
274 740
274 795
274 826
274 846
274 865
274 923
274 992
275 278
275 465
275 492
275 662
275 724
275 897
275 922
275 976
276 494
276 532
276 592
276 686
276 776
276 932
276 952
276 985
277 388
277 389
277 418
277 487
277 503
277 557
277 569
277 730
277 857
277 881
277 885
277 889
277 916
278 330
278 450
278 482
278 516
278 523
278 637
278 676
278 703
278 751
278 791
278 821
278 868
278 903
278 915
279 472
279 785
279 812
279 849
279 888
279 949
280 294
280 392
280 634
280 659
280 732
280 835
280 942
280 967
281 440
281 508
281 607
281 712
281 855
281 956
282 305
282 339
282 410
282 541
282 594
282 603
282 723
282 786
282 794
282 918
283 341
283 422
283 450
283 453
283 537
283 542
283 558
283 594
283 671
283 810
283 814
283 884
283 956
284 296
284 302
284 304
284 330
284 333
284 460
284 531
284 587
284 611
284 657
284 732
284 774
285 342
285 363
285 476
285 607
285 696
285 713
285 764
285 880
285 913
285 921
285 994
285 998
286 318
286 384
286 542
286 572
286 852
286 872
286 984
286 989
287 389
287 478
287 586
287 618
287 620
287 666
287 714
287 765
287 881
287 948
287 955
288 377
288 398
288 671
288 743
288 998
289 415
289 461
289 496
289 534
289 630
289 743
289 752
289 908
290 405
290 415
290 507
290 509
290 553
290 557
290 595
290 646
290 772
290 798
290 808
290 817
290 851
290 968
291 424
291 437
291 481
291 483
291 492
291 754
291 774
291 827
291 843
292 350
292 394
292 426
292 490
292 541
292 615
292 653
292 736
292 773
292 858
293 447
293 487
293 494
293 606
293 696
293 762
293 786
293 958
294 356
294 503
294 512
294 541
294 608
294 835
294 921
294 935
294 947
295 351
295 359
295 484
295 609
295 715
295 718
295 731
295 739
295 823
295 943
296 308
296 318
296 428
296 460
296 475
296 484
296 503
296 506
296 692
296 770
296 804
296 815
296 826
297 419
297 436
297 486
297 548
297 613
297 742
297 864
297 866
297 954
297 966
297 971
298 309
298 359
298 434
298 643
298 724
298 736
298 773
298 774
298 853
298 901
299 388
299 554
299 579
299 641
299 683
299 775
299 790
299 812
299 833
299 926
300 512
300 653
300 684
300 950
300 982
301 338
301 355
301 455
301 575
301 757
301 952
301 985
302 448
302 505
302 518
302 573
302 647
302 737
302 776
302 833
302 906
302 954
303 346
303 387
303 449
303 503
303 586
303 771
303 787
303 832
303 841
303 990
304 318
304 344
304 376
304 380
304 426
304 462
304 535
304 578
304 651
304 750
304 826
304 832
304 848
304 871
305 309
305 389
305 404
305 463
305 525
305 628
305 886
305 995
306 382
306 446
306 551
306 599
306 691
306 725
306 757
306 799
306 954
306 965
306 973
306 979
307 342
307 550
307 552
307 644
307 688
307 705
307 831
307 886
308 436
308 454
308 532
308 639
308 648
308 702
308 703
308 969
309 372
309 470
309 544
309 617
309 666
309 671
309 692
309 771
309 815
309 857
309 973
310 313
310 337
310 410
310 419
310 496
310 506
310 712
310 732
310 914
311 400
311 407
311 430
311 534
311 653
311 666
311 868
311 973
312 318
312 339
312 366
312 577
312 598
312 669
312 682
312 691
312 737
312 805
312 920
313 535
313 578
313 773
314 403
314 407
314 538
314 683
314 874
314 898
315 358
315 380
315 471
315 693
315 718
315 726
315 787
315 792
315 796
315 910
315 980
316 524
316 600
316 630
316 692
316 763
316 843
317 414
317 502
317 667
317 676
317 778
317 870
317 969
318 370
318 606
318 607
318 824
318 853
318 876
319 376
319 397
319 506
319 556
319 673
319 861
319 923
319 948
320 493
320 536
320 722
320 748
320 804
320 917
320 946
320 965
321 346
321 535
321 564
321 575
321 590
321 738
321 807
321 874
321 920
322 464
322 633
322 669
322 676
322 811
322 984
323 362
323 376
323 402
323 746
323 872
323 891
323 899
324 504
324 635
324 661
324 669
324 684
324 716
324 827
324 925
324 968
324 994
325 554
325 607
325 614
325 752
325 759
325 781
325 790
325 805
325 839
325 889
326 372
326 531
326 633
326 674
326 726
326 802
326 867
326 980
327 342
327 519
327 542
327 580
327 622
327 657
327 811
327 832
328 370
328 384
328 404
328 427
328 434
328 440
328 481
328 505
328 534
328 573
328 635
328 764
328 805
328 946
329 496
329 603
329 662
329 704
329 831
329 899
329 903
330 456
330 617
330 630
330 707
330 790
330 906
330 907
331 371
331 509
331 522
331 555
331 658
331 670
331 726
331 755
332 462
332 586
332 630
332 642
332 703
332 732
332 770
332 851
333 342
333 359
333 621
333 666
333 701
333 948
334 422
334 508
334 780
334 798
334 844
334 931
334 947
334 983
335 385
335 503
335 595
335 634
335 660
335 683
335 816
335 848
335 919
335 932
336 354
336 441
336 471
336 566
336 568
336 774
336 968
337 356
337 397
337 656
337 830
337 876
337 949
338 373
338 477
338 608
338 640
338 661
338 844
338 966
338 972
338 983
339 484
339 495
339 534
339 647
339 721
339 738
339 756
339 982
340 450
340 724
340 894
340 952
341 353
341 485
341 503
341 611
341 671
341 672
341 721
341 725
341 783
341 819
341 847
342 496
342 503
342 627
342 634
342 794
342 884
343 548
343 601
343 627
343 648
343 827
343 907
344 467
344 468
344 533
344 655
344 738
344 770
344 818
344 972
344 984
345 388
345 450
345 862
345 864
345 969
346 380
346 605
346 618
346 637
346 704
346 719
346 737
346 748
346 763
346 844
346 890
347 468
347 596
347 659
347 958
348 677
348 958
348 964
349 596
349 630
349 663
349 731
349 917
349 965
350 363
350 364
350 371
350 380
350 656
350 669
350 762
350 790
350 793
350 848
350 867
350 913
350 926
350 965
351 353
351 362
351 379
351 391
351 414
351 444
351 608
351 631
351 816
351 828
351 837
351 857
351 911
352 415
352 446
352 504
352 589
352 597
352 638
352 730
352 918
352 945
352 952
353 426
353 444
353 525
353 576
353 681
353 750
353 789
353 829
353 833
353 843
353 853
353 966
354 355
354 461
354 531
354 571
354 787
354 899
354 957
355 375
355 535
355 629
355 636
355 666
355 797
355 809
355 813
355 897
356 398
356 479
356 485
356 504
356 537
356 566
356 770
356 916
356 971
357 475
357 487
357 756
357 778
357 877
357 908
357 914
358 369
358 370
358 406
358 552
358 570
358 656
358 694
358 728
358 817
358 972
359 420
359 521
359 564
359 569
359 743
359 797
359 881
359 947
359 987
360 405
360 423
360 512
360 513
360 539
360 565
360 623
360 662
360 684
360 706
360 729
360 731
360 763
360 838
360 950
361 411
361 422
361 876
361 923
361 938
362 378
362 434
362 485
362 493
362 519
362 631
362 721
362 735
362 823
362 941
363 466
363 483
363 488
363 501
363 560
363 716
363 763
363 777
363 787
363 933
363 935
364 463
364 530
364 685
364 737
364 755
364 855
364 978
365 369
365 448
365 459
365 462
365 565
365 684
365 774
365 870
365 885
365 889
365 981
366 427
366 439
366 534
366 555
366 752
366 788
366 858
366 899
367 397
367 409
367 511
367 528
367 544
367 598
367 688
367 795
367 916
368 496
368 515
368 525
368 673
368 716
368 783
368 793
368 834
368 939
369 429
369 471
369 550
369 564
369 696
369 846
369 866
369 906
370 384
370 407
370 478
370 490
370 523
370 535
370 738
370 821
370 855
370 859
370 928
370 985
371 742
371 835
371 901
371 907
372 497
372 569
372 653
372 816
372 859
372 875
372 904
373 495
373 856
373 874
374 482
374 505
374 510
374 513
374 525
374 527
374 673
374 701
374 704
374 838
374 882
375 397
375 422
375 424
375 460
375 483
375 529
375 533
375 561
375 760
375 811
375 915
375 940
376 411
376 492
376 532
376 767
376 867
376 872
376 924
376 925
376 965
377 378
377 447
377 470
377 478
377 539
377 723
377 767
377 876
377 914
378 406
378 485
378 579
378 677
378 681
378 682
378 761
378 780
378 890
378 902
378 995
379 522
379 915
379 988
380 419
380 578
380 676
380 714
380 889
381 433
381 447
381 931
382 403
382 449
382 452
382 481
382 583
382 634
382 792
382 933
382 987
383 423
383 494
383 947
384 424
384 494
384 515
384 534
384 731
384 768
384 989
384 995
385 525
385 532
385 544
385 557
385 646
385 673
385 772
385 794
385 818
386 483
386 529
386 619
386 656
386 697
386 874
386 917
387 566
387 624
387 750
387 875
387 945
387 969
388 407
388 451
388 463
388 552
388 623
388 654
388 690
388 783
388 791
389 590
389 609
389 621
390 452
390 468
390 481
390 487
390 714
390 748
390 754
391 572
391 591
391 721
391 745
391 777
391 788
391 810
391 899
391 940
391 995
392 429
392 487
392 501
392 521
392 529
392 558
392 639
392 649
392 813
392 887
392 947
392 991
392 999
393 496
393 622
393 649
393 654
393 785
393 818
393 928
393 967
394 407
394 717
394 725
394 854
394 953
395 432
395 502
395 577
395 729
395 926
396 460
396 470
396 638
396 960
396 996
397 465
397 514
397 557
397 621
397 675
397 695
397 835
397 996
397 997
398 566
398 599
398 613
398 690
398 715
398 735
398 955
398 961
398 994
399 523
399 792
399 813
399 990
400 414
400 440
400 480
400 498
400 570
400 838
401 605
401 632
401 682
401 753
401 788
401 985
401 987
402 476
402 510
402 533
402 548
402 560
402 678
402 744
402 829
402 970
403 452
403 507
404 454
404 488
404 517
404 549
404 857
404 889
404 984
405 438
405 813
405 836
405 837
405 936
406 562
406 582
406 643
406 743
406 799
406 838
406 905
406 972
407 425
407 448
407 518
407 563
407 566
407 630
407 640
407 840
407 893
407 937
408 448
408 569
408 628
408 677
408 828
408 830
408 897
408 912
409 616
409 701
409 717
409 887
409 910
409 976
410 445
410 450
410 510
410 630
410 720
410 721
410 757
410 854
411 489
411 522
411 594
411 729
411 774
411 896
411 951
412 454
412 524
412 531
412 599
412 631
412 688
412 700
412 710
412 723
412 755
412 769
412 792
412 807
412 915
412 922
413 419
413 460
413 509
413 682
413 794
413 919
413 957
414 417
414 470
414 489
414 583
414 643
414 659
414 824
414 873
414 874
414 878
414 912
414 923
415 418
415 572
415 612
415 727
415 740
415 986
416 427
416 737
416 752
416 817
416 835
416 890
416 997
417 426
417 476
417 538
417 602
417 697
417 829
417 912
417 975
418 456
418 521
418 610
418 725
418 813
418 883
418 908
418 946
419 503
419 505
419 509
419 673
419 806
419 859
419 860
420 490
420 515
420 558
420 616
420 649
420 666
420 689
420 876
421 442
421 456
421 473
421 566
421 581
421 656
421 739
421 842
421 902
421 945
421 983
421 992
422 436
422 506
422 515
422 528
422 568
422 702
422 753
423 472
423 531
423 589
423 798
423 814
423 880
424 514
424 553
424 559
424 649
424 715
425 447
425 566
425 568
425 693
425 695
425 794
425 962
426 668
426 692
426 795
426 893
426 909
427 439
427 459
427 479
427 542
427 725
427 815
427 834
427 924
428 434
428 497
428 679
428 946
429 479
429 531
429 586
429 600
429 720
429 828
429 900
429 921
429 949
429 950
429 976
430 456
430 483
430 499
430 651
430 998
431 471
431 639
431 673
431 765
431 887
431 965
431 988
431 997
432 510
432 562
432 656
432 658
432 663
432 694
433 493
433 566
433 716
433 759
434 715
434 909
434 983
435 457
435 544
435 634
435 791
435 794
435 895
436 460
436 502
436 506
436 516
436 532
436 574
436 577
436 622
436 646
436 697
436 749
436 927
437 540
437 564
437 597
437 648
437 656
437 694
437 718
437 804
437 820
437 821
437 931
438 476
438 502
438 521
438 751
438 757
438 783
439 573
439 668
439 726
439 863
440 471
440 690
440 705
440 707
440 739
440 795
440 799
440 803
441 534
441 561
441 630
441 640
441 924
441 971
441 984
442 577
442 636
442 680
442 731
442 790
442 852
442 914
442 933
442 987
443 510
443 603
443 620
443 625
443 638
443 706
443 821
443 894
443 932
444 453
444 592
444 696
444 703
444 803
444 848
444 882
444 885
445 448
445 578
445 766
446 675
446 707
446 758
446 856
446 873
446 947
446 962
447 565
447 814
447 829
447 867
447 909
447 957
447 967
447 973
448 516
448 769
448 913
449 596
449 639
449 663
449 741
449 839
449 927
449 963
449 998
450 518
450 569
450 577
450 638
450 660
450 669
450 727
450 776
450 827
450 866
450 876
450 892
450 980
450 989
451 747
451 755
451 808
451 839
451 844
451 879
451 929
451 994
452 583
452 592
452 636
452 689
452 779
452 917
452 918
452 996
453 513
453 722
453 728
453 732
453 779
453 897
454 463
454 475
454 597
454 734
454 758
454 986
455 530
455 557
455 564
455 580
455 672
455 734
456 572
456 593
456 756
457 569
457 610
457 667
457 741
457 745
457 882
457 909
457 998
458 526
458 547
458 639
458 650
458 665
458 690
458 746
458 831
458 840
458 846
458 884
458 922
458 938
459 816
459 865
459 955
460 501
460 603
460 623
460 654
460 676
460 861
460 869
460 907
460 916
461 473
461 495
461 519
461 703
461 842
462 491
462 518
462 601
462 605
462 651
462 672
462 691
462 713
462 740
462 765
462 996
463 534
463 679
463 689
463 835
463 852
464 691
464 818
464 875
465 552
465 561
465 599
465 699
465 787
465 837
465 838
465 910
465 942
466 537
466 601
466 676
466 765
466 766
466 892
467 512
467 592
467 648
467 665
467 686
467 878
467 935
467 966
468 566
468 588
468 699
468 787
468 858
468 922
468 926
468 963
468 987
469 597
469 608
469 791
469 818
469 988
469 993
470 590
470 719
471 472
471 513
471 599
471 623
471 668
471 763
471 797
471 898
471 899
471 976
472 474
472 540
472 775
472 791
472 838
472 896
472 961
473 517
473 747
473 817
473 830
473 952
474 477
474 514
474 606
474 790
474 882
474 944
475 534
475 541
475 598
475 633
475 824
475 848
475 889
475 958
476 500
476 588
476 842
476 868
477 583
477 626
477 683
477 711
477 712
477 714
477 737
478 575
478 764
478 915
479 500
479 651
479 697
479 803
479 833
480 482
480 514
480 562
480 564
480 576
480 735
480 794
480 795
480 805
480 840
480 976
481 495
481 501
481 716
481 734
481 741
482 571
482 610
482 646
482 763
482 873
482 965
483 509
483 520
483 626
483 722
483 744
483 751
483 805
483 826
483 879
483 923
484 521
484 581
484 634
484 646
484 778
484 880
484 912
485 500
485 583
485 626
485 762
485 939
486 595
486 859
486 884
486 935
486 959
486 967
487 491
487 534
487 694
487 832
487 954
488 519
488 616
488 755
489 537
489 573
489 748
489 753
489 779
489 844
489 952
490 527
490 634
490 694
490 761
490 810
490 827
491 507
491 606
491 640
491 701
491 877
491 938
492 526
492 531
492 630
492 707
492 931
492 939
493 522
493 645
493 912
493 970
494 501
494 530
494 563
494 628
494 680
494 908
495 543
495 589
495 712
495 862
495 970
495 977
495 998
496 513
496 521
496 843
497 658
497 694
497 708
497 738
497 912
497 957
497 969
498 532
498 541
498 566
498 589
498 594
499 632
499 634
499 855
499 921
500 748
500 759
500 896
500 945
501 578
501 581
501 744
501 897
501 916
501 979
502 590
502 700
502 791
502 874
502 939
503 591
503 645
503 754
503 803
503 853
503 975
504 563
504 655
504 842
504 871
505 585
505 627
505 644
505 654
505 673
505 677
505 979
506 707
506 818
506 834
506 965
507 560
507 683
507 717
507 728
507 856
507 882
508 586
508 686
508 748
508 758
508 798
508 866
508 923
508 983
509 729
509 734
509 795
509 940
509 999
510 575
510 596
510 676
510 690
510 823
510 889
511 544
511 562
511 584
511 642
511 666
511 672
511 717
511 740
511 861
511 879
511 893
511 906
512 596
512 607
512 650
512 813
513 556
513 595
513 647
513 705
513 842
514 526
514 580
514 616
514 701
514 746
514 816
514 888
514 933
515 539
515 597
515 611
515 644
515 649
516 527
516 562
516 581
516 656
516 669
516 747
516 898
516 923
516 945
517 656
517 748
517 829
517 919
517 949
517 963
518 535
518 544
518 836
518 880
518 949
519 686
519 687
519 723
519 759
519 846
520 523
520 552
520 576
520 620
520 722
520 760
520 871
520 953
521 540
521 651
521 703
521 773
522 633
522 637
522 782
523 659
523 687
523 690
523 723
523 884
523 913
523 931
523 933
523 966
524 547
524 574
524 614
524 619
524 650
524 868
524 949
524 981
525 530
525 810
525 838
525 922
525 974
526 530
526 629
526 800
527 563
527 576
527 711
527 721
527 727
527 731
527 978
528 566
528 576
528 657
528 764
528 968
529 555
529 578
529 590
529 601
529 669
529 697
529 703
529 785
529 855
530 613
530 650
530 873
530 945
531 586
531 619
531 946
531 953
531 975
532 599
532 718
532 725
532 840
532 872
532 962
533 842
533 856
533 992
534 614
534 703
534 754
534 943
534 977
535 564
535 599
535 701
535 724
535 843
535 847
535 887
535 911
535 929
535 941
536 616
536 657
536 681
536 957
537 641
537 815
537 877
537 892
537 934
537 959
538 599
538 712
538 722
538 805
538 891
539 570
539 590
539 600
539 728
539 863
539 865
539 971
540 627
540 719
540 844
540 861
540 866
541 586
541 647
541 661
541 802
541 867
542 549
542 616
542 727
542 741
542 751
542 813
542 938
543 579
543 642
543 684
543 803
543 848
543 992
544 574
544 651
544 718
544 750
544 941
544 965
545 547
545 618
545 636
545 709
545 731
545 749
545 831
545 880
545 897
545 917
546 717
546 812
546 813
546 926
546 977
546 986
547 566
547 743
547 821
547 882
547 884
547 898
547 948
548 809
548 817
548 863
549 571
549 929
549 959
550 558
550 563
550 599
550 713
550 757
550 793
550 962
551 577
551 585
551 682
551 729
551 788
551 993
552 640
552 667
552 819
552 840
552 872
553 660
554 669
554 844
554 863
554 977
555 610
555 761
555 835
555 923
555 934
555 960
556 607
556 754
556 834
556 855
556 891
556 909
556 930
557 676
557 798
557 803
557 971
557 985
558 618
558 653
558 813
558 954
559 708
559 785
559 834
559 847
559 891
559 936
560 561
560 713
561 655
561 732
561 785
561 851
561 884
561 941
561 952
562 628
562 758
562 772
562 817
563 599
563 608
563 653
563 766
563 795
563 819
563 832
563 992
564 568
564 623
564 751
564 789
564 945
565 643
565 713
565 741
565 744
565 745
565 792
565 829
565 902
565 939
566 676
566 717
566 797
566 810
566 869
566 870
566 953
566 954
567 583
567 659
567 749
567 922
567 957
567 972
568 720
568 873
568 923
568 961
568 985
569 583
569 586
569 630
569 807
570 580
570 607
570 804
571 620
571 739
571 832
571 883
571 943
572 737
572 763
572 858
572 978
573 623
573 674
573 705
573 742
573 930
574 637
574 646
574 718
574 777
574 902
574 937
574 945
574 988
575 578
575 637
575 731
575 746
575 886
575 924
576 602
576 710
576 711
576 732
576 769
576 837
576 841
576 902
576 952
577 670
577 809
577 822
577 875
578 652
578 785
578 832
578 901
579 583
579 723
579 817
579 947
580 598
580 666
580 751
580 777
580 805
580 963
581 679
581 726
581 752
581 799
582 662
582 835
583 589
583 604
583 632
583 647
583 688
583 693
583 993
584 613
584 748
584 776
584 780
584 821
584 925
585 599
585 755
585 795
586 657
586 712
586 786
586 831
586 842
586 847
586 929
587 683
587 712
587 815
587 861
587 894
587 965
588 626
588 734
588 798
589 597
589 699
589 804
589 823
589 969
589 988
589 990
590 744
590 802
590 862
591 595
591 604
591 829
591 830
591 842
591 859
591 956
591 973
592 648
592 750
592 756
592 854
592 888
592 912
592 954
593 624
593 701
594 608
594 792
594 803
594 965
594 995
595 616
595 687
595 716
595 761
595 794
595 799
595 914
596 820
596 853
596 922
596 935
597 600
597 633
597 741
597 765
597 772
597 844
597 854
597 914
597 940
598 693
598 733
598 742
598 754
598 760
598 881
598 926
598 942
598 993
599 714
599 734
599 955
600 686
600 696
600 698
600 888
600 923
601 628
601 768
601 797
601 924
601 985
602 731
602 950
602 994
603 619
603 624
603 711
603 741
603 756
603 780
603 793
603 836
603 935
603 964
604 618
604 656
604 706
604 801
604 984
605 637
605 690
605 771
605 798
605 863
605 884
605 945
605 976
606 619
606 795
606 888
606 894
607 750
607 765
607 946
608 658
608 761
608 812
608 918
609 678
609 728
609 844
609 964
610 621
610 654
610 699
610 758
610 839
610 936
611 630
611 638
611 725
611 782
611 808
611 974
612 659
612 709
612 783
612 876
612 901
613 651
613 819
614 636
614 644
614 692
614 694
614 810
614 889
614 905
614 933
614 948
614 957
615 624
615 645
615 667
615 671
615 679
615 724
615 763
615 837
615 865
616 629
616 677
616 778
616 826
616 942
617 621
617 650
617 703
617 737
617 756
617 773
617 892
617 902
617 937
617 950
618 860
618 946
619 887
620 673
620 692
620 750
620 944
620 999
621 684
621 856
621 948
621 964
621 991
622 751
622 790
622 829
622 846
622 871
622 944
624 762
624 809
624 865
625 627
625 821
625 923
626 686
626 769
626 835
626 890
627 722
627 797
627 864
627 958
627 975
628 676
628 696
628 752
628 845
628 854
628 933
629 721
629 836
629 905
630 745
630 786
630 872
630 950
631 641
631 677
631 688
631 704
631 862
632 694
632 742
632 815
632 943
633 771
633 775
633 979
634 636
634 676
634 755
634 849
634 918
635 685
635 769
635 878
635 941
635 942
635 963
635 980
636 685
636 725
636 758
636 853
636 864
636 950
636 968
637 677
637 724
637 790
638 709
638 750
638 776
638 871
638 938
638 997
639 716
639 790
639 848
639 941
640 832
640 926
641 774
641 784
641 937
642 732
642 788
643 701
643 722
643 757
643 801
643 834
643 953
643 963
644 656
644 688
644 835
644 842
644 848
644 851
644 870
644 891
644 928
644 956
644 959
644 993
645 730
646 677
646 731
646 767
646 828
646 857
646 960
647 905
647 907
647 954
648 858
648 873
648 958
649 678
649 747
649 804
649 838
649 916
649 963
650 744
650 800
650 885
650 886
650 915
650 972
651 655
651 813
651 871
651 956
651 974
651 981
652 661
652 853
652 954
653 705
653 745
653 799
653 823
653 906
653 982
654 662
654 689
654 728
654 736
654 790
654 793
654 938
655 749
655 762
655 802
655 841
655 889
655 973
656 809
656 864
656 967
657 703
657 875
657 892
657 923
657 989
658 707
658 747
658 934
659 679
659 696
659 846
659 936
659 975
660 684
660 709
660 726
660 764
660 770
660 809
660 841
660 864
661 786
661 802
661 845
661 930
662 671
662 802
662 972
663 786
663 840
663 862
663 878
663 998
664 673
664 784
664 883
664 932
665 723
665 749
665 855
665 899
665 910
665 932
665 962
666 702
666 813
666 921
667 668
667 850
667 867
668 685
668 745
668 854
668 883
668 944
668 963
669 683
669 720
669 793
669 810
669 983
669 994
670 898
671 758
671 820
671 858
672 866
672 911
673 692
673 745
673 972
673 974
673 993
673 998
674 675
674 678
674 766
674 824
674 837
674 858
674 881
674 900
674 902
674 942
674 957
674 981
675 699
675 780
675 821
675 824
675 895
676 677
676 713
676 745
676 769
676 882
676 944
676 949
677 733
677 741
677 841
678 710
678 756
678 770
678 936
678 954
678 975
679 727
679 732
679 752
679 877
679 894
679 958
679 971
680 702
680 768
680 967
681 722
681 735
681 812
682 713
682 829
682 841
682 843
682 855
682 870
682 900
683 838
683 854
683 860
683 900
683 938
683 967
684 735
684 780
684 816
684 826
684 831
684 920
685 804
685 819
685 864
685 898
685 989
686 708
686 844
686 850
686 944
687 708
687 822
687 826
687 836
687 838
687 929
687 942
687 967
688 720
688 787
688 951
689 737
689 741
689 788
689 893
689 945
690 731
690 743
690 795
690 843
690 911
691 774
691 948
692 765
692 936
693 797
693 851
693 927
694 711
694 739
694 740
694 790
694 812
694 849
695 855
695 862
695 943
695 954
695 971
696 709
696 849
696 877
696 884
696 964
696 982
697 701
697 756
697 859
697 899
697 999
698 790
698 840
698 926
698 938
699 712
699 751
699 754
699 798
699 830
699 896
699 926
699 965
700 741
700 913
701 787
701 794
701 823
701 929
702 730
702 763
702 776
702 778
702 816
702 856
702 956
702 983
703 900
703 925
703 951
704 729
704 862
704 903
704 905
705 864
705 923
706 731
706 861
706 893
706 977
707 743
707 775
707 818
707 923
707 941
708 717
708 738
708 830
708 980
709 744
709 818
709 855
709 866
709 956
710 836
710 908
710 961
711 818
711 826
711 827
711 893
711 944
712 825
712 893
713 999
714 910
715 733
715 744
715 819
715 836
715 996
716 748
716 774
716 813
716 851
717 825
717 911
718 768
719 741
719 779
719 906
720 800
720 807
720 961
720 979
721 794
721 862
721 965
722 743
722 798
722 825
722 908
722 911
722 934
722 954
722 955
722 984
723 761
723 762
723 769
723 845
723 961
724 751
724 843
724 907
724 949
724 962
725 872
725 934
725 984
726 727
727 832
727 894
727 968
728 820
728 857
728 918
728 952
729 767
729 933
729 989
729 994
730 748
731 741
731 795
732 769
732 776
732 947
732 959
732 986
733 884
733 902
734 781
734 905
735 786
735 880
735 883
735 976
736 740
736 789
736 878
736 911
737 820
737 872
737 927
737 929
738 868
738 886
739 967
740 793
740 979
741 834
741 881
741 914
741 932
741 957
742 750
742 773
742 798
742 842
742 857
742 894
743 830
743 984
744 795
744 846
744 854
744 968
744 975
745 819
745 841
745 944
746 762
746 855
746 934
747 762
747 852
748 806
748 912
749 777
750 858
750 912
750 971
750 996
751 868
752 854
752 929
753 796
753 897
753 937
753 997
754 931
755 865
755 874
756 765
757 760
757 918
757 930
757 976
758 808
758 867
758 875
759 781
759 784
759 789
759 835
759 837
759 920
760 915
761 784
761 805
761 843
761 882
762 843
762 946
763 834
763 840
763 931
764 774
764 903
764 971
764 986
764 992
765 807
765 820
765 934
765 965
766 901
766 991
767 799
767 803
767 905
768 821
768 870
768 907
769 778
769 823
769 856
769 876
769 903
769 974
770 774
770 794
770 847
771 807
771 819
771 849
771 866
771 909
771 920
772 834
772 887
772 919
773 824
773 853
774 893
774 961
775 799
775 891
776 816
776 893
776 984
777 847
777 945
777 948
777 968
778 867
778 910
778 915
780 781
780 921
780 969
781 815
781 897
781 911
781 936
782 804
782 948
782 968
782 984
783 850
783 993
784 787
784 835
784 903
784 927
784 992
785 918
785 923
785 960
786 921
786 928
787 827
788 793
788 920
788 969
789 828
789 988
790 823
790 978
791 852
791 898
791 905
791 974
793 869
793 905
793 991
794 812
794 894
795 881
795 882
795 918
795 945
796 886
796 979
796 986
797 806
797 818
797 857
797 925
797 931
798 838
798 986
799 939
799 974
800 832
800 876
800 927
800 938
800 999
801 840
801 877
801 905
801 908
801 933
801 936
801 939
801 958
802 856
802 983
802 984
803 824
803 910
804 856
804 907
806 838
806 910
806 950
807 835
807 892
807 936
809 826
809 914
809 926
810 964
810 978
811 887
811 935
812 838
813 917
813 969
814 835
814 849
814 936
814 987
814 994
815 915
815 953
815 973
815 978
816 850
817 823
817 828
817 861
818 853
818 918
818 989
819 827
820 931
820 936
820 942
820 948
820 996
821 869
821 912
821 989
822 980
823 922
823 955
824 872
824 911
824 916
824 923
825 839
825 918
825 925
826 831
827 831
827 899
827 922
828 881
828 936
828 947
829 860
829 882
829 909
829 923
829 995
830 864
830 888
831 901
831 930
833 878
834 951
835 883
836 873
836 880
836 955
837 852
837 897
837 955
839 989
840 855
840 880
841 897
841 942
841 991
842 862
842 865
842 936
843 867
844 912
844 918
844 933
844 954
844 956
846 853
846 854
846 930
847 928
847 983
849 869
849 983
850 953
852 958
852 960
852 968
853 915
853 938
853 968
854 856
854 921
854 941
854 959
855 872
855 957
856 921
856 978
857 925
858 859
858 878
858 931
859 944
859 977
859 994
861 914
861 997
862 992
863 903
863 936
864 901
864 940
865 936
866 930
867 964
868 877
868 954
869 998
871 931
871 951
871 970
872 875
872 897
873 920
873 943
874 920
874 957
874 968
875 880
876 921
876 978
876 985
877 981
878 894
878 944
878 984
879 942
879 970
879 973
880 933
881 972
882 992
883 889
883 973
884 913
884 945
886 924
886 932
886 992
890 952
893 915
894 935
895 919
895 929
896 902
897 902
897 978
898 997
899 969
900 994
901 914
901 921
901 973
902 910
902 986
903 909
903 945
903 950
903 964
904 920
904 928
907 965
907 990
908 916
908 919
908 958
909 980
911 923
912 983
913 937
914 939
916 979
917 974
919 946
919 974
919 977
920 986
921 987
922 944
922 979
924 998
926 934
926 966
927 940
930 949
931 935
931 940
932 946
932 991
936 962
938 996
939 997
943 978
943 986
944 952
945 981
946 951
946 963
949 994
950 963
951 976
952 993
953 978
954 973
954 994
959 986
959 991
963 989
966 979
968 973
975 997
976 996
978 979
979 989
993 999
