0
1000
3747
0
1
0
0 107
1 23
1 87
1 449
1 527
1 536
1 623
1 705
1 753
1 760
1 777
1 841
1 889
2 30
2 322
2 365
2 639
2 645
2 731
2 846
2 851
2 876
3 60
3 102
3 109
3 222
3 271
3 367
3 393
3 397
3 463
3 477
3 499
3 500
3 580
3 683
3 784
4 41
4 526
4 674
4 865
4 876
5 31
5 208
5 359
5 461
5 655
5 906
6 207
6 366
6 425
6 770
6 778
7 259
7 268
7 478
7 859
7 918
7 941
8 291
8 417
8 567
8 739
8 967
8 986
9 616
9 680
9 857
9 988
10 52
10 54
10 67
10 286
10 306
10 316
10 362
10 428
10 449
10 812
10 907
10 975
11 19
11 377
11 549
11 699
11 888
11 920
12 71
12 213
12 342
12 562
12 606
12 619
12 723
13 95
13 276
13 801
13 807
13 936
14 27
14 344
14 398
14 454
14 596
14 919
15 187
15 465
15 474
15 548
15 567
15 614
15 707
16 22
16 66
16 90
16 225
16 235
16 394
16 412
16 440
16 561
16 566
16 674
16 867
16 894
16 967
17 67
17 210
17 238
17 309
17 432
17 699
17 773
18 169
18 711
18 883
18 966
19 42
19 233
19 366
19 395
19 590
19 720
19 853
19 893
20 203
20 697
20 974
21 38
21 52
21 66
21 69
21 197
21 422
21 596
21 622
21 849
21 973
22 169
22 387
22 422
22 915
22 964
23 33
23 156
23 165
23 280
23 366
23 615
23 620
23 814
23 863
24 600
24 630
24 633
24 966
25 72
25 84
25 187
25 289
25 345
25 927
25 976
26 124
26 125
26 143
26 358
26 505
26 572
26 665
27 83
27 118
27 122
27 187
27 356
27 364
27 568
27 843
27 872
28 184
28 337
28 442
28 951
28 993
29 263
29 321
29 493
29 559
29 660
29 663
29 724
29 972
30 279
30 390
30 586
30 688
31 76
31 264
31 275
31 341
31 465
31 587
31 632
31 697
31 719
31 760
31 850
31 926
32 90
32 107
32 517
32 789
33 264
33 327
33 494
33 540
33 753
33 788
33 958
34 37
34 305
34 316
34 544
34 756
34 819
34 853
34 909
35 116
35 133
35 286
35 488
35 496
35 684
35 716
35 815
36 124
36 164
36 514
37 82
37 111
37 116
37 193
37 200
37 567
37 627
37 683
37 704
37 902
37 922
38 139
38 181
38 230
38 259
38 348
38 606
38 952
39 125
39 165
39 209
39 490
39 632
39 955
40 82
40 323
40 477
40 517
40 634
40 674
40 770
40 771
40 975
40 999
41 64
41 256
41 501
41 801
41 882
41 940
41 945
42 59
42 104
42 591
42 603
42 712
42 759
42 909
42 975
43 316
43 409
43 472
43 635
43 660
43 747
43 849
44 86
44 322
44 364
44 444
44 751
44 911
44 984
45 84
45 183
45 215
45 216
45 470
45 542
45 704
45 838
45 918
46 104
46 314
46 433
46 645
46 962
46 967
47 85
47 164
47 332
47 540
47 628
47 932
47 958
47 975
48 842
49 111
49 181
49 215
49 331
49 470
49 688
49 997
50 121
50 198
50 238
50 276
50 456
50 676
50 790
50 798
50 815
50 939
50 952
51 120
51 390
51 551
51 891
51 918
52 133
52 580
52 679
53 264
53 276
53 424
53 445
53 458
53 503
53 751
53 931
54 177
54 981
54 991
55 186
55 273
55 464
55 928
56 154
56 231
56 729
56 808
56 845
57 112
57 373
57 521
57 643
57 727
57 908
57 924
58 65
58 170
58 229
58 476
58 514
58 519
58 786
58 793
58 945
58 958
59 156
59 188
59 201
59 253
59 820
59 922
60 314
60 458
60 563
60 578
60 594
60 657
60 863
60 992
61 469
61 901
61 995
62 194
62 493
62 701
62 733
62 751
62 885
63 245
63 347
63 436
63 571
63 649
63 686
63 726
63 868
64 272
64 639
64 749
64 820
64 913
64 922
65 531
65 560
65 588
65 657
65 702
65 998
66 181
66 277
66 366
66 379
66 383
66 403
66 442
66 529
66 587
66 787
66 799
66 899
67 77
67 152
67 412
67 504
67 517
67 639
67 832
67 861
67 901
67 928
67 959
68 152
68 619
68 717
68 757
68 943
69 96
69 145
69 146
69 152
69 301
69 307
69 430
69 631
69 791
69 872
69 892
70 171
70 498
70 553
70 755
70 779
71 128
71 335
71 448
71 818
71 828
72 882
72 953
72 976
72 995
73 76
73 157
73 159
73 280
73 364
73 500
73 528
73 531
73 735
73 799
73 840
73 998
74 233
74 304
74 360
74 616
74 859
75 125
75 143
75 159
75 197
75 239
75 457
75 874
76 85
76 397
76 456
76 468
76 510
76 780
76 843
77 436
77 697
78 86
78 459
78 543
78 652
78 736
78 748
78 784
78 918
79 166
79 189
79 385
79 506
79 612
79 802
79 914
79 929
79 976
80 256
80 454
80 493
80 604
80 688
80 792
80 906
81 142
81 164
81 220
81 561
81 676
81 735
81 810
81 909
81 955
82 227
82 280
82 366
82 398
82 402
82 896
82 964
83 181
83 273
83 610
84 274
84 294
84 389
84 425
84 457
84 651
85 273
85 459
85 531
85 965
85 995
86 503
86 639
86 896
86 987
87 387
87 439
87 453
87 543
87 801
87 862
87 918
87 957
88 174
88 248
88 288
88 427
88 666
88 699
88 708
88 722
89 114
89 151
89 162
89 205
89 307
89 353
89 411
89 426
89 849
90 430
90 502
90 833
90 835
90 869
90 886
90 927
90 958
91 581
91 993
92 93
92 115
92 168
92 184
92 204
92 206
92 446
92 448
92 470
92 489
92 644
92 669
92 670
92 790
92 939
92 951
93 866
93 877
93 906
93 981
94 132
94 680
94 979
95 259
95 304
95 380
95 689
95 700
95 985
96 166
96 189
96 439
96 471
96 476
96 703
97 105
97 201
97 248
97 328
97 438
97 485
97 635
97 803
98 196
98 507
98 572
98 607
98 618
98 745
98 845
98 947
99 118
99 490
99 557
99 748
99 791
99 962
100 104
100 215
100 229
100 341
100 474
100 486
100 567
100 576
100 651
100 732
101 229
101 364
101 368
101 754
101 907
102 271
102 406
102 457
102 494
102 595
102 620
102 654
102 766
103 111
103 374
104 185
104 276
104 393
104 455
104 525
104 531
105 485
105 693
105 938
105 952
105 974
106 198
106 418
106 483
106 519
106 628
106 677
106 904
107 130
107 397
107 445
107 491
107 550
107 640
107 669
107 728
107 980
108 236
108 331
108 364
108 377
108 427
108 507
108 609
108 662
108 721
108 743
108 757
108 849
108 930
109 171
109 319
109 470
109 532
109 656
110 260
110 495
110 657
110 822
110 857
111 124
111 143
111 144
111 199
111 360
111 435
111 438
111 541
111 662
111 756
111 858
111 891
112 458
112 597
112 620
112 625
112 640
112 748
112 844
112 849
112 856
113 208
113 219
113 271
113 381
113 406
113 426
113 576
113 593
113 768
113 832
113 905
114 123
114 546
114 563
114 654
114 673
114 913
114 932
114 973
115 201
115 236
115 450
115 477
115 505
115 535
115 650
115 888
115 936
116 268
116 288
116 626
116 851
116 876
116 886
117 121
117 225
117 226
117 410
117 451
117 800
117 927
118 228
118 244
118 425
118 500
118 508
118 694
118 821
118 940
119 314
119 376
119 762
119 842
119 865
119 912
119 923
120 302
120 427
120 554
120 855
120 954
120 983
121 128
121 654
121 878
122 127
122 144
122 234
122 580
122 612
122 732
123 167
123 176
123 332
123 468
123 512
123 822
124 151
124 153
124 187
124 236
124 267
124 508
124 930
125 145
125 245
125 408
125 456
125 699
125 715
125 732
125 747
125 765
126 167
126 202
126 290
126 438
126 466
126 469
126 475
126 792
126 813
126 854
126 969
127 322
127 385
127 423
128 314
128 366
128 449
128 491
128 808
128 820
128 891
128 970
129 204
129 258
129 355
129 793
129 823
129 928
130 206
130 882
130 887
130 895
131 403
131 453
131 516
131 619
131 684
131 819
131 884
132 141
132 198
132 257
132 451
132 696
132 862
133 200
133 212
133 213
133 238
133 301
133 320
133 564
133 591
133 719
133 786
133 846
133 893
133 925
133 994
134 318
134 428
134 503
134 738
134 830
134 929
135 372
135 642
135 659
135 736
135 745
136 164
136 212
136 236
136 273
136 306
136 729
136 787
136 801
136 809
136 885
137 196
137 327
137 340
137 452
137 607
137 643
137 701
137 727
137 814
137 883
137 895
137 977
138 237
138 318
138 366
138 511
138 522
138 662
138 749
138 797
138 851
138 859
138 936
138 997
139 226
139 245
139 290
139 302
139 375
139 580
139 637
139 734
139 830
140 146
140 186
140 287
140 294
140 308
140 345
140 388
140 657
140 980
140 999
141 157
141 219
141 321
141 647
141 686
141 720
141 824
142 201
142 571
142 642
142 908
143 321
143 433
143 506
143 742
143 880
143 898
144 524
144 570
144 695
144 697
144 875
145 250
145 320
145 398
145 407
145 599
145 712
145 887
146 154
146 192
146 670
146 911
146 967
146 968
147 399
147 671
148 224
148 249
148 757
148 804
149 176
149 300
149 465
149 510
149 885
150 167
150 272
150 575
150 873
150 898
150 930
151 281
151 333
151 341
151 365
151 628
151 896
152 153
152 259
152 326
152 393
152 438
152 489
152 564
152 668
152 851
153 318
153 500
153 576
153 713
153 906
154 184
154 240
154 349
154 736
154 786
154 818
154 920
154 933
154 965
155 190
155 283
155 394
155 539
155 693
155 790
155 835
156 375
156 429
156 528
156 540
156 602
156 772
156 816
157 320
157 555
157 948
158 213
158 283
158 902
158 918
159 248
159 327
159 451
159 472
159 547
159 603
159 620
159 905
159 935
160 265
160 366
160 385
160 608
160 856
160 913
161 329
161 816
161 896
162 262
162 284
162 491
162 614
162 738
162 760
162 763
163 294
163 874
164 623
164 690
164 784
164 896
164 973
164 974
164 990
165 284
165 486
165 487
165 620
165 648
166 225
166 472
166 513
166 525
166 537
166 666
166 731
166 823
166 846
167 238
167 330
167 559
167 889
168 213
168 267
168 373
168 509
168 662
168 726
168 728
168 732
169 222
169 223
169 236
169 607
169 619
169 719
170 283
170 298
170 366
170 696
170 847
170 935
171 377
171 422
171 581
171 620
171 737
171 847
171 987
172 444
172 753
172 840
172 887
173 197
173 202
173 264
173 386
173 525
173 647
173 804
173 864
173 882
174 540
174 612
174 808
174 918
175 213
175 362
175 413
175 522
175 547
175 891
175 932
176 236
176 704
176 776
176 805
176 828
176 878
177 247
177 267
177 480
177 548
177 705
177 819
178 315
178 411
179 280
179 484
179 666
179 800
180 194
180 230
180 526
180 704
180 717
180 749
180 751
180 868
180 923
181 249
181 479
181 712
181 771
181 772
181 869
182 192
182 338
182 460
182 539
182 587
182 622
182 664
182 702
182 817
182 867
182 919
182 956
183 491
183 537
183 676
183 779
183 849
183 916
184 211
184 237
184 354
184 533
184 671
184 755
184 784
184 854
184 918
185 236
185 244
185 269
185 302
185 316
185 385
185 694
185 812
185 859
185 882
185 921
186 214
186 242
186 245
187 369
187 681
187 821
188 261
188 293
188 312
188 496
188 613
188 814
189 616
189 666
189 784
189 898
190 268
190 274
190 282
190 450
190 828
191 285
191 386
191 529
191 531
191 630
192 202
192 355
192 481
192 556
192 842
192 934
192 957
192 973
193 226
193 248
193 279
193 697
193 849
194 694
194 696
194 753
194 811
194 903
194 924
195 356
195 435
195 718
195 800
195 814
196 205
196 212
196 250
196 578
196 896
197 226
197 227
197 487
197 692
197 918
198 264
198 644
198 956
199 251
199 301
199 396
199 435
199 512
199 622
199 741
199 894
199 986
200 289
200 300
200 335
200 598
200 634
200 636
200 701
200 733
200 807
201 246
201 384
201 483
201 693
201 755
201 983
202 231
202 296
202 308
202 357
202 963
203 243
203 364
203 497
203 864
203 904
203 990
204 361
204 459
204 532
204 617
204 729
204 772
204 781
204 798
204 835
205 217
205 502
205 570
205 581
205 707
205 730
205 748
205 890
205 925
206 328
206 416
206 450
206 453
206 640
206 656
206 750
206 895
207 313
207 324
207 594
207 612
207 617
207 647
207 745
207 776
207 890
207 906
208 274
208 379
208 494
208 693
208 777
208 876
208 917
208 999
209 254
209 488
209 493
209 559
209 575
209 595
209 675
209 858
209 875
209 934
210 226
210 315
210 646
210 684
210 836
210 956
210 972
211 287
211 400
211 429
211 430
211 598
211 632
211 649
211 693
211 943
212 458
212 543
212 629
212 937
213 261
213 586
213 588
213 607
213 627
213 985
214 337
214 570
214 650
214 742
214 761
214 900
215 246
215 291
215 347
215 606
215 817
215 832
216 240
216 303
216 532
216 542
216 736
216 751
216 832
216 923
216 932
216 947
217 476
217 555
218 350
218 400
218 426
218 473
218 667
218 716
218 787
218 928
219 303
219 454
219 604
219 962
219 996
220 279
220 405
220 504
220 542
220 921
221 331
221 343
221 579
221 697
221 901
222 233
222 550
222 744
222 769
223 265
223 487
223 626
223 819
223 922
224 237
224 305
224 386
224 645
224 778
224 792
224 876
225 355
225 543
225 588
225 872
225 994
226 312
226 492
226 523
226 653
226 765
226 959
226 981
227 451
227 622
227 636
227 657
227 796
227 867
227 942
227 983
228 342
228 526
228 533
228 544
228 662
228 719
229 238
229 433
229 459
229 607
229 838
229 883
229 918
230 314
230 336
230 396
230 431
230 723
230 991
231 488
231 614
231 651
231 696
232 363
232 391
232 394
232 400
232 642
232 709
232 731
232 934
233 339
233 384
233 990
234 559
234 630
234 641
234 955
235 272
235 440
235 977
236 506
236 586
236 688
236 895
237 440
237 599
237 604
237 625
237 673
237 697
237 913
238 278
238 422
238 493
238 622
238 698
238 844
238 989
239 395
239 586
239 739
239 801
239 860
239 875
239 905
239 974
240 442
240 583
240 610
240 727
240 821
241 338
241 418
241 505
241 674
241 958
242 304
242 407
242 408
242 428
242 522
242 652
242 708
242 792
242 805
242 947
243 553
243 559
243 680
243 870
243 993
243 994
244 444
244 583
245 332
245 739
245 925
246 266
246 293
246 342
246 391
246 392
246 625
246 632
246 838
246 924
247 443
247 485
247 904
247 963
247 984
248 343
248 544
248 601
248 702
248 998
249 606
249 804
249 885
250 337
250 467
250 473
250 623
250 645
250 678
251 525
251 817
251 910
252 876
252 998
253 440
253 804
253 946
254 382
254 444
254 494
254 682
254 720
254 749
254 833
254 847
255 511
255 858
255 979
256 308
256 521
256 576
256 630
256 642
256 893
256 995
257 335
257 337
257 567
257 580
257 808
257 823
257 845
257 928
257 968
258 290
258 374
258 463
258 520
258 558
258 662
258 895
259 421
259 545
259 687
259 836
260 304
260 340
260 344
260 378
260 520
260 789
260 834
260 843
261 282
261 298
261 496
261 658
261 857
261 905
262 689
262 692
262 847
263 321
263 333
263 614
264 317
264 363
264 439
264 445
264 576
264 763
264 899
264 961
265 395
265 494
265 511
265 556
265 688
266 396
266 421
266 462
266 525
266 654
266 655
266 758
266 901
267 312
267 394
267 628
267 753
267 849
268 364
268 379
268 410
268 599
268 773
268 927
269 275
269 280
269 333
269 518
269 835
269 868
270 324
270 350
270 511
270 628
270 654
270 704
270 723
270 739
270 911
271 353
271 428
271 670
271 820
272 315
272 338
272 519
272 814
272 832
273 328
273 364
273 368
273 446
273 791
273 803
274 313
274 759
274 890
274 985
275 310
275 324
275 383
275 466
275 625
275 894
275 905
275 990
276 344
276 425
276 478
276 828
277 307
277 344
277 450
277 565
277 676
277 703
277 711
277 768
277 787
277 938
278 320
278 339
278 376
278 398
278 421
278 600
278 616
278 837
278 842
279 301
279 379
279 520
279 602
279 667
279 672
279 771
279 871
279 963
280 421
280 476
280 748
280 888
280 985
281 526
281 538
281 600
281 821
281 834
281 850
282 349
282 453
282 488
282 551
282 658
282 693
283 408
283 589
283 638
283 696
284 302
284 476
284 506
284 564
284 693
284 784
284 837
284 985
285 312
285 526
285 597
285 700
285 928
286 398
286 436
286 689
287 304
287 341
287 368
287 453
287 570
287 693
287 883
288 341
288 477
288 609
288 634
288 684
288 716
288 977
289 355
289 356
289 393
289 416
289 706
289 926
289 953
290 450
290 525
290 842
290 973
291 386
291 467
291 605
291 708
291 751
292 329
292 379
292 415
292 550
292 567
292 599
292 825
292 905
293 328
293 798
294 418
295 529
295 786
295 927
296 365
296 630
296 660
296 686
296 794
297 525
297 552
297 786
297 798
298 647
298 902
298 964
299 407
299 414
299 504
299 720
299 725
299 728
299 840
299 841
299 922
299 951
300 559
300 727
300 762
300 833
301 797
301 863
301 900
301 917
302 385
302 582
302 715
302 741
302 748
302 951
302 956
303 343
303 462
303 728
303 903
304 630
304 640
304 655
304 752
304 978
304 987
305 342
305 582
305 611
305 707
305 771
305 886
306 400
306 404
306 526
307 343
307 796
308 310
308 413
308 435
308 603
308 616
308 707
308 797
308 857
308 908
309 380
309 516
309 589
309 609
309 737
310 392
310 409
310 446
310 730
310 819
310 837
310 847
310 972
311 344
311 728
311 878
311 909
312 313
312 544
312 608
312 685
312 870
312 967
312 983
313 329
313 723
313 730
313 913
314 327
314 414
314 415
314 440
314 580
314 682
314 847
314 870
315 514
315 617
315 959
316 359
316 400
316 565
316 570
316 630
316 649
316 732
316 887
317 324
317 336
317 406
317 755
317 873
318 324
318 385
318 440
318 506
318 559
318 584
318 734
319 519
319 566
319 622
320 573
320 730
320 806
320 893
322 335
322 341
322 900
323 328
323 811
323 929
323 947
324 479
324 622
324 643
324 681
324 735
324 769
324 970
325 440
325 542
325 651
325 675
325 755
326 382
326 588
326 670
326 685
326 841
326 922
327 328
327 496
327 505
327 513
327 559
327 852
328 377
328 545
328 781
329 431
329 843
329 895
330 375
330 551
330 755
330 760
330 907
331 351
331 627
331 999
332 376
332 470
332 480
332 912
333 394
333 511
333 656
333 699
333 747
334 380
334 457
334 463
334 732
334 911
334 967
335 508
335 637
335 911
336 775
336 975
337 435
337 855
338 374
338 697
338 712
338 732
338 768
339 528
339 682
339 705
339 761
339 779
339 908
339 911
339 913
339 967
340 373
340 451
340 534
340 679
341 345
341 366
341 444
341 688
341 735
341 873
341 876
341 975
342 434
342 445
342 454
342 488
342 531
342 666
343 346
343 364
343 422
343 539
343 687
343 709
343 731
343 978
344 565
344 819
345 440
345 698
345 759
345 951
346 450
346 459
346 719
346 739
346 780
346 822
346 881
346 981
347 363
347 393
347 493
347 717
347 720
347 725
348 450
348 454
348 491
348 495
348 533
348 563
348 566
348 882
349 738
349 773
349 879
350 791
351 647
351 722
352 360
352 734
353 370
353 806
353 829
353 904
354 392
354 427
354 927
354 992
355 399
355 865
355 941
355 949
356 496
356 625
356 649
356 714
356 857
356 860
356 929
357 451
357 465
357 600
358 484
358 518
358 689
358 692
358 700
358 713
358 752
358 865
359 437
359 503
359 568
359 603
359 639
359 806
359 951
360 416
360 451
360 586
360 629
360 813
361 365
361 702
361 896
362 389
362 406
362 658
362 735
362 799
362 839
362 887
362 948
362 952
363 442
363 570
363 723
363 801
363 914
363 954
363 967
364 642
364 667
364 755
365 366
365 376
365 537
365 542
365 553
365 672
366 428
366 433
366 479
366 531
366 598
366 732
366 814
366 876
366 948
367 480
367 603
367 653
367 756
367 800
368 498
368 521
368 541
368 729
368 817
368 946
368 984
369 743
369 956
370 490
370 621
371 394
371 664
371 779
371 839
371 903
371 943
372 406
372 439
372 489
372 521
372 561
372 611
373 417
373 515
373 640
373 681
373 914
373 919
374 482
374 648
374 670
374 819
374 867
375 403
375 446
375 502
375 559
375 828
375 978
376 715
376 736
376 862
377 509
377 549
377 609
377 639
377 716
377 724
377 755
378 519
378 545
378 597
378 851
378 855
378 859
379 440
379 502
379 577
379 634
379 935
380 388
380 656
380 702
380 738
380 804
380 996
381 390
381 434
381 506
381 546
381 628
381 815
381 878
381 904
381 973
382 471
382 572
382 573
382 618
382 622
382 635
382 662
383 763
383 795
383 873
383 903
383 944
385 513
385 529
385 622
386 694
387 537
387 837
388 555
388 719
388 981
389 494
389 574
389 858
389 872
390 480
390 485
390 837
391 732
391 893
391 913
392 670
392 736
392 762
393 529
393 536
393 582
393 774
393 787
393 998
394 433
394 528
394 536
394 862
394 942
395 520
395 587
395 954
396 769
397 461
397 607
397 691
397 765
397 903
397 975
397 999
398 476
398 544
398 548
398 591
398 885
398 930
399 644
399 727
400 505
400 535
400 801
401 436
401 455
401 535
401 552
401 590
401 708
401 720
401 741
402 476
402 764
403 507
403 536
403 733
403 815
404 426
404 517
404 552
404 563
404 679
404 680
404 692
404 897
405 457
405 491
405 506
405 514
405 516
405 672
405 722
405 888
406 502
406 519
406 705
406 781
406 826
407 413
407 569
407 990
408 663
408 754
409 724
409 788
409 973
410 490
410 655
410 792
411 516
411 523
411 639
412 427
412 898
412 946
413 433
413 484
413 598
413 773
413 779
413 886
413 921
413 985
413 996
414 492
414 600
414 866
414 932
414 955
414 984
415 546
415 562
415 761
415 963
416 487
416 496
416 533
416 628
416 696
416 722
416 908
417 503
417 780
417 804
417 820
417 878
417 934
418 596
418 627
418 952
419 442
419 546
419 747
419 817
420 600
420 643
420 754
421 526
421 903
422 475
422 578
422 668
422 764
422 819
422 865
423 462
423 527
424 807
424 824
425 437
425 502
425 799
425 820
425 851
426 475
426 540
426 707
426 728
426 974
427 702
427 747
427 857
427 936
427 964
427 967
428 434
428 453
428 743
428 838
429 449
429 562
429 643
429 927
430 465
430 497
430 625
430 707
430 751
430 858
430 903
430 997
431 462
431 560
431 588
431 591
431 934
431 983
432 458
432 627
432 880
433 644
434 492
434 617
434 675
434 725
434 850
434 974
435 595
435 597
435 658
435 768
435 847
435 855
436 636
436 685
436 773
436 918
436 988
437 550
437 646
437 987
438 577
438 920
439 690
439 722
439 757
439 759
439 797
440 479
440 682
440 703
441 466
441 478
442 550
442 653
442 842
442 901
443 458
443 562
443 628
443 696
443 777
444 538
444 649
444 785
444 851
445 527
445 857
445 980
446 465
446 982
446 999
447 557
447 769
447 779
447 789
447 971
448 559
448 574
448 615
448 642
448 691
448 736
448 768
448 970
449 507
449 514
449 546
449 814
449 816
450 522
450 581
450 661
450 903
451 657
451 708
451 782
451 825
451 905
452 605
452 613
452 682
452 823
452 946
453 890
453 899
454 671
454 698
454 715
454 996
455 509
455 798
455 967
456 494
456 550
456 751
456 984
457 537
457 555
457 683
457 768
458 540
458 667
458 872
459 478
459 672
459 746
459 762
460 463
460 482
460 789
460 815
460 831
460 859
460 862
460 961
460 995
461 553
461 585
461 601
461 670
461 784
462 502
462 508
462 634
462 676
462 824
463 491
463 596
463 601
464 602
464 851
465 494
465 501
465 550
465 580
465 670
465 905
466 555
466 620
466 732
466 871
467 500
467 566
467 859
467 860
468 562
468 569
468 770
469 698
469 740
469 870
469 951
469 960
470 662
470 768
470 793
470 822
470 942
471 528
471 716
471 832
472 670
472 738
472 989
473 474
473 487
473 818
473 847
473 933
474 503
474 514
474 558
474 997
475 518
475 548
476 595
476 645
476 684
476 878
476 994
477 619
477 845
477 911
477 916
477 940
478 631
478 668
478 678
478 750
478 929
478 968
479 605
479 763
479 895
479 907
480 485
480 731
480 993
481 573
481 755
481 798
481 879
481 885
482 497
482 636
482 719
482 896
482 944
483 587
483 621
483 775
483 983
484 567
484 733
484 770
484 972
485 848
485 942
485 998
486 556
486 678
486 830
486 923
487 751
487 951
488 490
488 564
488 806
489 655
489 812
489 889
490 525
490 573
490 996
491 675
491 719
491 796
491 800
492 559
492 739
493 698
493 821
493 870
493 917
493 939
494 525
494 614
494 871
494 877
494 969
495 631
495 759
495 920
495 930
495 992
497 584
497 848
497 856
497 864
497 991
498 504
498 708
499 706
499 975
500 582
500 617
500 853
500 913
501 508
501 558
501 791
501 797
501 837
502 553
502 612
502 748
502 764
502 806
503 823
503 827
503 951
503 954
504 515
504 525
504 639
504 680
504 904
504 980
504 996
505 508
505 550
505 784
505 963
505 967
505 994
506 627
506 825
506 842
506 905
507 654
507 661
507 721
507 722
507 736
507 852
508 628
508 734
508 742
508 814
509 544
509 872
509 961
510 536
510 564
510 619
510 801
510 927
510 969
511 519
511 794
511 852
512 718
512 735
512 806
512 973
513 606
513 796
513 821
514 540
514 665
514 816
515 536
515 609
515 711
515 788
516 646
516 686
516 716
516 901
516 949
517 963
517 972
518 723
518 836
518 946
519 598
519 687
519 808
519 956
520 869
521 758
521 770
522 678
522 695
522 740
523 616
523 674
523 974
524 603
524 615
524 660
524 720
524 993
525 617
525 877
526 529
526 581
526 686
526 804
526 893
526 905
526 945
527 606
527 609
527 626
527 785
527 898
527 972
528 978
528 980
529 670
529 921
530 694
530 853
530 898
530 986
531 662
531 685
531 875
531 944
531 988
532 672
532 873
533 609
533 776
533 979
534 541
534 585
534 946
534 979
535 727
535 740
536 560
536 600
537 666
537 796
537 872
537 950
538 711
538 850
538 908
538 970
538 979
539 554
539 560
539 721
539 976
540 568
540 855
540 871
540 963
540 996
541 831
541 897
541 969
542 652
542 699
542 920
542 970
543 565
543 582
543 769
544 594
544 783
545 912
547 678
547 694
547 975
548 787
548 996
549 694
550 620
550 645
550 756
550 941
550 987
551 669
551 854
551 934
552 574
552 812
552 836
552 938
552 988
553 604
554 752
555 658
555 685
555 799
555 938
556 818
556 877
557 840
557 888
558 854
559 699
559 830
559 961
559 973
559 987
560 644
560 832
560 879
560 890
561 618
561 680
561 758
561 782
562 831
563 690
564 700
564 701
564 791
564 848
564 903
564 908
564 942
564 984
565 615
565 697
565 771
565 810
565 952
566 643
566 757
566 789
566 955
567 650
567 863
568 592
568 735
568 914
569 730
569 740
570 709
570 854
570 907
571 586
571 681
571 700
571 710
572 661
572 720
572 793
573 728
573 762
573 966
573 988
574 651
574 804
574 838
574 840
575 626
575 635
576 806
577 653
577 703
577 720
577 969
578 671
578 743
578 767
578 785
578 856
578 924
578 960
579 813
580 588
580 716
580 845
580 873
580 876
580 969
580 986
581 593
581 840
581 885
581 904
581 974
582 652
582 945
583 626
583 652
583 852
583 995
584 614
584 917
584 951
585 832
585 864
585 957
586 802
587 903
587 974
588 669
588 821
588 942
589 766
589 823
590 677
591 607
591 743
591 746
591 829
591 860
591 962
592 618
593 997
594 832
594 850
594 978
595 624
596 793
597 711
597 881
597 919
597 952
597 991
598 719
598 753
598 847
599 949
600 935
600 980
601 625
601 668
601 758
601 783
601 796
604 619
604 791
604 905
604 946
605 620
605 809
606 719
606 829
607 980
608 761
608 830
608 945
609 880
610 881
610 933
610 956
611 814
611 951
613 681
613 892
613 971
614 764
614 862
614 894
615 796
615 859
615 921
616 623
616 723
616 731
616 803
616 930
616 983
617 646
617 702
617 811
617 993
618 642
618 808
618 819
618 846
619 657
619 877
620 662
620 711
620 732
620 799
620 841
620 892
620 990
621 669
621 725
621 847
621 925
621 994
622 837
622 872
622 976
623 903
623 948
623 972
624 689
624 696
624 714
624 807
624 929
625 764
625 794
626 703
626 709
626 914
627 663
627 673
627 912
628 943
629 668
629 988
630 831
631 643
631 654
632 771
632 972
633 811
634 765
634 801
635 700
635 701
635 885
636 674
636 859
636 899
637 691
637 707
637 762
637 789
637 815
638 711
638 750
638 847
638 922
638 945
639 645
639 787
639 803
639 807
639 827
639 906
640 752
640 753
640 892
641 647
641 763
641 900
642 749
642 851
642 937
643 957
644 828
644 848
644 903
644 914
645 647
645 668
645 675
645 816
645 820
645 841
645 871
645 966
646 681
646 686
646 691
646 803
646 918
646 972
646 974
647 841
647 928
648 806
649 763
650 843
650 845
651 742
651 777
651 818
652 662
652 671
653 688
653 848
653 938
653 952
653 995
654 733
654 739
654 820
655 708
655 738
655 789
656 727
656 728
656 814
656 851
657 878
657 909
657 951
658 673
658 781
659 959
660 730
660 904
661 699
662 674
662 821
662 867
663 683
663 854
664 730
664 759
664 889
664 965
665 734
665 805
666 689
666 741
666 756
666 894
667 731
667 790
667 823
667 848
667 890
668 680
668 959
669 724
670 828
670 900
670 907
671 702
671 737
671 786
671 814
671 816
671 907
672 825
672 990
673 886
674 684
674 820
674 857
675 721
676 766
676 963
676 971
677 754
678 815
678 833
679 852
679 881
679 902
679 951
680 688
680 781
680 881
681 765
681 822
681 935
682 736
682 854
682 869
683 693
683 797
683 895
685 901
685 976
687 720
687 764
687 794
688 695
688 720
688 840
689 751
689 772
689 830
689 877
690 693
690 800
690 874
691 997
692 701
692 729
692 732
692 734
692 789
692 860
693 720
693 778
693 842
693 868
693 952
694 768
694 985
695 703
695 766
696 720
696 749
696 834
697 738
697 762
698 805
698 854
699 715
699 739
699 896
700 879
700 973
700 997
701 723
701 978
702 777
702 833
703 811
703 816
703 857
703 916
703 928
704 781
704 956
705 717
705 781
706 721
706 732
706 797
706 819
706 900
706 926
707 853
709 740
709 820
709 971
710 744
710 805
710 862
710 907
711 721
711 825
712 731
712 817
713 855
714 891
714 930
715 722
715 785
715 986
715 997
716 762
717 784
718 827
719 884
720 745
721 802
721 852
722 891
723 760
723 799
723 808
724 765
724 771
724 816
725 951
726 782
727 753
727 846
727 885
728 831
729 731
730 763
731 787
731 811
732 761
732 824
732 877
732 976
733 965
735 822
735 904
735 933
735 957
736 818
736 892
736 955
737 866
738 782
739 961
740 997
741 845
742 744
743 826
743 965
743 999
744 749
744 813
744 818
745 815
745 921
746 958
747 959
747 964
747 966
749 864
749 900
750 794
750 913
751 967
751 969
752 798
752 893
753 786
753 965
754 839
754 840
754 883
754 963
755 767
755 872
755 878
755 933
756 813
756 828
756 837
756 894
757 809
757 874
757 922
757 938
757 989
759 792
759 970
761 950
762 824
764 782
764 998
765 901
765 915
766 923
766 960
767 806
767 834
767 837
768 783
769 837
771 926
771 989
772 871
772 904
774 921
774 956
774 994
777 906
777 958
777 989
779 859
780 791
780 800
781 869
781 893
782 792
783 906
784 892
785 793
786 795
786 972
789 853
789 941
789 986
790 796
790 931
793 823
793 865
793 914
794 862
794 935
795 852
796 887
796 999
797 811
798 921
800 866
803 831
803 853
803 918
804 929
804 933
805 859
805 903
805 920
805 962
805 985
806 815
807 922
808 911
808 990
810 973
812 864
813 994
815 823
815 940
816 924
817 983
818 921
819 965
819 981
820 941
821 848
821 913
821 970
822 886
822 970
823 824
823 828
824 931
824 950
825 899
828 869
828 955
830 935
830 978
831 851
831 874
833 859
833 939
834 883
836 951
836 959
838 961
839 977
840 932
843 908
844 853
844 927
845 865
845 889
846 944
847 963
849 897
850 924
853 955
853 999
855 972
856 916
856 967
857 867
857 922
857 930
860 927
862 885
863 872
863 901
864 987
871 949
871 951
871 954
872 935
874 931
875 884
875 907
875 973
876 911
879 891
879 926
879 973
880 992
881 922
882 908
884 895
884 897
884 984
885 922
886 900
888 996
888 997
889 922
889 983
890 945
890 948
890 987
891 897
893 931
893 989
894 964
894 996
896 898
896 977
897 967
901 910
901 979
902 978
905 927
905 937
906 934
906 946
920 993
921 925
922 959
924 949
924 967
924 995
927 950
929 993
931 953
931 966
933 938
933 948
934 973
936 983
938 975
943 957
954 985
956 977
956 982
966 981
968 984
987 997
