0
1000
6304
0
1
0
0 53
0 375
0 468
0 521
0 531
0 565
0 619
0 694
0 716
0 861
0 872
0 922
0 977
0 999
1 43
1 238
1 245
1 296
1 297
1 334
1 364
1 374
1 414
1 645
1 891
2 93
2 173
2 206
2 210
2 321
2 349
2 352
2 375
2 402
2 562
2 618
2 724
2 788
2 816
2 929
2 994
3 235
3 312
3 316
3 385
3 512
3 562
3 629
3 785
3 814
3 839
3 915
3 944
4 39
4 96
4 106
4 146
4 175
4 239
4 250
4 304
4 370
4 545
4 623
4 625
4 649
4 693
4 754
4 861
4 974
5 54
5 137
5 145
5 236
5 295
5 302
5 322
5 640
5 645
5 646
5 809
5 903
5 918
6 47
6 193
6 206
6 356
6 372
6 648
6 655
6 709
6 780
6 800
6 965
6 980
7 16
7 55
7 113
7 192
7 202
7 248
7 271
7 368
7 606
7 608
7 666
7 883
8 157
8 178
8 337
8 407
8 417
8 496
8 543
8 622
8 715
8 757
8 810
8 950
9 24
9 144
9 270
9 330
9 484
9 535
9 644
9 674
9 734
10 244
10 300
10 318
10 367
10 712
10 771
10 793
10 824
10 917
10 984
11 61
11 112
11 173
11 194
11 232
11 236
11 270
11 341
11 342
11 460
11 492
11 521
11 709
12 48
12 130
12 163
12 288
12 342
12 523
12 537
12 651
12 716
12 730
13 108
13 140
13 148
13 251
13 253
13 278
13 340
13 381
13 407
13 461
13 474
13 560
13 576
13 618
13 719
13 748
13 836
13 839
13 908
14 166
14 208
14 277
14 423
14 476
14 565
14 571
14 578
14 585
14 622
14 639
14 670
14 680
14 952
15 240
15 299
15 301
15 338
15 394
15 567
15 576
15 585
15 621
15 657
15 670
15 864
16 23
16 170
16 212
16 236
16 291
16 338
16 347
16 618
16 659
16 688
16 737
16 967
17 59
17 249
17 279
17 321
17 433
17 443
17 558
17 666
17 757
17 789
17 796
17 830
17 841
17 852
17 857
18 183
18 485
18 692
18 697
18 767
18 785
18 942
19 23
19 65
19 106
19 152
19 193
19 257
19 278
19 301
19 373
19 467
19 513
19 597
19 760
19 846
19 858
19 917
20 178
20 223
20 255
20 322
20 381
20 517
20 593
20 603
20 627
20 706
20 727
20 748
20 857
20 991
21 125
21 187
21 266
21 373
21 415
21 827
21 869
22 230
22 250
22 734
22 825
22 855
22 955
22 989
23 73
23 135
23 155
23 305
23 338
23 387
23 555
23 587
23 648
23 813
23 855
23 957
24 48
24 147
24 267
24 312
24 520
24 530
24 567
24 608
24 678
24 698
24 875
24 986
25 329
25 346
25 484
25 542
25 668
25 710
25 810
25 817
25 818
25 828
25 944
26 28
26 132
26 258
26 388
26 410
26 428
26 437
26 484
26 655
26 698
26 741
26 767
26 782
26 838
26 954
26 978
27 103
27 170
27 336
27 346
27 400
27 434
27 492
27 508
27 598
27 606
27 636
27 659
27 682
27 737
27 767
27 778
27 835
27 848
27 887
27 987
28 81
28 155
28 249
28 270
28 351
28 444
28 525
28 630
28 658
28 721
28 846
28 946
29 54
29 88
29 100
29 137
29 195
29 252
29 311
29 329
29 347
29 360
29 438
29 496
29 525
29 770
29 971
29 995
30 139
30 188
30 342
30 467
30 530
30 755
30 842
30 879
31 94
31 109
31 112
31 138
31 214
31 244
31 287
31 434
31 438
31 484
31 533
31 602
31 657
31 701
31 768
31 775
31 779
31 854
31 882
31 885
31 898
31 928
32 135
32 152
32 273
32 310
32 338
32 479
32 752
32 760
32 806
32 877
32 893
32 944
32 957
33 100
33 226
33 280
33 291
33 331
33 405
33 544
33 574
33 819
33 854
33 868
33 877
33 936
34 67
34 105
34 286
34 336
34 516
34 663
34 668
34 698
34 709
34 880
34 999
35 125
35 318
35 427
35 481
35 571
35 578
35 597
35 619
35 702
35 757
35 788
35 808
36 41
36 266
36 269
36 318
36 512
36 522
36 549
36 757
36 806
36 886
37 49
37 58
37 122
37 222
37 316
37 396
37 541
37 573
37 595
37 618
37 646
37 649
37 709
37 878
38 96
38 106
38 113
38 173
38 186
38 199
38 328
38 340
38 490
38 536
38 571
38 586
38 616
38 817
38 883
38 932
39 164
39 265
39 345
39 454
39 468
39 516
39 608
39 647
39 683
39 729
39 960
40 64
40 102
40 311
40 430
40 484
40 511
40 560
40 562
40 609
40 646
40 649
40 738
40 880
40 914
40 967
41 152
41 300
41 352
41 422
41 588
41 590
41 625
41 734
41 763
41 802
41 881
41 893
42 128
42 242
42 272
42 360
42 422
42 476
42 489
42 561
42 580
42 594
42 779
42 790
42 876
42 883
42 921
42 990
43 190
43 235
43 279
43 505
43 516
43 648
43 671
43 814
43 897
43 973
44 102
44 331
44 430
44 432
44 535
44 543
44 671
44 694
44 748
44 820
44 943
44 976
45 150
45 168
45 203
45 248
45 276
45 279
45 320
45 569
45 606
46 124
46 189
46 209
46 227
46 309
46 350
46 393
46 524
46 570
46 578
46 594
46 691
46 727
46 778
46 855
46 902
46 955
47 88
47 94
47 151
47 165
47 169
47 208
47 254
47 291
47 329
47 396
47 408
47 457
47 539
47 583
47 630
47 790
47 825
47 833
47 938
48 128
48 284
48 328
48 437
48 518
48 580
48 587
48 726
48 910
48 943
48 963
49 207
49 218
49 227
49 491
49 606
49 847
49 954
49 986
50 441
50 471
50 486
50 608
50 617
50 651
50 693
50 854
51 148
51 213
51 229
51 245
51 264
51 342
51 412
51 501
51 546
51 711
51 769
51 824
51 854
51 964
52 81
52 96
52 228
52 254
52 315
52 416
52 624
52 941
53 204
53 318
53 322
53 410
53 437
53 447
53 455
53 472
53 770
53 818
53 899
53 923
53 956
54 60
54 97
54 155
54 221
54 388
54 391
54 410
54 433
54 503
54 673
54 736
54 781
55 112
55 209
55 271
55 424
55 517
55 713
55 809
55 913
55 994
56 129
56 192
56 252
56 283
56 285
56 351
56 447
56 534
56 669
56 704
57 122
57 211
57 415
57 522
57 756
57 774
57 824
57 950
58 95
58 221
58 268
58 414
58 447
58 691
58 794
58 798
58 831
58 833
58 866
58 904
58 989
59 165
59 282
59 421
59 515
59 554
59 646
59 849
60 116
60 128
60 236
60 283
60 302
60 399
60 433
60 536
60 771
60 846
60 870
61 70
61 210
61 240
61 245
61 296
61 343
61 700
61 735
61 753
61 770
61 781
61 784
61 791
61 916
61 988
62 151
62 189
62 279
62 300
62 399
62 402
62 558
62 610
62 843
62 864
62 979
63 67
63 252
63 327
63 331
63 395
63 670
63 681
63 711
63 833
63 992
64 271
64 351
64 354
64 407
64 459
64 516
64 545
64 658
64 663
64 841
65 99
65 312
65 356
65 386
65 452
65 483
65 491
65 599
65 770
65 782
66 185
66 200
66 302
66 342
66 404
66 420
66 582
66 611
66 632
66 774
66 782
66 795
66 828
67 69
67 148
67 175
67 299
67 326
67 515
67 527
67 753
67 776
67 970
68 126
68 269
68 311
68 372
68 418
68 560
68 568
68 616
68 880
68 962
68 990
68 993
69 167
69 238
69 423
69 530
69 667
69 799
70 71
70 132
70 134
70 159
70 190
70 301
70 355
70 414
70 509
70 550
70 578
70 580
70 581
70 669
70 686
70 828
70 866
70 909
70 971
71 117
71 141
71 145
71 148
71 226
71 299
71 368
71 453
71 494
71 772
71 790
71 809
71 813
71 880
71 950
72 285
72 314
72 416
72 514
72 585
72 587
72 660
72 747
72 751
72 760
72 963
73 137
73 148
73 244
73 390
73 582
73 664
73 717
73 746
73 819
73 925
73 951
74 76
74 80
74 249
74 383
74 392
74 396
74 602
74 678
74 703
74 786
74 859
74 930
74 949
74 966
74 970
75 111
75 120
75 229
75 328
75 337
75 602
75 621
75 653
75 791
75 812
75 842
75 875
75 919
75 926
75 927
75 953
76 136
76 170
76 249
76 251
76 396
76 429
76 446
76 496
76 517
76 538
76 557
76 571
76 590
76 624
76 712
76 731
76 808
76 861
77 149
77 171
77 227
77 428
77 615
77 661
77 997
78 161
78 275
78 513
78 608
78 663
78 688
78 715
78 757
78 766
78 834
79 369
79 584
79 632
79 641
79 652
79 702
79 742
79 861
79 938
79 945
80 159
80 168
80 201
80 254
80 301
80 325
80 413
80 417
80 520
80 572
80 629
80 696
80 702
80 806
80 827
80 901
81 168
81 246
81 265
81 425
81 497
81 533
81 627
81 630
81 658
81 661
81 741
81 812
81 901
81 945
81 978
82 181
82 184
82 232
82 271
82 338
82 436
82 479
82 480
82 543
82 560
82 568
82 810
83 106
83 179
83 282
83 329
83 370
83 445
83 487
83 495
83 591
83 648
83 701
83 711
83 793
83 794
84 293
84 639
84 690
84 806
85 348
85 352
85 416
85 496
85 523
85 564
85 733
85 784
85 881
85 902
85 920
86 147
86 222
86 313
86 376
86 469
86 489
86 566
86 706
86 720
86 767
86 772
86 976
87 106
87 172
87 374
87 375
87 386
87 413
87 654
87 686
87 814
87 829
87 945
88 108
88 171
88 196
88 324
88 599
88 635
88 649
88 688
88 785
88 885
88 956
89 132
89 158
89 267
89 369
89 487
89 514
89 559
89 594
89 599
89 798
89 804
89 826
89 873
89 963
90 119
90 199
90 274
90 339
90 403
90 559
90 653
90 754
90 846
90 934
90 961
91 103
91 146
91 208
91 218
91 325
91 333
91 355
91 480
91 524
91 555
91 656
91 713
91 728
91 729
91 805
91 895
91 990
92 149
92 242
92 338
92 663
92 690
92 717
92 731
92 732
92 764
92 937
92 999
93 114
93 301
93 316
93 430
93 435
93 496
93 743
94 216
94 243
94 287
94 393
94 427
94 451
94 607
94 775
94 812
94 876
94 946
95 101
95 146
95 454
95 498
95 591
95 676
95 799
95 848
95 868
95 966
95 991
96 287
96 330
96 350
96 547
96 675
96 898
97 209
97 214
97 268
97 281
97 389
97 430
97 523
97 687
97 956
98 223
98 425
98 506
98 680
98 738
98 868
98 912
98 929
99 172
99 279
99 313
99 371
99 398
99 427
99 491
99 578
99 579
99 625
99 687
99 770
99 789
99 842
99 920
99 951
99 960
99 995
100 120
100 184
100 237
100 238
100 325
100 349
100 379
100 552
100 657
100 727
100 831
100 985
100 995
101 190
101 220
101 457
101 553
101 762
101 799
101 852
101 954
102 329
102 331
102 358
102 578
102 622
102 709
102 977
103 214
103 321
103 458
103 639
103 672
103 733
103 740
103 866
103 913
103 922
103 931
104 138
104 204
104 268
104 566
104 585
104 674
104 746
104 876
104 894
105 301
105 381
105 391
105 455
105 642
105 739
105 757
105 786
105 798
105 981
105 998
106 124
106 154
106 191
106 205
106 250
106 286
106 303
106 420
106 545
106 579
106 593
106 619
106 643
106 749
106 831
106 963
107 210
107 599
107 662
107 832
108 149
108 175
108 333
108 631
108 757
108 811
108 898
108 972
109 134
109 143
109 152
109 166
109 191
109 369
109 516
109 576
109 611
109 734
109 746
109 931
110 338
110 391
110 491
110 497
110 565
110 614
110 757
110 793
110 980
111 174
111 186
111 212
111 303
111 328
111 432
111 433
111 439
111 664
111 693
111 884
111 910
111 936
112 137
112 148
112 184
112 392
112 402
112 484
112 526
112 578
112 925
112 945
113 333
113 426
113 533
113 637
113 715
113 753
113 759
113 807
113 911
114 141
114 197
114 264
114 340
114 402
114 478
114 537
114 551
114 607
114 733
114 782
114 922
115 129
115 273
115 367
115 385
115 429
115 573
115 739
115 765
115 893
116 175
116 279
116 283
116 290
116 356
116 382
116 402
116 494
116 696
116 851
117 133
117 236
117 282
117 283
117 342
117 440
117 466
117 541
117 638
117 672
117 678
117 713
117 820
117 887
117 953
118 122
118 267
118 374
118 452
118 470
118 530
118 586
118 726
118 804
118 980
119 302
119 309
119 315
119 316
119 419
119 447
119 450
119 540
119 599
119 651
119 672
119 684
119 879
119 967
120 241
120 331
120 383
120 385
120 648
120 710
120 769
120 881
120 926
120 954
120 986
121 197
121 208
121 310
121 356
121 411
121 510
121 645
121 653
121 751
121 827
122 354
122 388
122 533
122 672
122 684
122 838
122 914
122 957
122 982
123 134
123 137
123 138
123 537
123 544
123 549
123 639
123 714
123 817
123 891
123 949
123 982
124 185
124 191
124 287
124 304
124 311
124 321
124 527
124 552
124 667
124 721
124 920
125 140
125 150
125 284
125 413
125 503
125 505
125 512
125 611
125 637
125 665
125 668
125 693
125 696
125 705
125 824
125 866
126 181
126 213
126 232
126 238
126 310
126 400
126 438
126 457
126 582
126 585
126 647
126 661
126 723
126 778
126 879
127 248
127 254
127 275
127 317
127 483
127 602
127 667
127 707
127 822
127 839
127 870
127 877
127 886
128 221
128 338
128 416
128 488
128 495
128 559
128 592
128 609
128 950
128 969
129 131
129 297
129 386
129 441
129 617
129 636
129 661
129 731
129 746
129 846
129 888
129 961
130 260
130 346
130 363
130 526
130 655
130 667
130 895
130 924
131 140
131 202
131 363
131 383
131 443
131 518
131 527
131 581
131 660
131 752
131 844
131 870
131 910
131 969
132 204
132 238
132 254
132 320
132 353
132 442
132 488
132 577
132 639
132 661
132 663
132 699
132 766
132 824
132 951
132 960
133 300
133 324
133 395
133 429
133 510
133 583
133 592
133 645
133 811
133 986
134 331
134 421
134 481
134 630
134 672
134 721
134 726
134 802
134 811
134 838
134 899
134 914
134 955
135 190
135 214
135 275
135 590
135 638
135 693
135 851
135 972
135 995
135 996
136 190
136 308
136 358
136 412
136 459
136 484
136 562
136 613
136 618
136 629
136 634
136 644
136 743
136 748
136 823
136 852
137 164
137 338
137 514
137 526
137 595
137 692
137 741
137 969
137 973
137 978
138 151
138 229
138 335
138 395
138 424
138 465
138 834
138 866
138 922
138 942
138 943
138 953
139 236
139 334
139 425
139 549
139 642
139 801
139 895
139 923
139 926
139 949
139 958
140 287
140 321
140 556
140 568
140 764
140 820
140 889
140 944
140 962
141 223
141 281
141 298
141 362
141 397
141 573
141 658
141 666
141 672
141 807
141 832
141 896
141 924
142 188
142 240
142 273
142 299
142 366
142 371
142 401
142 407
142 430
142 436
142 479
142 490
142 514
142 597
142 652
142 671
142 811
142 813
142 880
142 973
142 978
143 176
143 205
143 573
143 755
143 759
143 904
143 908
143 926
143 941
143 982
143 993
144 152
144 320
144 581
144 624
144 856
145 185
145 241
145 278
145 347
145 404
145 443
145 478
145 518
145 531
145 618
145 676
145 723
145 799
145 837
146 244
146 276
146 349
146 537
146 630
146 643
146 647
147 149
147 215
147 242
147 487
147 579
147 620
147 684
147 731
147 758
147 770
147 803
147 937
147 949
148 191
148 414
148 543
148 743
148 874
149 244
149 425
149 537
149 562
149 617
149 725
149 779
149 814
149 832
149 873
149 973
150 156
150 177
150 328
150 362
150 438
150 502
150 539
150 554
150 572
151 220
151 292
151 459
151 494
151 535
151 546
151 662
152 332
152 350
152 378
152 381
152 487
152 506
152 574
152 590
152 623
152 628
152 636
152 637
152 685
152 728
152 822
152 893
152 929
152 997
153 247
153 263
153 326
153 491
153 502
153 511
153 592
153 742
153 769
153 776
153 808
153 815
153 841
153 878
153 949
154 226
154 256
154 334
154 349
154 403
154 439
154 551
154 564
154 589
154 590
154 627
154 661
154 776
154 789
154 832
154 842
154 948
154 982
155 171
155 198
155 262
155 345
155 402
155 435
155 667
155 895
155 898
155 928
155 984
155 995
156 158
156 196
156 253
156 328
156 380
156 386
156 421
156 431
156 499
156 503
156 590
156 627
156 691
156 728
156 915
156 961
157 208
157 289
157 693
157 898
157 914
158 341
158 366
158 387
158 514
158 522
158 537
158 594
158 627
158 633
158 635
158 690
158 700
158 938
159 187
159 235
159 264
159 293
159 541
159 613
159 687
159 729
159 803
159 846
159 880
159 907
160 436
160 540
160 716
160 728
160 776
160 939
160 948
160 983
161 277
161 293
161 401
161 500
161 509
161 529
161 681
161 743
161 765
161 769
161 773
161 813
161 826
161 922
162 233
162 309
162 318
162 356
162 441
162 508
162 621
162 649
162 652
162 657
162 740
162 772
162 779
162 909
162 937
162 940
162 944
162 966
163 191
163 196
163 341
163 385
163 405
163 737
163 770
163 791
163 882
163 980
164 309
164 533
164 588
164 714
164 841
165 179
165 302
165 541
165 654
165 730
165 741
165 835
165 946
165 988
166 170
166 288
166 328
166 404
166 476
166 501
166 555
166 711
166 818
167 172
167 201
167 279
167 457
167 635
167 726
167 749
167 896
167 932
168 214
168 260
168 270
168 325
168 402
168 549
168 682
168 809
168 920
169 184
169 218
169 317
169 328
169 555
169 573
169 674
169 923
169 960
170 189
170 235
170 270
170 338
170 527
170 539
170 902
170 943
171 199
171 508
171 519
171 559
171 712
171 767
171 771
171 800
171 810
171 903
172 261
172 277
172 313
172 373
172 380
172 454
172 636
172 757
172 838
172 885
172 903
172 943
173 471
173 635
173 710
173 812
173 958
174 209
174 287
174 315
174 373
174 402
174 466
174 580
174 613
174 755
174 825
174 826
174 858
174 995
175 313
175 380
175 511
175 518
175 651
175 840
176 350
176 404
176 525
176 627
176 704
176 838
177 246
177 257
177 296
177 369
177 457
177 572
177 604
177 633
177 654
177 675
177 729
177 744
177 860
177 867
177 972
178 376
178 405
178 463
178 672
178 678
178 726
178 870
178 945
179 204
179 254
179 297
179 313
179 482
179 530
179 534
179 651
179 704
179 723
179 754
179 968
180 204
180 402
180 467
180 486
180 847
180 908
180 970
180 984
180 988
181 208
181 265
181 282
181 299
181 307
181 395
181 413
181 445
181 550
181 571
181 635
181 871
181 948
182 189
182 258
182 394
182 547
182 625
182 629
182 634
182 666
182 830
182 837
183 383
183 423
183 437
183 511
183 658
183 713
183 717
183 787
184 213
184 676
184 694
184 698
184 784
184 806
184 848
184 991
185 234
185 242
185 326
185 355
185 364
185 463
185 674
185 804
186 219
186 235
186 654
186 656
186 696
186 952
187 382
187 418
187 488
187 492
187 509
187 631
187 793
187 823
187 834
187 888
187 953
187 968
187 995
188 310
188 350
188 365
188 460
188 824
188 881
188 917
188 922
189 214
189 262
189 414
189 424
189 431
189 440
189 527
189 557
189 850
189 969
190 314
190 423
190 892
190 911
190 991
191 230
191 296
191 362
191 408
191 537
191 560
191 623
191 632
191 659
191 686
191 775
191 902
192 273
192 285
192 337
192 376
192 442
192 495
192 705
192 802
192 847
192 852
192 919
192 933
192 937
192 951
193 234
193 380
193 431
193 463
193 481
193 899
193 929
194 254
194 316
194 440
194 521
194 555
194 601
194 987
195 228
195 267
195 292
195 357
195 383
195 428
195 437
195 506
195 644
195 661
195 807
196 281
196 339
196 348
196 381
196 407
196 478
196 590
196 619
196 659
196 713
196 724
196 728
196 793
196 839
196 899
196 915
196 973
197 275
197 286
197 333
197 364
197 380
197 448
197 464
197 544
197 646
197 710
197 855
198 422
198 547
198 789
198 793
198 794
198 979
198 986
199 213
199 343
199 412
199 419
199 433
199 584
199 588
199 672
199 852
199 965
200 227
200 288
200 450
200 522
200 560
200 625
200 631
200 635
200 688
200 724
200 800
200 807
201 231
201 251
201 290
201 338
201 384
201 463
201 465
201 510
201 681
201 772
201 773
201 778
202 220
202 276
202 277
202 288
202 328
202 331
202 465
202 567
202 642
203 216
203 318
203 411
203 554
203 594
203 776
203 979
203 989
204 261
204 266
204 296
204 372
204 394
204 423
204 632
204 768
204 787
204 813
204 904
204 939
204 979
205 221
205 392
205 425
205 548
205 557
205 629
205 633
205 638
205 739
205 762
205 800
206 265
206 303
206 345
206 609
206 686
206 772
206 818
206 965
207 302
207 313
207 429
207 430
207 618
207 647
207 669
207 700
207 743
207 879
207 963
208 383
208 393
208 499
208 594
208 619
208 673
208 773
209 280
209 357
209 406
209 617
209 668
209 727
209 738
209 822
209 859
209 918
209 994
210 229
210 334
210 361
210 439
210 455
210 600
210 666
210 871
210 881
211 212
211 229
211 496
211 498
211 543
211 550
211 677
211 730
211 767
211 859
211 948
212 271
212 355
212 424
212 485
212 689
212 695
212 706
212 732
212 801
212 834
212 854
213 223
213 287
213 430
213 441
213 674
213 838
213 863
213 867
214 232
214 268
214 281
214 309
214 381
214 447
214 615
214 647
214 649
214 684
214 786
214 806
214 833
215 301
215 355
215 427
215 631
216 243
216 247
216 256
216 380
216 396
216 402
216 507
216 573
216 676
216 763
216 850
216 887
216 990
217 251
217 315
217 380
217 440
217 489
217 491
217 563
217 582
217 593
217 647
217 650
217 724
217 733
217 761
217 784
217 798
217 911
217 961
218 305
218 349
218 359
218 436
218 494
218 512
218 527
218 626
218 809
218 877
218 936
218 981
219 240
219 315
219 353
219 392
219 442
219 594
219 706
219 722
219 817
219 865
219 946
220 244
220 312
220 337
220 342
220 411
220 484
220 505
220 537
220 550
220 682
220 762
220 799
220 816
220 937
220 948
220 985
221 413
221 567
221 585
221 714
221 738
221 768
221 871
222 389
222 466
222 707
222 764
222 812
222 901
222 978
223 300
223 312
223 574
223 897
224 246
224 404
224 419
224 463
224 838
224 846
224 906
224 972
225 350
225 716
225 738
225 742
225 871
226 279
226 351
226 355
226 412
226 417
226 609
226 739
226 743
226 800
226 878
226 895
227 298
227 348
227 400
227 476
227 690
227 817
227 891
227 952
228 475
228 477
228 534
228 563
228 599
228 630
228 688
228 985
229 258
229 320
229 432
229 562
229 578
229 617
229 756
229 963
229 983
230 436
230 440
230 825
230 876
230 888
230 911
230 917
230 961
230 992
231 233
231 342
231 474
231 554
231 687
231 781
232 571
232 603
232 847
232 906
233 247
233 248
233 515
233 558
233 559
233 757
233 805
233 857
233 908
234 300
234 438
234 454
234 461
234 523
234 562
234 625
234 652
234 785
234 805
234 863
235 300
235 323
235 431
235 444
235 857
235 960
236 265
236 340
236 443
236 675
236 901
237 312
237 372
237 431
237 534
237 678
237 831
238 255
238 285
238 371
238 512
238 601
238 747
238 905
238 979
239 247
239 250
239 353
239 377
239 587
239 589
239 653
239 659
239 839
239 962
240 279
240 318
240 326
240 489
240 599
240 631
240 739
240 750
240 814
240 829
240 862
240 895
240 920
241 311
241 339
241 348
241 362
241 371
241 501
241 511
241 586
241 608
241 770
241 810
241 834
241 869
242 248
242 297
242 315
242 384
242 390
242 416
242 480
242 567
242 714
242 722
242 739
242 743
242 996
243 346
243 395
243 457
243 476
243 636
243 665
243 740
243 881
244 386
244 428
244 478
244 523
244 688
244 715
244 769
244 792
244 808
244 830
244 841
244 918
245 332
245 355
245 433
245 439
245 748
245 980
246 293
246 307
246 432
246 449
246 499
246 720
246 976
247 255
247 258
247 315
247 488
247 522
247 539
247 765
247 825
247 826
247 858
247 931
247 937
248 279
248 323
248 359
248 460
248 562
248 578
248 646
248 716
248 754
248 884
248 934
248 969
248 979
249 269
249 285
249 473
249 522
249 523
249 955
250 295
250 367
250 448
250 537
250 752
250 790
251 285
251 368
251 376
251 434
251 439
251 458
251 464
251 492
251 554
251 602
251 787
251 895
251 909
251 948
252 395
252 437
252 586
252 798
252 932
252 940
253 364
253 371
253 428
253 457
253 477
253 485
253 488
253 645
253 807
253 830
253 927
253 935
254 271
254 281
254 392
254 502
254 572
254 578
254 584
254 585
254 632
254 641
254 699
254 941
254 969
254 972
255 327
255 371
255 459
255 659
255 673
255 683
255 732
255 818
255 820
255 856
255 957
256 290
256 299
256 307
256 436
256 716
256 856
256 942
256 992
257 300
257 348
257 384
257 424
257 473
257 475
257 494
257 653
257 816
257 891
258 287
258 394
258 408
258 459
258 519
258 521
258 596
258 622
258 691
258 711
258 740
259 277
259 538
259 576
259 696
259 739
259 794
259 897
259 942
259 994
260 364
260 418
260 448
260 478
260 489
260 507
260 523
260 776
260 815
260 997
261 341
261 375
261 389
261 413
261 567
261 665
261 781
261 918
261 970
261 991
262 337
262 338
262 341
262 564
262 568
262 635
262 824
263 323
263 528
263 544
263 547
263 811
264 449
264 493
264 502
264 720
264 749
264 754
264 916
264 975
265 441
265 507
265 535
265 538
265 672
265 773
266 407
266 466
266 493
266 643
266 816
266 991
267 381
267 422
267 623
267 624
267 633
267 665
267 806
267 814
267 844
267 846
268 373
268 375
268 405
268 493
268 533
268 578
268 601
268 856
268 957
269 411
269 596
269 704
269 715
269 769
269 868
269 932
269 982
270 306
270 309
270 544
270 583
270 755
270 909
270 999
271 313
271 390
271 479
271 515
271 561
271 796
271 826
271 841
271 851
271 859
271 911
272 281
272 301
272 340
272 342
272 348
272 383
272 388
272 434
272 449
272 459
272 529
272 593
272 633
272 725
272 805
272 901
272 906
273 425
273 495
273 503
273 522
273 554
273 579
273 752
273 799
273 919
273 941
273 949
274 303
274 379
274 401
274 404
274 426
274 538
274 566
274 569
274 653
274 677
274 746
274 963
275 377
275 430
275 608
275 614
275 715
275 809
275 818
275 865
275 879
275 933
276 445
276 449
276 464
276 577
276 601
276 706
276 773
276 827
276 839
276 853
276 854
276 973
277 299
277 391
277 431
277 443
277 558
277 731
277 759
277 909
277 914
277 955
278 297
278 372
278 379
278 401
278 445
278 447
278 471
278 510
278 551
278 564
278 573
278 765
278 852
278 972
278 994
279 297
279 623
279 655
279 681
279 721
279 761
279 907
279 955
279 973
280 283
280 365
280 424
280 582
280 717
280 767
280 774
280 837
281 353
281 394
281 510
281 553
281 572
281 574
281 585
281 665
281 700
281 801
281 850
282 298
282 356
282 464
282 544
282 640
282 651
282 655
282 737
282 821
282 853
282 970
282 984
283 389
283 456
283 572
283 622
283 704
283 728
283 749
283 920
283 952
283 993
283 994
284 363
284 371
284 383
284 461
284 559
284 791
284 859
284 908
284 973
284 996
285 550
285 606
285 663
286 326
286 337
286 403
286 464
286 610
286 947
287 340
287 498
287 506
287 661
287 721
287 762
287 833
287 910
287 915
288 292
288 305
288 510
288 546
288 630
288 645
288 702
288 708
288 762
288 863
289 354
289 619
289 672
289 877
289 927
289 983
290 349
290 489
290 525
290 626
290 671
290 735
290 919
291 584
291 665
291 669
291 702
291 769
291 779
291 823
291 857
291 868
291 878
291 980
292 344
292 427
292 490
292 517
292 772
292 833
292 842
292 880
293 322
293 354
293 411
293 530
293 799
293 815
293 890
293 966
294 346
294 500
294 607
294 608
294 708
294 953
295 451
295 475
295 677
295 745
296 443
296 460
296 669
296 734
296 844
296 885
297 326
297 413
297 430
297 602
297 621
297 697
297 755
297 768
297 799
297 803
297 845
297 907
297 946
297 953
297 965
298 556
298 692
299 380
299 512
299 524
299 630
299 778
299 885
299 964
300 384
300 463
300 646
300 717
300 733
300 786
300 806
301 423
301 581
301 585
301 590
301 623
301 655
301 669
301 670
301 735
301 865
302 322
302 605
302 689
302 770
302 807
302 895
302 928
302 932
302 962
302 971
303 325
303 452
303 499
303 557
303 585
303 709
303 725
303 784
303 801
303 930
304 353
304 487
304 555
304 661
304 735
304 748
304 806
304 875
304 996
305 306
305 349
305 507
305 614
305 651
305 839
305 840
305 869
305 994
306 350
306 375
306 447
306 465
306 467
306 495
306 597
307 368
307 456
307 487
307 502
307 513
307 547
307 572
307 586
307 610
307 661
308 354
308 356
308 501
308 607
308 723
308 922
308 939
309 414
309 415
309 493
309 512
309 577
309 788
310 322
310 615
310 659
310 671
310 819
310 872
310 956
310 958
311 327
311 840
311 862
311 939
312 345
312 375
312 569
312 598
312 695
312 754
312 785
312 822
312 896
312 907
312 925
312 963
312 992
313 382
313 516
313 527
313 558
313 801
314 379
314 494
314 496
314 567
314 679
314 825
314 866
314 924
314 986
315 341
315 470
315 559
315 573
315 593
315 645
315 730
315 759
315 787
315 803
316 322
316 357
316 548
316 736
316 895
316 908
317 358
317 361
317 505
317 514
317 577
317 642
317 721
317 845
317 880
317 944
318 361
318 444
318 491
318 576
318 617
318 623
318 646
318 719
318 787
318 810
318 837
318 842
318 855
319 355
319 371
319 479
319 585
319 894
319 920
319 967
320 328
320 519
320 536
320 609
320 762
320 887
320 941
321 439
321 443
321 495
321 701
321 825
321 833
321 875
321 884
321 917
321 991
322 361
322 412
322 471
322 505
322 613
322 686
322 768
322 809
322 815
322 893
322 936
322 946
323 465
323 580
323 709
323 715
323 721
323 841
323 954
324 458
324 552
324 702
324 785
324 857
325 366
325 373
325 489
325 519
325 592
325 635
325 745
325 773
325 779
325 868
325 924
325 963
325 972
326 356
326 397
326 471
326 571
326 620
326 712
326 805
326 911
327 389
327 422
327 514
327 738
327 984
327 998
328 451
328 751
328 918
328 954
328 982
328 983
328 985
328 988
329 514
329 515
329 532
329 617
329 750
329 792
329 973
330 402
330 437
330 514
330 677
330 890
330 994
331 383
331 405
331 580
331 583
331 618
331 642
331 710
331 762
331 957
332 869
332 959
332 971
332 987
332 990
333 454
333 696
333 799
333 835
333 876
334 531
334 634
334 655
334 657
334 756
334 927
335 450
335 546
335 666
335 739
335 753
335 842
335 940
336 427
336 454
336 521
336 584
336 593
336 611
336 625
336 869
336 953
337 357
337 485
337 495
337 718
337 825
337 836
337 924
337 940
338 351
338 396
338 404
338 417
338 536
338 618
338 634
338 746
338 830
338 876
338 898
338 992
339 565
339 659
339 702
339 881
340 489
340 597
340 643
340 699
340 856
340 954
341 345
341 370
341 412
341 474
341 713
341 896
342 345
342 352
342 354
342 362
342 458
342 530
342 535
342 730
342 785
342 879
342 923
342 999
343 515
343 516
343 547
343 573
343 580
343 717
343 903
343 942
343 995
344 551
344 559
344 593
344 832
344 939
344 941
345 441
345 478
345 501
345 543
345 553
345 570
345 696
345 741
345 744
345 855
346 410
346 465
346 564
346 654
346 738
346 756
346 911
346 913
346 949
346 963
347 515
347 565
347 585
347 647
347 710
347 752
347 851
347 901
347 967
347 977
347 994
348 365
348 410
348 436
348 469
348 504
348 737
348 750
348 893
348 945
349 571
349 634
349 856
349 946
349 999
350 475
350 546
350 609
350 658
350 687
350 785
350 838
350 910
350 960
351 454
351 604
351 660
351 686
351 741
351 838
351 903
351 938
351 988
352 392
352 393
352 403
352 480
352 498
352 512
352 566
352 601
352 603
352 802
352 861
352 908
352 985
353 372
353 380
353 392
353 426
353 558
353 654
353 678
353 737
353 782
353 819
353 869
354 375
354 419
354 529
354 658
354 705
354 787
354 810
354 839
354 842
354 894
354 925
354 940
355 382
355 399
355 482
355 489
355 615
355 741
355 952
355 973
356 431
356 683
356 822
356 910
357 361
357 420
357 501
357 624
357 632
357 652
357 655
357 717
357 837
357 848
357 925
357 985
358 388
358 459
358 561
358 652
358 720
358 781
358 863
358 864
358 882
358 890
358 945
359 392
359 397
359 435
359 456
359 491
359 577
359 745
359 797
359 898
360 550
360 594
360 867
360 871
360 941
361 371
361 515
361 568
361 600
361 639
361 693
361 756
361 937
361 996
362 403
362 429
362 430
362 500
362 525
362 538
362 583
362 881
362 926
362 952
363 422
363 682
363 852
363 953
363 964
364 446
364 484
364 520
364 778
364 794
364 913
364 914
365 414
365 442
365 578
365 682
365 879
365 966
365 975
366 375
366 380
366 405
366 816
366 834
366 994
367 486
367 497
367 498
367 578
367 665
367 680
367 694
367 719
367 780
367 808
367 859
367 913
367 983
368 384
368 446
368 783
368 876
369 635
369 662
369 704
369 808
369 907
369 935
369 938
369 962
370 398
370 415
370 537
370 549
370 617
370 796
370 934
370 966
370 983
371 379
371 451
371 513
371 533
371 662
371 680
371 742
372 567
372 687
372 758
372 837
372 842
373 391
373 576
373 727
373 734
373 790
373 835
373 856
374 436
374 446
374 456
374 514
374 620
374 730
374 766
374 771
374 786
374 898
374 994
374 996
375 442
375 580
375 653
375 752
375 789
375 799
375 893
375 895
375 979
375 981
376 476
376 545
376 592
376 626
376 643
376 653
376 731
376 926
377 427
377 504
377 558
377 638
377 719
377 948
377 954
378 437
378 450
378 458
378 504
378 565
378 675
378 803
378 836
378 888
378 895
378 932
379 391
379 521
379 667
379 669
379 674
379 861
379 982
380 468
380 616
380 681
380 865
380 870
380 934
380 942
380 953
381 443
381 633
381 731
381 843
381 896
381 907
381 941
382 448
382 450
382 627
382 710
383 449
383 459
383 462
383 558
383 588
383 667
383 816
383 821
383 913
383 920
383 983
384 437
384 448
384 655
384 689
384 695
384 703
384 707
384 821
384 950
384 954
385 467
385 760
385 799
385 809
385 871
385 918
386 471
386 524
386 570
386 593
386 686
386 748
386 766
386 986
387 476
387 613
387 643
387 702
387 870
387 883
387 996
388 505
388 549
388 587
388 600
388 613
388 666
388 741
388 757
388 904
388 911
388 981
389 473
389 483
389 535
389 659
389 676
389 685
389 786
389 799
389 804
390 412
390 554
390 602
390 625
390 652
390 688
390 695
390 738
390 826
390 936
391 412
391 414
391 518
391 683
391 698
391 787
391 856
391 876
391 940
392 464
392 466
392 481
392 583
392 630
392 694
392 723
392 766
392 798
392 823
393 581
393 812
393 820
393 988
394 443
394 459
394 565
394 827
394 840
394 846
394 853
394 867
394 903
394 979
395 433
395 465
395 476
395 491
395 579
395 637
395 677
395 765
395 899
395 901
395 945
396 410
396 448
396 473
396 643
396 651
396 664
396 879
396 927
396 970
397 428
397 431
397 518
397 635
397 656
397 868
397 888
397 929
398 404
398 426
398 434
398 533
398 611
398 703
398 709
398 784
398 798
398 802
398 871
399 639
399 763
399 850
399 901
400 458
400 714
400 796
400 885
400 914
401 407
401 461
401 551
401 557
401 708
401 747
401 786
401 816
401 877
401 891
402 599
402 615
402 683
402 685
402 902
402 920
403 667
403 679
403 691
403 758
403 774
403 819
403 977
403 990
404 560
405 461
405 474
405 577
405 581
405 628
405 694
405 708
405 790
405 827
405 846
405 942
406 463
406 534
406 536
406 660
406 824
406 907
407 422
407 579
407 590
407 747
407 764
407 766
407 836
407 973
408 738
408 756
408 812
408 819
408 841
408 855
408 883
408 909
409 430
409 436
409 437
409 510
409 539
409 547
409 641
409 764
409 788
409 894
409 982
410 411
410 439
410 446
410 593
410 690
410 711
410 762
411 521
411 742
411 803
412 418
412 467
412 526
412 666
412 735
412 776
412 795
412 800
412 926
413 688
413 744
413 919
413 929
413 954
413 978
413 979
414 421
414 424
414 430
414 441
414 450
414 550
415 429
415 504
415 543
415 643
415 804
415 862
415 960
416 418
416 434
416 458
416 616
416 693
416 725
416 730
416 811
416 902
416 946
417 444
417 543
417 588
417 783
417 821
417 862
417 924
417 958
417 995
418 420
418 474
418 488
418 504
418 506
418 631
418 781
418 852
418 896
418 959
418 995
419 536
419 581
419 605
419 667
419 755
419 842
420 599
420 667
420 712
420 842
420 887
420 926
420 996
421 426
421 624
421 745
422 571
422 668
422 683
422 813
422 910
423 444
423 450
423 463
423 508
423 696
423 710
423 796
423 827
423 850
423 931
424 462
424 549
424 553
424 869
425 472
425 485
425 487
425 528
425 623
425 647
425 728
425 742
425 749
425 771
425 800
425 822
426 512
426 518
426 538
426 592
426 659
426 664
426 702
426 812
426 939
427 478
427 538
427 584
427 609
427 619
427 649
427 909
427 947
427 989
428 582
428 609
428 658
428 821
428 866
428 924
428 946
429 566
429 621
429 623
429 656
429 700
429 793
429 906
429 985
430 453
430 478
430 479
430 604
430 719
430 762
430 774
430 873
430 925
430 942
431 521
431 722
431 729
431 926
432 535
432 596
432 603
432 720
432 731
432 759
432 783
432 873
432 878
432 965
433 483
433 503
433 587
433 621
433 635
433 664
433 667
433 708
433 845
434 551
434 624
434 712
434 731
434 746
434 875
434 988
435 447
435 619
435 716
435 743
435 794
435 828
435 854
435 891
435 953
436 484
436 488
436 545
436 618
436 737
436 763
436 857
436 883
436 974
437 490
437 688
437 701
437 850
438 532
438 634
438 682
438 735
438 834
438 881
438 979
439 455
439 462
439 802
439 887
439 989
440 488
440 491
440 514
440 539
440 636
440 757
440 849
440 860
440 862
441 585
441 640
441 871
441 902
442 459
442 505
442 770
442 791
442 812
442 819
442 942
443 465
443 653
443 827
443 898
443 913
443 962
444 446
444 459
444 504
444 589
444 779
444 865
445 465
445 516
445 832
445 953
445 986
446 530
446 603
446 621
446 629
446 666
446 793
446 823
446 866
446 871
447 458
447 502
447 520
447 554
447 596
447 609
447 616
447 637
447 640
447 641
447 666
447 808
447 947
448 647
448 733
448 735
448 759
448 783
448 827
448 880
448 964
449 459
449 483
449 572
449 675
449 727
449 924
450 497
450 540
450 739
450 851
450 887
450 936
450 949
451 496
451 546
451 594
451 618
451 662
451 810
451 977
452 455
452 470
452 545
452 586
452 659
452 748
452 799
453 506
453 564
453 620
453 624
453 634
453 664
453 698
453 705
453 748
453 779
453 781
453 908
453 940
454 779
454 805
454 840
454 898
454 912
454 917
455 555
455 586
455 734
455 830
455 842
455 848
455 854
455 880
455 888
455 924
455 928
456 514
456 563
456 854
456 855
456 889
456 921
457 524
457 621
457 657
457 705
458 491
458 493
458 735
458 799
458 841
459 557
459 658
459 680
459 725
459 768
459 983
460 469
460 498
460 534
460 569
460 585
460 599
460 643
460 682
460 767
460 829
460 894
461 481
461 545
461 629
461 716
461 735
461 780
462 492
462 545
462 572
462 662
462 707
462 932
462 991
463 579
463 630
463 872
463 938
464 516
464 604
464 668
464 710
464 895
464 939
464 966
465 511
465 702
465 802
465 933
465 967
465 987
466 569
466 599
466 640
466 898
466 939
467 873
468 572
468 660
468 758
468 775
469 514
469 671
469 933
469 938
470 482
470 484
470 832
470 839
470 886
471 475
471 594
471 789
471 940
471 975
472 542
472 592
472 624
472 690
472 732
472 745
472 884
472 899
473 550
473 588
473 607
473 709
473 847
473 897
474 504
474 531
474 667
474 705
474 886
474 938
475 487
475 497
475 600
475 829
475 858
475 867
476 537
476 606
476 627
476 780
476 803
476 809
476 962
477 661
477 800
478 520
478 560
478 641
478 807
478 885
478 910
478 954
478 986
479 618
479 816
479 887
479 904
479 909
479 972
479 997
480 567
480 628
480 781
480 792
480 803
480 866
480 931
480 970
480 994
481 504
481 555
481 557
481 587
481 690
481 707
481 768
481 824
481 938
482 487
482 496
482 587
482 633
482 653
482 776
482 897
482 966
483 583
483 634
483 675
483 743
483 749
483 800
483 892
483 935
484 578
484 584
484 660
484 680
484 718
484 861
484 910
484 966
485 548
485 736
485 779
485 857
485 915
486 536
486 626
486 650
486 676
486 750
487 541
487 710
487 733
487 811
487 943
487 957
488 575
488 577
488 583
488 587
488 810
488 829
488 922
489 531
489 569
489 732
489 809
489 897
489 977
490 565
490 659
490 741
490 821
490 927
490 963
491 555
491 625
491 737
491 872
492 535
492 576
492 654
492 661
492 689
492 692
492 723
492 756
492 772
492 815
493 506
493 535
493 721
493 744
493 752
493 758
493 818
493 820
493 830
493 967
494 517
494 526
494 613
494 619
495 532
495 576
495 637
495 670
495 709
495 771
495 798
495 860
495 892
495 926
496 523
496 726
497 544
497 633
497 634
497 763
497 803
497 949
497 967
497 987
498 622
498 766
498 881
499 673
499 702
499 714
499 766
499 800
499 837
499 861
500 512
500 561
500 585
500 596
500 709
500 826
500 856
500 959
501 579
501 657
501 673
501 722
501 868
501 909
501 915
501 969
502 549
502 565
502 598
502 631
502 759
502 863
502 868
502 873
502 906
503 571
503 815
503 822
504 599
504 641
504 651
504 664
504 746
504 762
504 836
505 546
505 614
505 753
505 901
506 704
506 757
506 777
506 782
506 817
506 903
507 577
507 590
507 609
507 646
507 681
507 755
507 911
508 539
508 657
508 679
508 687
508 732
508 872
508 876
508 941
509 776
509 936
509 984
510 866
510 971
511 542
511 577
511 766
512 688
512 729
512 901
512 928
512 951
512 987
513 639
513 916
513 934
513 945
513 984
514 559
514 732
514 735
514 743
514 878
514 883
514 915
515 810
515 851
515 858
516 519
516 582
516 602
516 635
516 656
516 661
516 769
516 820
517 601
517 964
518 591
518 601
518 684
518 707
518 837
519 569
519 675
519 841
519 909
519 986
520 594
520 803
520 855
520 861
521 665
521 750
521 825
521 867
521 880
521 976
521 994
522 537
522 588
522 607
522 825
522 963
523 540
523 559
523 582
523 623
523 632
523 713
523 768
523 935
523 974
524 725
524 852
525 526
525 559
525 567
525 700
525 746
525 863
525 958
525 959
526 535
526 613
526 637
526 694
526 854
526 930
526 968
527 535
527 573
527 630
527 696
527 831
527 960
527 967
528 537
528 599
528 758
528 795
528 865
528 877
528 895
529 554
529 627
529 636
529 682
529 735
529 893
530 724
530 816
530 857
530 880
530 901
530 945
531 676
531 890
531 910
531 989
532 568
532 584
532 715
532 733
532 776
532 813
532 937
533 621
533 632
533 655
533 873
534 604
534 809
534 869
535 544
535 671
535 687
535 843
535 977
536 564
536 592
536 595
536 747
536 785
536 788
536 906
537 555
537 567
537 649
537 690
537 729
537 793
537 925
537 964
538 591
538 887
539 666
539 803
539 831
539 834
539 934
540 546
540 565
540 589
540 631
540 833
540 915
541 696
541 748
541 861
541 941
541 982
542 550
542 575
542 654
542 779
542 835
542 843
542 907
542 949
543 644
543 677
543 710
543 757
543 766
543 964
544 724
544 725
544 844
544 901
545 549
545 760
545 761
545 797
545 845
545 873
545 876
545 934
545 944
545 950
545 977
545 998
546 564
546 625
546 627
546 826
546 863
547 633
547 701
547 817
548 596
548 633
548 701
548 782
548 969
548 998
549 559
549 667
549 699
549 726
549 762
549 926
550 681
550 715
550 936
550 941
550 949
551 578
551 691
551 711
551 712
551 743
551 771
551 774
551 827
552 609
552 650
552 655
552 685
552 912
552 928
552 998
553 638
553 752
553 797
553 950
553 970
554 619
554 793
555 568
555 588
555 681
556 570
556 713
556 741
556 774
556 781
556 819
556 845
556 973
557 669
557 957
558 770
558 876
558 914
558 970
559 589
559 609
559 769
559 851
559 858
559 867
559 870
560 566
560 588
560 749
560 825
560 959
560 979
561 590
561 599
561 766
561 781
561 916
561 986
562 591
562 626
562 642
562 773
562 813
562 870
563 618
563 796
563 907
563 933
564 683
564 713
564 762
564 774
565 709
565 763
565 859
566 745
566 804
567 826
567 872
568 643
568 746
568 765
568 769
568 860
568 900
569 721
569 750
569 857
569 861
569 949
569 966
569 995
570 772
570 859
570 933
571 648
571 725
571 854
571 950
572 662
572 695
572 714
572 715
572 719
572 782
572 905
572 944
572 957
572 970
572 997
573 592
573 612
573 661
573 752
573 801
573 836
574 693
574 782
574 788
574 858
574 974
575 691
575 780
575 795
575 850
576 928
577 585
577 618
577 756
577 807
578 589
578 605
578 718
578 743
578 770
578 800
578 874
578 876
578 895
578 928
578 957
579 668
579 672
579 745
579 898
579 900
579 910
580 680
580 697
580 770
580 868
580 946
581 585
581 746
581 756
581 879
581 927
581 931
581 937
581 959
581 962
581 982
582 664
582 756
582 892
582 922
582 929
582 933
583 639
583 744
583 809
583 949
584 700
584 738
584 761
584 921
585 604
585 641
585 788
585 986
586 652
586 693
586 788
586 855
586 864
586 978
587 641
587 719
587 754
587 763
587 825
587 998
588 602
588 898
588 971
588 994
589 729
589 789
589 952
589 981
590 606
590 963
591 626
591 789
591 822
591 824
591 830
591 907
591 993
592 593
592 629
592 646
592 649
592 677
592 680
592 712
592 729
592 860
592 893
592 956
593 741
593 768
593 908
594 599
594 699
594 717
594 822
594 891
594 930
594 967
594 969
594 970
594 986
595 704
595 770
595 800
595 942
596 705
596 807
596 808
596 941
597 690
597 697
597 747
597 759
597 792
597 797
598 620
598 684
598 809
598 928
598 951
599 698
599 892
599 937
599 947
600 800
600 903
600 932
601 741
601 871
601 980
602 753
602 798
602 857
602 955
602 956
603 607
603 618
603 670
603 799
603 896
603 976
603 981
604 683
604 703
604 735
604 831
604 858
604 863
604 898
604 900
604 978
605 621
605 673
605 759
605 825
605 835
605 970
606 683
606 877
606 951
607 619
607 755
607 761
607 770
607 869
608 651
608 672
608 696
608 717
608 739
608 854
608 977
609 768
609 805
609 848
609 882
609 905
609 967
609 969
610 614
610 702
610 731
610 826
610 888
610 934
610 946
611 725
611 821
611 839
611 870
611 873
611 874
611 958
611 963
611 978
612 637
612 707
612 760
612 779
612 876
612 921
612 923
613 851
613 893
613 948
613 967
614 622
614 859
614 985
615 836
615 914
616 689
616 707
616 847
616 933
616 991
617 646
617 672
617 726
617 780
617 912
617 941
618 806
618 841
618 970
619 623
619 705
619 758
619 812
619 834
619 922
619 995
620 662
620 735
620 826
621 686
621 712
621 737
621 782
621 947
621 964
621 972
622 693
622 750
622 893
622 980
623 626
623 680
623 850
624 674
624 795
624 851
624 900
624 905
625 659
625 673
625 805
625 809
625 813
625 820
625 836
625 931
625 963
626 650
626 656
626 717
626 735
626 744
626 878
626 928
626 973
626 990
627 634
628 659
628 698
629 707
629 775
629 965
630 669
630 683
630 885
631 663
631 705
631 711
631 717
631 791
631 857
631 907
631 914
631 947
632 646
632 865
632 881
632 936
632 961
632 970
632 995
633 684
633 694
633 766
633 856
633 919
634 669
634 801
635 660
635 665
635 683
635 685
635 691
635 712
635 729
635 827
636 762
636 853
636 865
636 868
636 896
636 899
636 914
636 958
637 699
637 856
638 846
639 663
639 693
639 899
640 665
640 708
640 730
640 731
640 892
640 935
641 661
641 732
641 766
641 867
641 874
641 962
641 970
641 979
641 989
642 695
642 955
642 976
642 999
643 760
643 875
643 891
643 916
644 744
644 750
644 774
644 796
644 825
644 873
644 892
644 945
644 966
645 665
645 739
645 826
645 873
645 900
646 815
646 877
646 912
647 761
647 796
647 816
647 839
648 938
649 684
649 797
649 807
649 888
649 892
649 956
649 977
649 983
650 713
650 749
650 850
651 673
651 842
651 955
651 987
652 667
652 701
652 726
652 847
652 897
652 945
652 988
653 791
653 832
653 841
653 914
653 939
654 895
654 914
654 918
654 960
654 972
655 982
656 677
656 756
656 823
656 912
658 739
658 823
658 887
658 925
658 943
658 962
658 975
659 992
660 663
660 723
660 790
660 932
660 936
660 989
661 696
661 766
661 782
661 790
661 803
661 964
661 995
662 746
662 807
662 837
662 853
662 924
662 945
663 701
663 745
663 807
663 861
663 866
664 794
664 810
664 846
665 692
665 967
666 680
666 709
666 891
666 904
666 983
667 731
667 793
667 894
668 788
668 878
668 890
668 975
668 980
669 837
669 900
669 927
669 937
670 677
670 707
670 753
670 800
670 867
670 891
671 749
671 756
671 786
671 849
671 877
672 682
672 721
672 869
672 895
672 909
673 728
673 785
673 799
673 900
673 978
674 707
674 831
674 834
674 898
674 923
674 964
675 781
676 772
676 790
676 826
676 835
676 996
677 695
677 749
677 862
678 786
678 876
679 882
679 909
680 710
680 711
680 800
681 723
681 849
682 728
682 738
682 820
682 846
682 894
682 919
682 924
683 718
683 809
683 943
683 956
684 731
684 738
684 788
684 812
684 884
684 900
684 921
684 952
684 954
685 713
685 796
685 812
686 730
686 865
686 938
686 946
687 700
687 757
687 827
687 892
688 728
688 821
688 922
689 716
689 741
689 747
689 840
690 767
690 881
691 989
692 736
692 741
692 783
692 819
692 833
692 860
693 756
693 943
694 760
694 902
694 908
694 923
695 914
695 920
695 982
696 713
696 745
696 746
696 814
696 819
696 898
697 720
697 728
697 756
697 797
697 810
698 900
699 756
699 771
699 793
699 804
699 910
699 941
700 913
700 979
701 832
701 938
701 940
702 728
702 752
702 776
702 865
702 914
703 780
703 963
704 943
704 970
704 992
705 718
705 819
705 858
705 929
705 991
706 708
706 724
706 809
706 841
706 906
707 718
707 793
707 835
707 939
708 874
708 934
708 938
709 777
709 873
709 924
710 719
711 718
711 982
712 802
712 829
712 928
713 733
713 796
713 981
714 732
714 917
714 954
715 745
715 951
716 736
716 796
716 803
716 835
716 875
717 781
717 845
717 861
717 915
718 911
719 785
719 808
719 844
719 875
719 962
720 788
720 961
720 993
721 789
721 797
721 911
722 833
722 964
722 999
723 816
723 848
724 817
724 919
725 874
725 893
725 957
726 774
726 885
726 891
726 909
726 914
726 990
727 782
727 790
727 868
727 921
727 947
728 785
728 868
728 902
728 965
729 875
729 876
729 885
729 924
729 973
729 986
729 993
730 731
730 782
730 942
731 735
731 873
732 814
732 948
732 962
732 984
732 999
733 848
733 882
733 994
734 756
734 763
734 792
734 820
734 832
734 963
734 971
734 975
735 912
735 974
735 978
736 876
736 943
736 985
737 865
737 875
737 887
738 759
738 782
738 994
739 771
740 772
740 868
740 978
741 754
741 803
741 833
741 854
741 956
742 873
742 920
742 977
743 808
743 850
743 916
744 821
744 888
744 909
745 758
745 859
745 933
745 998
746 843
747 836
747 838
747 895
748 797
748 848
749 795
749 909
749 922
749 937
749 980
749 985
750 820
750 980
751 785
751 789
751 863
751 881
751 910
752 834
752 931
752 942
752 956
753 773
753 798
753 940
754 785
754 872
755 912
755 933
756 846
756 901
756 927
756 972
757 880
757 929
758 849
758 855
758 867
758 870
759 807
759 830
759 876
759 879
759 941
760 771
760 832
761 762
761 800
761 806
761 892
762 775
762 863
762 944
763 799
764 836
764 904
765 882
765 943
766 808
766 859
766 872
767 798
768 806
768 863
768 964
770 801
771 866
771 940
771 952
771 963
772 838
772 839
772 926
773 825
773 933
774 894
776 792
776 927
776 941
777 854
778 793
778 836
778 850
778 857
778 883
778 920
779 841
780 845
780 889
780 914
781 994
782 805
782 808
782 937
783 846
783 892
783 906
783 970
784 814
784 841
784 886
785 868
786 890
786 995
787 813
787 847
787 853
787 995
788 989
789 849
789 893
790 937
791 879
791 963
791 972
792 805
792 841
792 931
792 958
792 971
792 987
793 894
794 815
795 819
796 868
797 820
797 853
797 873
797 913
798 876
798 979
799 884
800 829
800 928
801 812
801 886
801 958
802 803
802 826
802 833
802 868
803 922
803 968
803 997
804 840
804 919
804 945
804 995
805 964
806 830
806 896
806 998
807 983
808 871
809 816
809 957
810 820
810 969
811 812
811 829
811 874
811 901
812 889
812 973
812 980
813 905
813 919
813 990
814 847
814 931
814 935
814 944
814 953
814 988
815 871
816 838
816 850
816 961
817 828
817 866
817 871
817 926
818 863
818 926
818 938
820 821
820 840
820 925
820 941
820 968
820 991
821 943
821 956
822 849
822 878
822 931
822 946
822 997
824 998
825 937
826 892
826 939
826 950
827 903
827 933
828 831
828 901
829 855
829 924
829 988
830 847
830 859
830 904
830 940
830 980
830 988
832 846
832 915
832 916
832 940
834 878
835 867
835 899
835 923
835 969
836 860
836 874
836 947
836 995
837 841
837 901
839 854
839 926
839 960
840 856
841 861
841 903
841 913
842 852
842 874
842 923
843 850
843 878
843 881
843 964
844 930
845 984
846 856
846 959
846 960
847 857
847 891
847 892
848 898
848 910
849 953
849 997
850 941
851 890
851 916
852 967
853 930
853 946
853 999
854 890
854 936
855 857
855 909
856 877
856 915
856 958
858 889
858 899
858 962
859 891
859 929
860 879
860 934
860 935
862 900
862 944
862 982
863 993
864 995
865 867
865 969
865 970
866 876
866 892
866 922
866 934
866 975
867 936
867 993
868 971
868 999
870 880
870 999
872 935
872 982
873 908
873 996
874 906
874 912
875 918
875 953
875 991
877 948
877 996
878 943
878 953
879 891
879 962
879 981
880 988
881 937
882 928
882 952
884 902
884 955
885 920
886 891
886 975
886 989
887 943
888 909
888 942
889 947
889 963
891 892
891 910
891 933
891 994
893 953
895 920
895 944
896 944
898 901
898 909
898 976
899 938
899 948
900 903
900 913
900 983
901 983
902 962
902 967
903 913
903 926
904 943
904 948
905 955
905 963
906 915
907 941
907 979
908 962
909 971
910 995
911 920
911 950
912 917
912 932
912 942
912 948
913 972
914 935
914 940
915 989
916 942
918 997
919 940
919 991
920 969
921 925
922 925
922 996
925 935
925 967
925 983
928 979
930 949
930 991
931 939
933 970
934 995
935 966
938 989
938 998
942 947
944 963
947 987
949 954
952 966
954 993
957 969
958 981
958 999
959 986
960 987
961 972
963 975
964 985
971 972
972 973
972 976
977 982
984 991
986 999
991 993
991 995
