0
1000
5044
0
1
0
0 2
0 65
0 66
0 175
0 237
0 369
0 524
0 533
0 669
0 723
0 873
0 923
0 955
1 68
1 108
1 177
1 227
1 386
1 486
1 598
1 663
1 794
2 141
2 337
2 388
2 735
2 873
3 5
3 51
3 69
3 351
3 417
3 421
3 643
3 860
3 931
3 963
3 979
4 91
4 113
4 120
4 130
4 181
4 211
4 219
4 312
4 339
4 360
4 565
4 672
4 764
4 837
4 902
4 951
5 10
5 173
5 214
5 310
5 373
5 446
5 461
5 558
5 568
5 575
5 604
5 787
5 803
5 972
6 131
6 179
6 211
6 511
6 578
6 818
6 888
6 899
6 943
6 966
6 992
6 999
7 33
7 106
7 201
7 203
7 303
7 379
7 390
7 479
7 605
8 55
8 184
8 231
8 385
8 503
8 696
8 771
9 40
9 99
9 172
9 242
9 362
9 497
9 586
9 684
9 701
9 746
9 826
10 51
10 81
10 245
10 387
10 493
10 553
10 610
10 659
10 678
10 756
10 981
11 82
11 181
11 255
11 279
11 502
11 679
11 747
11 781
11 855
11 981
12 16
12 110
12 266
12 291
12 387
12 438
12 523
12 618
12 698
12 790
13 349
13 440
13 601
13 644
13 735
13 794
13 804
13 850
14 17
14 27
14 110
14 155
14 353
14 388
14 395
14 421
14 586
14 713
14 750
14 850
14 941
14 960
15 137
15 231
15 278
15 326
15 370
15 537
15 839
15 861
15 885
16 89
16 218
16 383
16 536
16 555
16 622
16 754
16 793
16 844
16 913
16 941
16 944
17 148
17 182
17 272
17 512
17 635
17 649
17 650
17 670
17 828
17 865
18 105
18 421
18 628
18 668
18 895
18 905
19 239
19 522
19 650
19 808
19 928
19 978
20 46
20 212
20 256
20 291
20 683
21 105
21 128
21 584
22 386
22 526
22 562
22 768
22 929
23 83
23 229
23 375
23 428
23 454
23 458
23 459
23 630
23 712
23 773
23 782
24 48
24 431
24 453
24 495
24 506
24 566
24 712
24 760
24 776
24 777
24 820
24 896
24 956
25 46
25 120
25 298
25 553
25 607
25 835
25 846
25 922
26 66
26 116
26 146
26 421
26 546
26 580
26 585
26 614
26 680
26 944
27 494
27 693
27 918
27 947
28 88
28 119
28 319
28 508
28 601
28 611
28 753
28 817
28 830
28 873
28 895
28 905
28 971
29 68
29 119
29 133
29 181
29 196
29 294
29 310
29 319
29 407
29 566
29 582
29 589
29 837
29 906
29 985
30 44
30 47
30 52
30 91
30 149
30 220
30 239
30 446
30 467
30 482
30 567
30 651
31 205
31 217
31 359
31 435
31 576
31 866
31 874
31 937
31 977
32 109
32 306
32 358
32 432
32 438
32 573
32 677
33 211
33 472
33 514
33 537
33 921
34 112
34 113
34 218
34 237
34 400
34 418
34 446
34 510
34 741
34 742
34 857
35 41
35 464
35 472
35 499
35 512
35 578
35 658
35 692
35 770
35 919
35 949
36 193
36 307
36 403
36 509
36 550
36 592
36 665
36 693
36 696
36 786
36 788
36 870
37 53
37 59
37 134
37 229
37 306
37 489
37 938
37 986
38 231
38 333
38 380
38 382
38 479
38 563
38 835
38 845
39 75
39 206
39 222
39 399
39 451
39 454
39 728
39 807
40 98
40 327
40 385
40 437
40 596
40 896
40 903
41 113
41 483
41 511
41 514
41 793
42 83
42 117
42 146
42 174
42 177
42 361
42 367
42 386
42 404
42 419
42 447
42 450
42 556
42 618
42 827
42 959
43 421
43 532
43 690
43 878
44 85
44 607
44 635
44 702
44 782
44 833
44 896
44 910
44 947
44 976
45 154
45 196
45 201
45 269
45 335
45 505
45 521
45 543
45 589
45 875
45 883
46 87
46 104
46 226
46 241
46 391
46 466
46 635
46 738
46 871
47 82
47 143
47 601
47 750
47 832
47 844
48 52
48 65
48 262
48 264
48 327
48 704
48 757
48 808
48 896
48 946
48 954
49 109
49 116
49 193
49 268
49 354
49 399
49 553
49 582
49 780
49 789
49 817
49 820
49 956
50 67
50 190
50 285
50 365
50 464
50 552
50 640
50 767
50 881
50 978
51 58
51 166
51 425
51 546
51 723
51 805
51 998
52 75
52 274
52 376
52 391
52 402
52 419
52 422
52 437
52 479
52 514
52 715
52 730
52 778
52 819
52 827
53 105
53 128
53 224
53 320
53 338
53 441
53 448
53 485
54 67
54 77
54 667
54 695
54 700
54 799
55 113
55 134
55 230
55 317
55 477
55 558
55 647
55 903
55 905
55 940
55 969
56 317
56 362
56 801
57 388
57 430
57 460
57 635
57 738
57 769
57 856
58 71
58 134
58 186
58 279
58 294
58 305
58 391
58 434
58 707
58 753
58 826
58 856
58 974
58 996
59 65
59 234
59 573
59 765
59 837
59 856
60 218
60 295
60 327
60 370
60 454
60 628
60 689
60 780
60 938
60 939
60 945
61 524
61 595
61 712
61 741
61 982
62 90
62 112
62 550
62 835
62 859
62 914
62 969
63 78
63 310
63 382
63 568
63 715
63 738
63 802
64 147
64 184
64 584
64 587
64 671
64 954
65 198
65 386
65 470
65 660
65 662
65 677
65 802
65 896
66 360
66 570
66 689
66 751
66 848
66 891
66 926
67 362
67 590
67 693
67 705
67 988
67 994
68 116
68 148
68 272
68 545
68 568
68 730
68 731
68 987
69 80
69 156
69 502
69 504
69 754
70 78
70 165
70 356
70 374
70 424
70 480
70 670
70 784
70 843
70 933
70 944
71 83
71 107
71 114
71 189
71 240
71 353
71 783
72 368
72 451
72 473
72 532
72 534
72 610
72 890
73 129
73 136
73 297
73 310
73 420
73 621
73 646
73 702
73 805
73 869
73 879
73 953
73 958
74 181
74 258
74 266
74 283
74 312
74 369
74 856
75 117
75 137
75 170
75 180
75 242
75 332
75 402
75 508
75 531
75 565
75 604
75 710
75 851
75 922
75 937
75 975
75 986
76 227
76 267
76 307
76 334
76 345
76 457
76 798
77 133
77 135
77 347
77 374
77 398
77 568
77 635
77 952
77 960
77 987
78 181
78 240
78 365
78 423
78 557
78 575
78 657
78 740
78 842
78 869
79 163
79 387
79 466
79 673
79 757
79 936
80 139
80 285
80 390
80 438
80 441
80 506
80 569
80 739
80 843
80 894
81 108
81 167
81 169
81 202
81 228
81 303
81 316
81 317
81 339
81 419
81 427
81 960
81 967
82 162
82 276
82 298
82 349
82 565
82 609
82 956
83 214
83 264
83 281
83 320
83 328
83 612
83 627
83 930
84 168
84 365
84 473
84 521
84 625
84 692
84 698
84 908
84 964
85 247
85 255
85 452
85 556
85 609
85 651
85 836
86 228
86 232
86 339
86 405
86 454
86 593
86 694
86 722
86 740
86 777
87 106
87 134
87 137
87 151
87 377
87 413
87 558
87 590
87 653
87 718
87 841
87 946
88 166
88 207
89 162
89 198
89 303
89 353
89 379
89 390
89 530
89 604
89 619
89 733
89 755
89 891
89 895
89 949
90 211
90 353
90 599
90 600
90 806
90 956
90 990
91 123
91 244
91 333
91 358
91 378
91 399
91 698
91 829
91 873
91 875
91 893
92 205
92 295
92 868
93 136
93 166
93 239
93 243
93 340
93 397
93 518
93 715
93 717
93 728
93 822
93 848
93 986
94 104
94 123
94 187
94 205
94 409
94 447
94 678
94 729
94 763
94 897
94 916
95 132
95 136
95 184
95 259
95 302
95 434
95 730
95 737
95 854
95 930
95 977
96 97
96 141
96 185
96 219
96 659
96 684
97 108
97 130
97 268
97 307
97 412
97 514
97 687
97 847
97 911
98 113
98 138
98 297
98 327
98 441
98 656
98 664
98 792
98 804
98 953
99 207
99 265
99 526
99 653
99 765
99 774
99 808
99 836
99 839
99 848
99 921
100 176
100 205
100 326
100 389
100 399
100 411
100 458
100 589
100 763
100 785
100 799
100 844
100 881
100 939
101 107
101 274
101 276
101 280
101 539
101 669
101 706
101 724
101 967
101 994
102 191
102 263
102 456
102 572
102 593
102 691
102 727
102 924
102 951
102 955
103 478
103 796
103 836
103 913
103 963
104 296
104 356
104 401
104 450
104 470
104 475
104 496
104 542
104 615
104 710
104 744
104 779
104 818
104 884
104 957
105 165
105 319
105 479
105 535
105 579
105 680
105 801
105 957
106 369
106 630
106 668
106 690
106 796
106 829
106 994
107 205
107 237
107 336
107 528
107 536
107 817
107 930
108 359
108 389
108 497
108 551
108 599
108 684
108 910
109 248
109 259
109 301
109 331
109 379
109 860
109 912
109 939
110 240
110 402
110 723
110 810
110 889
110 925
110 935
110 992
111 418
111 585
111 681
111 737
112 217
112 247
112 288
112 417
112 696
112 736
112 809
112 880
112 941
113 170
113 492
113 498
113 565
113 694
113 733
113 875
113 912
114 126
114 157
114 274
114 392
114 569
114 648
114 660
114 699
114 740
114 893
115 208
115 218
115 250
115 343
115 670
115 935
115 955
116 246
116 470
116 485
116 548
116 577
116 617
116 847
116 920
117 526
117 564
117 604
117 805
117 880
117 902
118 256
118 322
118 555
118 633
118 641
118 658
118 667
118 749
118 870
118 900
119 183
119 234
119 376
119 641
119 651
119 733
119 745
119 749
119 904
119 920
120 351
120 356
120 444
120 890
120 919
120 964
121 170
121 289
121 470
121 547
121 781
121 811
121 813
121 855
121 930
121 982
122 438
122 468
122 531
122 544
122 594
122 617
122 766
122 817
122 980
123 166
123 175
123 247
123 272
123 465
123 648
123 740
123 753
123 958
123 985
124 166
124 251
124 275
124 329
124 331
124 392
124 499
124 613
124 767
124 775
125 213
125 253
125 434
125 528
125 695
125 697
125 741
125 749
125 899
125 987
126 210
126 270
126 272
126 437
126 461
126 466
126 524
126 698
126 797
126 808
126 826
126 846
126 848
127 221
127 250
127 264
127 296
127 439
127 475
127 655
127 718
127 790
127 797
127 804
127 998
128 161
128 179
128 272
128 285
128 383
128 412
128 576
128 596
128 930
128 948
129 237
129 253
129 422
129 815
130 142
130 149
130 444
130 493
130 512
130 659
130 788
130 945
131 163
131 171
131 293
131 342
131 386
131 591
131 644
131 675
131 833
132 178
132 325
132 391
132 452
132 453
132 631
132 672
132 793
132 797
132 949
133 143
133 148
133 438
133 519
133 616
133 653
133 805
133 901
134 188
134 259
134 297
134 379
134 435
134 447
134 602
134 633
134 653
134 768
134 815
134 929
134 975
135 211
135 214
135 463
135 691
135 698
135 744
135 990
136 475
136 529
136 727
136 747
136 757
137 188
137 215
137 245
137 279
137 414
137 444
137 624
137 672
137 677
137 801
137 806
137 890
137 905
137 941
137 974
137 984
138 157
138 245
138 255
138 302
138 525
138 552
138 591
138 646
138 722
138 758
138 788
139 194
139 224
139 412
139 529
139 911
140 252
140 313
140 590
140 634
140 738
140 759
140 792
140 982
141 257
141 384
141 402
141 457
141 487
141 495
141 509
141 528
141 564
141 645
141 662
141 770
141 784
142 236
142 253
142 260
142 272
142 287
142 416
142 795
142 972
143 467
143 479
143 532
143 582
143 641
143 654
143 683
143 748
143 824
143 846
143 920
144 262
144 305
144 327
144 345
144 354
144 510
144 545
144 549
144 553
144 716
144 820
144 927
145 151
145 183
145 413
145 435
145 547
145 611
145 782
145 863
145 878
145 898
145 960
145 969
146 271
146 279
146 309
146 411
146 471
146 581
146 618
146 668
146 765
146 816
146 834
146 868
146 918
147 163
147 231
147 443
147 468
147 524
147 680
147 688
147 693
147 698
147 809
147 953
147 992
147 996
148 155
148 460
148 535
148 568
148 729
148 855
149 324
149 359
149 635
149 833
149 861
149 864
150 152
150 306
150 332
150 442
150 485
150 522
150 658
150 901
150 919
151 154
151 284
151 314
151 360
151 433
151 513
151 679
151 775
151 843
151 987
152 185
152 370
152 453
152 687
152 889
152 916
153 195
153 250
153 665
153 924
154 201
154 736
154 845
154 913
154 970
155 216
155 264
155 323
155 357
155 459
155 497
155 668
156 187
156 208
156 215
156 218
156 237
156 357
156 568
156 780
156 847
156 931
156 940
156 978
157 214
157 244
157 264
157 459
157 493
157 663
157 802
157 938
158 207
158 408
158 574
158 578
158 659
158 774
159 372
159 392
159 574
159 587
159 603
159 639
159 698
159 900
159 956
159 975
160 415
160 558
160 565
160 598
160 680
160 935
161 214
161 317
161 611
161 617
161 697
161 792
161 831
161 994
162 240
162 615
162 695
162 707
162 751
162 978
163 608
163 664
163 757
163 766
163 777
163 843
164 297
164 324
164 327
164 342
164 467
164 608
164 742
164 760
164 855
164 959
164 976
165 208
165 475
165 815
165 864
165 914
166 286
166 440
166 473
166 599
166 610
166 663
166 715
167 297
167 479
167 736
167 830
167 953
168 220
168 278
168 411
168 521
168 666
168 790
168 833
168 835
168 843
168 859
168 996
169 437
169 465
169 468
169 609
169 701
169 703
169 781
169 941
170 365
170 376
170 476
170 503
170 598
170 706
170 963
171 304
171 320
171 348
171 351
171 437
171 456
171 580
171 628
171 698
171 910
171 925
171 945
171 954
172 232
172 243
172 300
172 317
172 372
172 405
172 838
172 842
172 875
173 188
173 274
173 276
173 340
173 403
173 450
173 477
173 505
173 508
173 572
173 610
173 652
173 730
173 834
174 243
174 284
174 501
174 589
174 659
174 693
174 760
174 895
174 901
174 966
174 985
175 179
175 279
175 541
175 638
175 655
175 693
175 751
175 870
175 959
176 359
176 366
176 499
176 541
176 575
176 595
176 650
176 764
177 186
177 245
177 390
177 559
177 603
177 685
177 699
177 786
177 803
178 343
178 430
178 457
178 842
178 862
178 918
178 936
178 985
179 299
179 318
179 427
179 517
179 572
179 705
179 842
179 853
179 930
179 937
179 962
180 334
180 350
180 539
180 696
181 229
181 235
181 262
181 395
181 399
181 403
181 489
181 600
181 683
181 723
181 789
181 793
182 304
182 326
182 393
182 401
182 463
182 508
182 626
182 834
182 852
182 875
182 900
183 249
183 251
183 414
183 490
183 491
183 674
183 934
184 441
184 691
184 841
184 918
184 969
184 979
185 512
185 551
185 658
185 757
185 936
186 263
186 462
186 502
186 653
186 694
186 790
186 802
186 882
186 943
186 956
187 300
187 325
187 367
187 436
187 471
187 496
187 507
187 528
187 612
187 616
187 726
187 758
187 769
187 770
187 805
187 965
187 973
187 992
188 200
188 250
188 384
188 434
188 465
188 559
188 565
188 571
188 578
188 619
188 779
188 899
189 349
189 391
189 413
189 578
189 688
189 755
189 904
189 994
190 365
190 406
190 515
190 609
190 678
190 773
190 777
190 903
191 264
191 304
191 345
191 532
191 558
191 586
191 824
191 926
191 945
192 273
192 330
192 523
192 584
192 629
192 759
192 887
193 205
193 368
193 394
193 413
193 544
193 589
193 721
193 753
193 964
194 240
194 475
194 569
194 669
194 826
194 864
194 871
194 996
195 215
195 333
195 481
195 506
195 508
195 708
195 710
195 746
195 758
195 957
196 387
196 711
196 786
196 831
196 873
197 354
197 446
197 505
197 522
197 524
197 575
197 613
197 790
197 935
197 939
197 953
198 604
198 658
198 686
198 689
198 804
198 840
198 916
199 336
199 356
199 461
199 504
199 812
200 466
200 653
200 696
200 755
200 873
200 927
200 999
201 350
201 373
201 490
201 495
201 560
201 565
201 644
201 820
201 835
201 858
201 913
201 918
201 928
201 961
202 398
202 412
202 516
202 577
203 287
203 437
203 649
203 651
203 697
203 771
203 775
203 793
203 798
203 920
203 921
203 956
203 979
204 530
204 566
204 671
204 774
204 817
204 841
204 854
205 333
205 384
205 390
205 415
205 426
205 596
205 621
205 731
205 792
205 899
205 902
205 907
206 264
206 358
206 426
206 667
206 809
206 821
206 827
206 985
207 226
207 396
207 436
207 444
207 566
207 595
207 885
207 941
207 961
208 222
208 441
208 451
208 535
208 542
208 558
208 996
209 222
209 306
209 358
209 553
209 577
209 639
209 674
209 676
209 765
209 767
209 905
209 963
210 260
210 336
210 361
210 618
210 665
210 726
210 741
210 824
210 842
210 843
210 934
211 318
211 416
211 424
211 557
211 720
211 771
211 968
212 843
212 907
212 909
212 910
212 960
213 373
213 634
213 797
213 862
213 935
214 330
214 360
214 427
214 497
214 595
214 704
214 778
214 874
214 885
214 887
215 281
215 347
215 380
215 544
215 577
215 862
215 979
216 251
216 292
216 309
216 359
216 522
216 642
216 659
216 930
217 375
217 600
217 726
217 804
217 807
217 928
217 999
218 435
218 594
218 778
218 924
218 933
218 948
219 260
219 316
219 342
219 479
219 584
219 683
219 703
219 866
219 875
219 881
219 952
220 233
220 258
220 346
220 405
220 507
220 656
220 689
220 888
220 889
220 890
220 983
220 992
221 350
221 354
221 360
221 363
221 460
221 473
221 521
221 580
221 844
221 878
221 994
222 577
222 619
222 659
222 688
222 711
222 729
222 838
222 893
223 247
223 280
223 320
223 391
223 497
223 574
223 771
223 844
224 446
224 856
224 948
225 518
225 537
225 932
225 955
226 285
226 548
226 591
226 648
226 650
226 687
226 693
226 727
226 997
227 316
227 367
227 485
227 728
227 738
227 785
227 902
227 946
227 972
228 396
228 521
228 550
228 690
228 851
228 945
228 969
229 248
229 519
229 554
229 672
229 723
229 773
230 312
230 344
230 402
230 410
230 411
230 674
230 680
230 748
230 959
231 280
231 303
231 408
231 410
231 686
231 733
231 755
231 903
231 956
231 995
232 246
232 555
232 809
232 934
232 948
233 321
233 406
233 470
233 606
233 611
233 626
233 891
233 983
234 299
234 382
234 418
234 691
234 760
235 302
235 577
235 776
235 937
235 950
236 451
236 637
236 955
236 958
236 994
236 995
236 997
237 387
237 470
237 488
237 494
237 744
237 911
237 921
237 932
238 420
238 551
238 559
238 572
238 645
238 647
238 672
238 700
238 703
238 797
238 816
238 870
239 292
239 434
239 626
239 630
239 678
239 714
239 806
239 919
239 938
239 963
240 331
240 348
240 488
240 754
240 810
240 906
241 514
241 582
241 618
241 659
241 704
241 714
241 949
241 950
242 408
242 478
242 674
242 680
242 728
243 556
243 893
243 982
244 488
244 531
244 578
244 718
244 789
244 833
244 894
244 961
244 965
244 983
245 266
245 291
245 348
245 503
245 613
245 743
245 766
245 802
245 825
245 866
245 921
245 997
246 319
246 526
246 690
246 792
247 253
247 261
247 589
247 940
248 337
248 338
248 438
248 672
248 738
248 768
248 801
248 847
248 962
249 272
249 298
249 453
249 624
249 663
249 771
249 940
250 348
250 402
250 546
250 900
251 252
251 287
251 332
251 435
251 457
251 609
251 774
251 930
252 422
252 511
252 645
252 684
253 286
253 424
253 467
253 614
253 709
253 748
253 802
254 309
254 326
254 400
254 406
254 506
254 540
254 597
254 933
255 469
255 848
255 977
256 308
256 391
256 426
256 534
256 742
256 837
256 921
257 404
257 496
257 547
257 655
257 668
257 738
257 746
257 751
257 830
257 862
258 450
258 547
258 686
258 782
258 856
259 441
259 467
259 618
259 623
259 834
259 851
259 899
259 991
260 348
260 481
260 573
260 595
260 613
260 756
260 850
260 889
260 937
260 957
261 381
261 420
261 541
261 558
261 565
261 625
261 639
261 665
261 789
261 977
262 268
262 400
262 455
262 522
262 585
262 704
262 758
262 944
263 418
263 515
263 553
263 634
263 638
263 709
263 903
263 968
263 999
264 280
264 299
264 332
264 462
264 549
264 612
264 637
264 711
264 844
265 489
265 492
265 527
265 538
265 641
265 683
265 774
265 799
265 839
265 877
265 919
265 971
266 440
266 764
266 865
266 998
267 408
267 546
267 578
267 600
267 603
267 622
267 705
267 709
267 784
267 959
268 351
268 394
268 416
268 510
268 516
268 673
268 681
268 687
268 760
268 841
268 915
268 945
268 998
269 357
269 443
269 524
269 644
269 655
270 445
270 460
270 501
270 515
270 566
270 653
270 737
270 812
270 813
270 944
271 279
271 377
271 416
271 546
271 670
271 684
271 997
272 411
272 468
272 486
272 794
272 981
273 390
273 456
273 535
273 686
273 704
273 732
273 735
273 822
273 928
274 625
275 368
275 387
275 782
275 802
275 821
275 836
275 920
276 599
276 643
276 822
276 994
277 278
277 297
277 337
277 343
277 443
277 458
277 488
277 530
277 543
277 921
277 962
278 282
278 416
278 438
278 465
278 544
278 550
278 652
278 658
278 674
278 804
278 880
278 893
279 381
279 795
280 436
280 541
280 632
280 712
280 769
280 905
281 347
281 425
281 640
281 654
281 726
281 800
282 561
282 852
282 869
282 906
283 325
283 694
283 706
283 813
283 862
283 993
284 354
284 408
284 534
284 547
284 638
285 425
285 607
285 636
285 668
285 756
285 784
285 787
285 824
285 834
285 927
286 521
286 666
286 920
286 985
287 334
287 336
287 387
287 666
287 696
287 961
288 313
288 383
288 443
288 508
288 612
288 804
289 331
289 332
289 358
289 699
289 871
290 320
290 417
290 574
290 640
290 796
290 884
290 910
291 338
291 492
291 543
291 551
291 627
291 995
292 546
292 658
292 755
292 787
293 395
293 528
293 630
293 699
293 724
293 753
293 821
293 919
294 315
294 447
294 842
294 858
294 893
294 983
295 521
295 522
295 580
295 866
295 902
295 939
295 969
296 361
296 373
296 434
296 443
296 491
296 515
296 535
296 544
296 557
296 560
296 622
296 666
296 708
296 795
296 869
296 926
297 320
297 435
297 508
297 533
297 942
297 988
298 312
298 411
298 517
298 529
298 649
298 679
298 697
298 758
298 794
298 955
299 361
299 404
299 412
299 524
299 711
299 924
300 348
300 375
300 457
300 463
300 876
300 878
300 979
301 308
301 377
301 402
301 545
301 765
301 845
301 869
301 976
302 384
302 731
303 418
303 477
303 486
303 541
303 586
303 635
303 665
303 685
303 845
303 950
304 519
304 530
304 540
304 548
304 578
304 870
304 955
305 328
305 471
305 493
305 536
305 643
305 771
305 826
305 858
306 358
306 370
306 386
306 389
306 464
306 629
306 762
306 824
306 898
306 937
306 955
307 379
307 466
307 541
307 604
307 658
307 755
307 806
307 940
307 971
308 455
308 577
308 604
308 693
308 726
308 735
308 768
308 794
308 911
308 919
308 927
308 943
309 526
309 534
309 561
309 570
309 707
309 817
309 910
309 955
310 754
310 968
311 319
311 490
311 501
311 652
311 794
311 874
311 939
312 412
312 590
312 644
312 699
312 773
312 854
312 935
312 950
313 462
313 479
313 565
313 681
313 759
313 920
313 949
314 773
314 827
314 841
315 571
315 644
315 866
315 884
315 931
316 340
316 526
316 587
316 721
316 785
317 401
317 529
317 538
317 575
317 985
318 476
318 805
318 873
318 928
318 999
319 389
319 478
319 549
319 585
319 602
319 624
319 733
319 778
319 813
319 920
319 961
319 971
320 361
320 372
320 382
320 424
320 497
320 501
320 602
320 674
320 905
320 930
321 329
321 659
321 686
321 715
322 401
322 421
322 574
322 625
322 674
322 734
322 772
323 397
323 416
323 475
323 734
323 758
323 791
323 797
323 801
323 827
323 905
323 962
324 525
324 546
324 635
324 644
324 661
324 668
324 744
324 749
324 850
324 978
325 366
325 370
325 390
325 421
325 449
325 452
325 478
325 507
325 552
325 684
325 691
325 705
325 891
325 941
325 945
325 955
326 412
327 388
327 694
327 717
327 771
327 823
328 435
328 511
328 644
328 719
328 755
328 806
328 812
329 376
329 795
329 808
329 931
329 932
330 723
330 787
330 966
330 975
331 334
331 420
331 444
331 460
331 605
331 828
331 915
332 346
332 480
332 730
332 742
332 885
332 942
333 383
333 482
333 528
333 533
333 553
333 787
333 819
334 432
334 631
334 941
334 956
335 350
335 495
335 532
335 723
335 832
335 844
335 948
336 502
336 819
336 825
336 892
337 436
337 503
337 588
337 611
337 617
337 681
337 683
337 996
338 401
338 535
338 626
338 745
338 750
338 948
339 506
339 543
339 608
339 741
339 776
339 823
339 912
339 928
339 965
339 966
340 377
340 472
340 564
340 615
340 683
340 720
340 722
340 737
340 927
340 990
341 381
341 556
341 755
341 819
341 884
342 444
342 453
342 470
342 479
342 502
342 549
342 747
342 794
343 382
343 434
343 442
343 450
343 779
343 833
343 941
343 996
344 492
344 579
344 617
344 645
344 648
344 668
344 671
344 759
344 814
344 929
344 975
345 364
345 839
345 890
346 716
346 884
347 412
347 479
347 657
347 678
347 779
347 925
348 703
348 725
348 730
348 828
349 360
349 495
349 585
349 718
349 845
349 983
350 439
350 594
350 658
350 727
350 770
350 816
350 967
350 983
351 596
351 673
351 680
351 731
351 821
351 881
351 911
351 977
352 358
352 466
352 724
352 897
352 977
353 546
353 710
353 865
354 378
354 394
354 483
354 559
354 611
354 894
354 913
354 994
355 466
355 640
355 664
355 697
355 778
355 894
355 950
355 967
356 359
356 441
356 471
356 572
356 608
356 624
356 640
356 672
356 797
356 815
356 930
356 978
357 378
357 515
357 536
357 580
357 635
357 649
357 790
357 859
357 884
358 362
358 426
358 609
358 665
358 670
358 680
358 747
358 823
359 571
359 792
359 898
360 415
360 684
360 685
360 732
360 785
360 940
360 955
360 982
361 585
361 668
361 951
361 991
362 420
362 598
362 600
362 743
362 789
362 842
362 879
363 414
363 416
363 459
363 467
363 503
363 778
363 794
363 852
363 854
363 874
363 901
363 907
364 390
364 852
364 961
365 373
365 389
365 559
365 563
365 673
365 675
365 713
365 765
365 827
366 450
366 477
366 575
366 663
366 670
366 707
366 784
366 884
366 896
366 903
366 939
366 965
367 574
367 978
368 556
368 670
368 727
368 740
368 782
368 799
368 806
369 447
369 524
369 543
369 559
369 652
369 767
369 794
369 839
369 867
369 870
370 576
370 876
370 878
371 511
371 681
371 770
371 787
371 846
371 978
372 431
372 610
372 701
372 720
372 722
372 754
372 794
372 903
372 914
372 958
372 970
373 378
373 434
373 574
373 587
373 604
373 643
373 812
373 920
373 962
373 994
373 999
374 461
374 497
374 507
374 567
374 644
374 889
374 944
374 991
375 378
375 484
375 543
375 558
375 653
375 840
375 874
375 910
375 916
376 410
376 481
376 534
376 656
376 780
376 811
376 813
376 968
377 503
377 550
377 645
377 912
379 415
379 540
379 806
379 882
380 448
380 504
380 612
380 674
380 900
381 459
381 531
381 674
381 681
381 702
381 705
382 466
382 532
382 741
382 964
383 559
383 574
383 604
383 677
383 740
383 801
383 939
383 946
384 705
384 788
384 830
384 872
384 927
384 932
385 449
385 477
385 530
385 646
385 662
385 722
385 726
386 416
386 431
386 438
386 714
386 744
386 824
386 840
387 410
387 533
387 574
387 814
387 951
388 537
388 624
388 738
388 768
389 403
389 485
389 541
389 643
389 659
389 753
389 984
390 444
390 606
390 786
390 953
390 954
390 961
391 392
391 478
391 586
391 666
391 749
391 812
391 828
391 868
391 976
392 418
392 433
392 513
392 574
392 777
392 881
392 895
393 493
393 547
393 557
393 711
393 869
394 427
394 486
394 552
394 573
394 621
394 650
394 700
394 713
394 746
394 881
395 403
395 423
395 545
395 598
395 631
395 727
395 991
395 999
396 496
396 667
396 854
397 426
397 517
397 576
398 489
398 630
398 811
399 466
399 641
400 547
400 562
400 627
400 671
400 837
400 988
401 423
401 437
401 561
401 648
401 751
401 837
401 920
401 961
401 994
402 657
402 791
403 488
403 514
403 564
403 593
403 762
403 774
403 800
403 813
403 860
403 864
403 947
403 998
404 476
404 734
404 805
404 827
404 886
404 945
404 961
405 491
405 537
405 881
405 914
406 545
406 556
406 794
406 912
406 916
407 524
407 525
407 936
408 483
408 505
408 708
408 727
408 830
408 851
408 917
409 423
409 473
409 507
409 878
409 920
409 960
410 420
410 523
410 551
410 554
410 583
410 600
410 666
410 763
411 489
411 509
411 592
411 802
411 962
412 441
412 588
412 593
412 651
412 698
412 994
413 527
413 608
413 616
413 882
413 986
414 747
414 787
414 815
414 818
415 863
415 958
415 987
416 420
416 429
416 604
416 672
416 891
417 434
417 439
417 440
417 653
417 718
417 748
417 781
417 881
417 980
418 472
418 537
418 691
418 897
419 442
419 647
419 712
419 723
419 744
419 851
419 939
420 471
420 598
420 607
420 616
420 684
421 599
421 652
421 677
421 832
421 855
422 472
422 499
422 568
422 573
422 577
422 708
422 743
422 810
422 965
423 561
423 597
423 618
423 622
424 476
424 662
424 750
424 977
424 979
425 430
425 500
425 656
425 714
425 733
425 736
425 838
426 503
426 550
426 551
426 561
426 743
427 434
427 443
427 460
427 468
427 543
427 715
427 728
427 819
427 906
427 910
427 940
427 957
427 973
428 765
428 845
429 518
429 722
429 727
429 842
429 882
430 529
430 683
430 792
430 831
430 864
430 938
431 447
431 524
431 527
431 565
431 641
431 671
431 683
431 691
431 694
431 943
431 955
431 960
432 483
432 678
432 734
432 736
432 791
432 799
432 899
433 573
433 662
433 686
433 776
433 788
433 793
433 912
433 922
433 947
434 581
434 736
434 770
434 778
435 481
435 622
435 624
435 862
435 945
435 947
436 533
436 938
436 964
437 557
437 735
437 865
437 887
437 953
437 977
437 989
438 506
438 556
438 561
438 727
438 782
438 810
438 889
438 948
439 665
439 781
440 525
440 804
440 849
440 968
440 975
440 981
441 466
441 557
441 631
441 638
441 790
441 880
441 926
441 940
442 478
442 508
442 569
442 573
442 655
442 662
442 700
442 784
442 910
442 940
443 561
443 567
443 642
443 691
443 776
443 831
444 449
444 598
444 822
444 836
444 873
445 451
445 466
445 467
445 533
445 563
445 601
445 825
445 828
445 925
445 995
446 503
446 626
446 704
446 852
447 555
447 804
447 832
447 868
447 890
448 533
448 556
448 564
448 601
448 804
448 856
448 858
448 903
448 939
449 461
449 523
449 666
449 711
449 863
449 909
449 996
450 601
450 718
450 976
451 548
451 552
451 749
451 777
451 780
451 924
452 528
452 768
452 864
452 892
452 895
452 900
453 616
453 617
453 995
454 493
454 520
454 692
454 717
454 746
454 980
455 477
455 488
455 575
455 589
455 633
455 671
456 483
456 501
456 752
456 903
456 935
456 987
457 589
457 598
457 676
457 750
457 791
457 806
458 540
458 655
458 693
458 864
458 977
459 466
459 720
459 741
459 785
459 923
459 924
460 683
460 802
460 811
460 882
461 549
461 692
461 722
461 909
461 924
461 932
461 963
461 977
462 962
463 509
463 574
463 661
463 701
463 711
463 793
463 898
464 491
464 585
464 984
465 616
465 970
466 671
466 835
466 846
466 921
466 933
467 615
467 677
467 760
467 850
467 859
467 868
467 923
468 491
468 712
468 832
469 577
469 684
469 700
469 716
469 754
469 832
469 918
469 928
469 935
470 583
470 622
470 678
471 660
471 670
471 755
471 825
471 873
471 913
471 935
472 503
472 511
472 516
472 545
472 797
472 944
472 990
473 517
473 572
473 615
473 757
473 779
473 827
474 576
474 647
474 730
474 809
474 886
475 594
475 762
476 766
476 812
476 853
476 911
477 485
477 585
477 604
477 692
477 790
478 528
478 575
478 641
478 642
478 788
479 663
479 699
479 705
479 928
480 556
480 617
480 787
480 968
480 991
481 616
481 719
481 740
481 785
481 798
481 991
481 996
482 492
482 501
482 686
482 748
482 828
482 899
483 502
483 720
483 740
483 878
483 891
483 941
483 992
484 519
484 737
484 814
484 820
484 827
484 980
485 524
485 668
486 651
486 681
486 752
486 905
486 925
487 525
487 640
487 660
487 746
487 783
487 879
488 639
488 764
488 813
488 828
489 581
489 674
489 739
489 756
489 843
489 906
490 508
490 561
490 684
490 692
490 882
491 655
492 776
493 690
493 875
494 575
494 658
494 717
494 938
494 992
495 520
495 754
495 862
495 905
495 984
496 500
496 530
496 648
496 668
496 675
496 712
496 765
496 801
496 845
496 882
496 978
496 980
497 803
497 805
497 936
498 941
499 573
499 588
499 825
499 954
500 583
500 644
500 750
500 813
500 827
500 926
500 964
501 552
501 585
501 607
501 646
501 950
501 955
501 978
501 981
502 871
502 900
502 902
502 911
502 925
503 559
503 633
503 687
503 860
503 980
504 564
504 635
504 700
504 771
504 919
505 553
505 608
505 664
505 669
505 673
505 736
505 819
505 954
505 988
505 999
506 572
506 677
506 710
506 726
506 880
506 914
506 965
507 625
507 811
507 923
508 539
508 630
508 686
508 721
508 823
509 552
509 643
510 574
510 657
510 881
510 947
511 528
511 614
511 689
511 709
511 863
511 931
512 567
512 645
512 690
512 717
512 822
512 840
512 930
512 967
512 990
513 560
513 582
513 699
513 714
513 729
513 835
513 873
513 956
514 656
514 733
514 748
514 881
514 916
514 925
514 940
514 946
515 594
515 721
515 792
515 928
516 542
516 557
516 573
516 581
516 816
516 837
516 904
516 932
517 542
517 669
517 692
517 732
517 842
517 971
518 663
518 709
518 723
518 758
518 796
518 934
519 605
519 624
519 832
519 845
519 908
520 526
520 541
520 556
520 581
520 666
520 686
520 708
520 737
520 790
521 615
521 698
521 736
521 794
521 854
521 914
521 951
522 715
522 877
522 940
522 969
523 599
523 643
523 811
523 860
524 540
524 594
524 782
524 784
524 957
525 622
525 670
525 854
525 860
525 905
525 935
526 548
526 777
526 799
526 860
526 897
526 969
527 714
527 822
528 566
528 821
528 863
528 875
529 662
530 532
530 534
530 564
530 815
530 842
530 848
531 552
531 574
531 670
531 686
532 549
532 567
532 596
532 774
532 891
533 554
533 628
533 689
533 694
533 732
534 617
534 725
534 824
534 872
534 911
534 943
535 553
535 637
535 748
535 957
536 605
536 645
536 659
536 917
537 548
537 582
537 673
537 691
537 857
537 864
537 938
538 545
538 662
538 709
538 851
538 973
539 720
539 741
539 887
540 570
540 678
540 785
540 802
540 940
541 581
541 613
541 614
541 689
541 863
541 876
541 944
542 761
542 816
542 900
543 688
543 860
544 693
544 743
544 802
544 879
544 955
544 960
545 610
545 717
545 781
545 831
545 845
545 932
545 941
545 943
545 948
545 953
545 982
545 988
546 571
546 682
546 828
546 885
546 907
546 959
547 585
547 669
547 774
547 842
548 639
548 693
549 595
549 631
549 769
549 785
549 823
549 902
550 579
550 589
550 633
550 657
550 772
551 584
551 755
551 757
551 833
551 928
552 554
552 611
552 631
552 837
552 935
552 987
553 554
553 607
553 722
553 792
553 800
553 878
553 941
554 615
554 634
554 643
554 672
554 748
554 852
554 926
555 667
555 765
556 632
556 752
556 881
557 697
557 768
557 823
557 916
557 974
558 564
558 719
558 749
558 821
559 573
559 607
559 642
559 685
559 812
559 985
559 998
560 566
560 622
560 657
560 697
560 701
560 857
561 616
561 620
561 873
561 879
561 881
562 565
562 722
562 723
562 763
564 647
564 738
564 791
565 727
565 733
565 780
565 799
566 598
566 622
566 954
567 605
567 670
567 676
567 703
567 755
567 884
568 636
568 654
568 687
568 694
568 748
568 851
568 930
569 710
569 852
569 868
569 914
569 947
570 623
570 651
570 654
570 686
570 708
570 774
570 789
570 791
570 795
570 908
570 941
570 999
571 599
572 638
572 722
572 923
572 974
573 738
573 808
573 885
573 965
574 763
574 949
575 595
575 619
575 651
575 652
575 680
575 687
575 711
576 689
576 698
576 702
576 788
576 846
576 849
576 907
576 994
577 678
577 757
577 854
577 863
577 920
577 956
578 605
578 688
578 699
578 812
578 868
578 874
579 693
579 740
579 924
580 745
580 809
580 881
580 936
581 638
581 848
581 881
581 976
582 861
582 986
583 597
583 706
583 881
583 920
584 730
584 740
584 799
584 811
584 913
585 654
585 678
585 875
585 953
585 970
586 867
586 969
586 988
587 673
587 734
587 836
588 594
588 663
589 662
589 995
590 702
590 717
590 940
591 817
591 833
592 593
592 604
592 656
592 783
592 834
594 655
594 762
594 821
594 927
595 597
595 789
595 824
595 942
596 727
596 763
596 872
596 925
597 933
598 637
598 644
598 671
598 833
598 884
598 888
598 918
598 974
599 609
599 692
599 787
599 828
599 934
599 992
600 620
600 627
600 723
600 802
600 830
600 833
601 687
601 754
601 897
601 960
601 998
602 618
602 787
603 903
603 981
604 707
604 736
604 760
604 868
604 896
605 684
605 758
605 790
605 908
605 940
605 949
605 969
606 789
606 839
607 689
607 754
607 776
607 848
608 642
608 749
608 850
608 851
608 886
609 681
609 686
609 701
609 776
610 730
610 823
610 942
610 983
611 655
611 661
611 879
611 905
611 963
612 640
612 734
612 762
612 850
612 883
613 736
613 918
613 947
613 948
614 625
614 659
614 685
614 899
615 645
615 732
615 902
615 950
616 653
616 698
616 744
616 813
616 849
617 714
618 711
618 933
618 975
618 983
618 984
619 665
619 781
620 666
620 667
620 754
620 970
620 981
621 827
621 859
622 659
622 706
622 776
622 812
622 837
623 682
623 730
623 760
623 795
623 875
624 681
624 797
624 949
624 964
626 697
626 931
627 740
627 874
628 764
628 856
628 864
628 912
629 702
629 755
629 790
629 892
630 660
630 959
631 776
631 928
631 932
631 992
632 687
632 725
632 777
632 779
632 917
632 972
633 723
633 726
633 739
633 863
634 645
634 721
634 762
635 938
636 895
636 943
636 966
637 962
638 669
638 733
638 792
638 793
638 889
638 921
638 934
638 985
639 642
639 708
639 732
639 769
639 985
639 996
640 675
640 732
640 772
641 649
641 753
641 827
641 902
642 679
642 940
643 661
643 665
643 747
643 873
643 887
643 915
643 959
644 682
644 752
644 762
644 819
644 898
644 927
644 966
645 757
645 933
646 669
646 686
646 995
647 774
648 676
648 771
648 865
648 870
649 764
649 813
649 886
649 896
649 997
650 906
651 687
651 843
651 849
651 854
651 959
652 796
652 886
652 903
652 945
652 960
653 876
653 908
654 659
654 715
654 728
654 813
654 909
655 847
655 906
655 917
656 685
656 754
656 781
656 848
657 745
657 885
657 978
658 717
658 791
658 897
658 947
659 667
659 701
659 759
659 850
659 927
660 749
660 773
660 799
660 862
660 877
661 792
661 911
661 917
661 972
661 981
662 788
662 977
663 900
663 974
663 977
664 761
664 762
664 769
664 815
664 849
664 916
664 960
665 750
665 791
665 792
665 807
665 834
665 974
666 796
666 800
666 805
667 867
667 934
668 893
668 969
668 996
669 729
669 916
669 928
669 973
669 989
670 707
670 832
670 874
670 908
670 971
671 738
671 753
671 829
671 934
672 807
672 890
673 714
673 807
673 851
673 915
673 927
673 995
674 678
674 711
674 725
674 909
674 970
675 714
675 879
675 930
676 791
676 978
677 712
678 734
678 806
678 985
679 757
680 809
680 818
680 838
680 949
681 768
682 737
682 747
682 906
683 704
683 733
683 811
684 782
684 788
684 835
684 915
685 791
685 858
685 946
686 763
686 768
686 785
686 856
687 695
687 730
687 922
687 980
687 981
688 754
689 774
689 917
689 980
690 867
691 702
691 817
691 840
691 853
691 931
691 976
692 749
692 859
692 889
692 984
693 996
694 974
695 742
695 958
696 729
696 763
696 860
696 970
696 994
697 759
697 983
699 887
699 928
699 958
700 719
702 817
702 967
702 985
703 997
704 810
704 911
705 738
705 820
705 897
706 784
706 840
706 863
707 840
707 851
707 914
707 969
707 975
708 749
708 928
708 966
709 821
710 890
711 767
711 801
711 856
712 757
712 959
713 797
713 973
713 977
714 898
714 906
715 879
716 883
716 897
716 973
716 997
717 848
717 849
717 946
718 833
718 950
719 738
719 786
719 808
719 860
719 936
720 934
722 807
722 833
723 857
723 982
724 740
724 749
724 799
724 902
725 776
725 849
725 918
725 933
725 945
726 797
726 829
726 976
727 732
727 819
727 840
727 935
728 808
728 822
728 884
728 885
729 731
729 779
729 906
730 770
730 890
730 987
731 947
731 983
732 971
733 773
733 800
733 913
733 918
733 975
734 742
734 770
734 773
735 936
736 759
736 905
736 920
737 871
737 894
738 779
738 928
738 960
739 815
739 988
740 777
740 835
741 811
741 827
741 906
741 958
742 771
742 991
743 910
743 968
744 971
745 789
745 805
745 857
745 871
745 876
746 952
747 787
747 843
747 859
748 810
748 833
748 892
748 995
749 750
749 964
749 991
750 881
750 950
751 818
751 988
751 996
752 759
752 785
752 876
753 804
753 882
753 905
753 955
754 845
754 906
755 761
755 858
757 780
757 890
758 868
759 908
759 934
760 821
760 941
760 998
761 825
761 875
762 939
763 855
763 858
763 885
763 992
764 976
765 855
765 871
766 788
766 832
767 814
767 955
768 795
769 952
769 984
771 773
771 799
771 920
771 970
772 928
772 947
773 837
773 878
774 920
774 960
774 978
775 936
776 897
776 944
776 946
776 970
777 859
777 861
778 994
779 783
779 872
779 999
780 806
780 884
781 916
781 949
781 979
782 845
782 873
782 906
782 950
783 790
783 973
784 823
784 868
784 962
785 901
786 829
786 830
786 843
786 897
787 961
788 798
789 799
789 886
789 924
789 983
790 954
791 924
791 992
792 796
793 796
793 820
793 946
794 953
795 810
795 890
795 913
795 931
795 934
795 950
795 964
795 975
796 838
797 798
797 813
797 857
797 923
797 954
798 838
798 984
800 838
800 940
801 929
801 970
802 810
803 920
804 846
804 877
804 946
804 988
805 856
805 858
806 886
807 808
808 842
808 931
808 977
809 855
810 910
810 991
811 909
812 834
812 969
813 994
815 824
815 878
815 978
816 951
816 967
816 995
817 906
817 969
817 973
818 910
819 985
820 831
820 860
821 884
822 877
822 994
824 828
824 870
824 970
825 971
825 979
826 981
829 908
830 952
830 977
831 868
831 959
831 977
832 898
832 992
833 922
834 847
835 869
835 870
836 922
836 950
836 953
837 866
837 918
837 979
838 940
840 900
842 892
842 940
844 897
844 981
845 847
845 868
845 928
846 932
846 992
847 851
847 860
847 960
848 862
848 866
851 852
851 953
851 961
853 952
854 920
854 981
855 913
856 920
856 932
857 989
861 871
861 891
861 957
862 986
864 946
864 997
865 898
865 938
865 945
866 936
866 982
869 996
870 891
870 942
870 978
872 885
872 970
873 892
874 888
874 921
875 894
875 965
876 879
877 879
878 988
879 944
880 935
880 985
882 910
885 952
885 973
886 933
887 930
887 934
887 943
887 967
889 897
891 895
892 932
892 981
893 899
895 920
895 969
895 991
897 992
898 947
898 996
898 999
899 922
900 999
901 914
901 941
901 978
903 934
904 982
906 907
907 910
909 937
910 933
910 938
912 936
912 978
912 994
914 972
916 923
916 935
916 995
917 931
918 931
918 975
919 991
921 955
922 973
923 942
924 990
925 936
925 944
925 947
926 973
926 983
933 985
934 955
937 980
938 946
938 970
939 957
940 962
940 976
943 971
948 978
949 968
954 971
956 959
957 974
957 989
958 960
958 978
960 998
964 996
966 972
968 993
969 971
971 985
978 991
978 998
982 997
989 990
992 998
