0
1000
3738
0
1
0
0 287
0 510
0 729
0 751
0 778
0 820
0 858
1 178
1 388
1 426
1 480
1 619
1 768
1 857
2 4
2 345
2 382
2 389
2 472
2 599
2 614
2 782
2 976
3 73
3 150
3 236
3 520
3 692
3 699
3 743
3 748
3 781
3 838
3 999
4 33
4 267
4 355
4 863
5 269
5 307
5 320
5 454
5 499
5 514
5 816
5 825
5 869
6 126
6 137
6 170
6 212
6 523
6 720
6 842
7 39
7 117
7 212
7 219
7 349
7 417
7 553
7 574
7 704
7 732
7 946
8 37
8 592
8 699
8 821
9 55
9 582
9 650
9 735
9 755
9 758
9 905
10 135
10 279
10 319
10 465
10 777
10 781
10 848
10 875
10 908
11 52
11 61
11 141
11 224
11 450
11 729
11 820
11 989
12 153
12 170
12 203
12 675
12 697
12 869
12 943
13 58
13 187
13 215
13 227
13 302
13 502
13 504
13 753
14 124
14 216
14 545
14 590
14 647
14 712
14 764
14 778
14 916
14 945
15 53
15 69
15 95
15 205
15 256
15 376
15 670
15 772
15 898
16 117
16 393
16 511
16 524
16 743
16 785
16 968
16 974
17 89
17 119
17 246
17 468
17 474
17 645
17 663
17 898
18 152
18 434
18 442
18 601
18 659
18 743
19 102
19 376
19 409
19 572
20 30
20 89
20 229
20 312
20 342
20 801
20 974
21 227
21 408
21 483
21 640
21 644
21 787
21 946
22 35
22 50
22 370
22 525
22 604
22 659
22 746
23 32
23 344
23 507
23 637
23 646
23 689
23 759
23 881
23 916
24 436
24 530
24 546
24 556
24 763
24 831
25 61
25 97
25 196
25 287
25 315
25 485
25 574
25 634
25 775
25 971
26 358
26 472
26 504
26 562
26 614
26 619
26 662
27 71
27 108
27 122
27 225
27 262
27 739
27 789
27 898
28 38
28 98
28 165
28 227
28 232
28 233
28 263
28 676
28 710
28 806
28 831
29 57
29 119
29 310
29 437
29 452
29 679
29 757
29 836
30 71
30 175
30 361
30 552
31 175
31 186
31 729
31 808
31 845
31 937
31 960
31 976
32 89
32 98
32 294
32 521
32 623
32 676
32 893
33 312
33 377
33 439
33 561
33 606
33 659
33 825
33 933
33 972
34 94
34 117
34 141
34 363
34 365
34 380
34 503
34 869
34 871
34 924
35 286
35 366
35 469
35 745
35 797
35 817
35 860
35 929
36 373
36 513
36 674
36 982
37 632
37 786
37 865
37 898
38 109
38 209
38 222
38 236
38 700
38 724
38 753
38 866
38 987
39 213
39 338
39 416
39 460
39 487
39 611
39 903
40 155
40 402
40 736
40 943
40 967
41 344
41 353
41 410
41 429
41 482
41 656
41 859
42 344
42 356
42 455
42 529
42 869
43 75
43 80
43 258
43 330
43 551
43 579
43 602
43 638
43 644
43 665
43 798
43 842
43 947
43 993
44 403
44 472
44 497
44 581
44 630
44 762
44 770
44 840
45 87
45 201
45 223
45 641
45 828
45 894
46 140
46 208
46 354
46 901
46 914
46 925
46 952
46 995
47 217
47 392
47 568
47 697
47 709
47 737
47 809
47 873
48 56
48 71
48 127
48 293
48 329
48 336
48 426
48 452
48 538
48 546
48 571
48 595
48 718
48 748
49 82
49 219
49 231
49 244
49 253
49 265
49 333
49 345
49 349
49 587
49 634
49 695
49 790
49 870
49 980
50 198
50 341
50 540
50 769
50 822
50 907
51 87
51 95
51 225
51 434
51 781
51 904
51 999
52 63
52 95
52 129
52 178
52 283
52 478
52 552
52 588
52 679
52 788
52 847
52 901
53 117
53 213
53 219
53 359
53 384
53 437
53 464
53 650
53 779
53 880
53 962
54 178
54 204
54 330
54 344
54 534
54 601
54 822
54 977
55 185
55 513
55 717
55 851
55 852
56 98
56 103
56 123
56 129
56 149
56 413
56 935
56 936
57 79
57 305
57 476
57 595
57 912
58 244
58 269
58 591
58 623
58 668
58 898
59 624
59 677
59 931
59 966
60 158
60 275
60 411
60 420
60 467
60 620
60 751
60 762
60 769
60 964
61 91
61 146
61 176
61 303
61 370
61 476
61 586
61 818
61 938
61 972
62 65
62 92
62 497
62 838
63 374
63 606
63 701
64 328
64 348
64 644
64 652
64 883
65 88
65 776
65 908
66 284
66 453
66 703
66 778
66 920
67 119
67 126
67 140
67 216
67 350
67 527
67 951
68 73
68 176
68 186
68 278
68 279
68 359
68 731
68 758
68 759
68 858
69 418
69 443
69 628
69 692
70 240
70 633
70 652
70 733
70 849
70 888
71 337
71 603
71 641
71 679
71 734
71 827
72 127
72 141
72 241
72 458
72 704
72 815
72 953
73 93
73 219
73 458
73 648
73 868
73 918
73 935
73 980
74 107
74 158
74 200
74 247
74 326
74 459
74 479
74 588
74 768
74 998
75 268
75 581
75 652
75 669
75 708
75 874
76 117
76 248
76 593
76 610
76 619
76 656
76 761
76 879
77 90
77 362
77 404
77 666
78 103
78 123
78 222
78 516
78 534
78 854
79 446
79 640
79 658
79 665
80 316
80 318
80 368
80 481
80 628
80 687
80 890
80 916
81 83
81 463
81 650
81 917
82 144
82 289
82 453
82 593
82 865
82 901
82 985
83 139
83 494
83 605
83 837
83 867
83 895
83 898
83 930
84 143
84 269
84 275
84 414
84 415
84 482
84 557
84 612
84 716
84 916
85 334
85 386
85 464
85 549
85 589
85 647
85 674
85 915
86 472
86 478
86 539
86 777
87 223
87 302
87 391
87 768
88 195
88 216
88 411
88 447
88 625
88 628
88 785
88 804
88 805
88 998
89 257
89 439
90 806
91 213
91 471
92 374
92 811
92 975
92 977
92 978
93 216
93 277
93 279
93 280
93 570
93 604
93 688
93 856
93 891
94 153
94 379
94 841
94 976
95 196
95 210
95 364
95 379
95 563
96 113
96 231
96 778
97 608
97 685
97 827
97 972
98 151
98 178
98 448
98 548
98 927
98 968
98 996
99 115
99 600
99 800
99 832
99 985
100 287
100 458
100 565
100 671
100 705
100 706
100 838
100 907
101 246
101 351
101 468
101 584
101 645
102 267
102 963
102 989
102 993
103 321
103 404
103 544
103 607
103 654
103 862
104 106
104 110
104 454
104 522
104 579
104 602
104 642
104 865
104 874
104 944
104 990
105 229
105 281
105 288
105 417
105 450
105 686
105 738
105 967
106 192
106 197
106 329
106 645
106 807
106 809
107 185
107 370
107 471
107 482
107 595
107 636
107 733
107 843
107 964
108 279
108 597
108 645
108 698
108 862
108 874
109 145
109 319
109 467
109 499
109 798
109 982
110 206
110 430
110 932
111 143
111 354
111 574
112 144
112 324
112 665
112 835
112 946
113 156
113 271
113 444
113 673
113 723
113 791
113 824
114 461
114 467
114 550
114 590
115 256
115 461
115 495
115 568
115 659
115 822
115 886
115 941
116 130
116 191
116 527
116 585
116 802
116 891
116 943
116 963
116 997
117 118
117 152
117 256
117 265
117 353
117 494
117 561
117 664
117 744
117 918
118 266
118 454
118 461
118 586
118 607
118 701
118 716
118 772
118 792
118 800
118 803
118 911
119 229
119 376
119 707
119 904
119 937
119 957
120 325
120 521
120 683
121 284
121 433
121 582
121 705
121 869
121 984
122 133
122 546
122 596
122 602
122 634
122 681
122 874
122 917
123 408
123 453
123 843
123 875
124 414
124 514
124 651
124 781
125 443
125 450
125 490
125 599
125 642
125 777
125 811
126 338
126 517
126 586
126 597
126 612
126 696
126 739
126 755
126 878
127 216
127 261
127 281
127 703
128 175
128 290
128 418
128 633
128 844
128 859
128 959
129 154
129 204
129 260
129 516
129 744
129 779
129 819
129 964
130 146
130 158
130 171
130 200
130 239
130 353
130 530
130 882
131 268
131 426
131 547
131 715
131 782
131 848
131 957
132 143
132 281
132 298
132 333
132 538
132 895
132 905
132 990
133 176
133 191
133 340
133 427
133 562
133 755
133 805
134 324
134 947
135 150
135 153
135 286
135 290
135 354
135 371
135 393
135 545
135 753
135 915
135 987
136 161
136 314
136 406
136 531
136 571
136 573
136 663
137 355
137 367
137 480
137 651
137 893
138 253
138 336
138 353
138 355
138 459
138 493
138 654
138 670
138 711
139 278
139 445
139 497
139 601
139 638
139 839
140 443
140 531
140 589
140 798
141 231
141 581
141 724
142 387
142 398
142 460
142 584
142 647
142 667
142 814
142 842
142 845
142 886
142 943
143 364
143 444
143 492
143 829
143 853
144 242
144 258
144 281
144 336
144 361
144 517
144 540
144 612
144 715
145 383
145 434
145 490
145 843
146 216
146 304
146 448
146 552
146 689
146 690
146 814
146 856
146 882
147 263
147 271
147 394
147 443
147 558
147 836
147 845
147 917
148 276
148 413
148 452
148 492
148 493
148 529
148 599
148 723
149 305
149 322
149 430
149 726
149 751
149 819
149 951
150 252
150 497
150 643
150 759
150 837
150 945
151 314
151 355
151 571
151 691
151 879
152 167
152 490
152 556
152 652
152 756
152 766
152 787
152 907
153 248
153 425
153 520
153 691
153 789
154 280
154 299
154 336
154 469
154 509
154 693
154 825
155 254
155 266
155 354
155 380
155 461
155 647
156 415
156 416
156 464
156 546
156 776
157 370
157 421
157 576
157 610
157 775
157 864
157 928
157 968
158 208
158 681
158 940
159 335
159 347
159 467
159 531
159 578
159 688
160 194
160 326
160 453
160 496
160 511
160 582
160 686
160 864
160 933
161 234
161 314
161 330
161 352
161 497
161 516
161 903
161 949
161 965
161 997
162 258
162 535
162 805
162 868
163 233
163 246
163 255
163 373
163 451
163 699
163 717
163 759
163 990
164 342
164 350
164 356
164 493
164 530
164 699
164 757
164 835
164 911
165 224
165 228
165 335
165 345
165 470
165 476
165 580
165 589
165 684
165 803
165 829
165 922
165 951
166 231
166 439
166 468
166 538
166 655
166 735
166 815
166 962
167 269
167 608
167 654
167 714
167 835
167 953
168 411
168 471
168 846
168 884
168 962
168 968
169 172
169 291
169 520
170 283
170 455
170 538
170 730
170 833
171 206
171 465
171 557
171 622
171 728
171 996
172 253
172 676
172 759
172 786
172 803
172 896
172 925
173 276
173 516
173 593
173 627
173 934
174 336
174 451
174 532
174 662
174 711
174 819
174 833
174 885
174 886
174 988
175 219
175 539
175 724
175 915
176 308
176 522
176 727
176 888
176 910
176 965
177 224
177 285
177 289
177 323
177 348
177 516
177 571
177 758
177 794
177 879
178 256
178 446
178 644
178 848
178 922
179 272
179 687
179 702
179 754
179 788
179 872
180 219
180 735
180 859
180 964
181 198
181 347
181 363
181 438
181 452
181 465
181 542
181 666
181 724
181 938
182 199
182 206
183 188
183 246
183 517
183 606
183 615
183 678
183 978
183 998
184 247
184 425
184 515
184 579
184 700
184 760
184 918
185 349
185 403
185 616
185 625
185 653
185 788
185 865
186 315
186 373
186 572
186 649
186 876
187 364
187 427
187 502
187 556
187 654
187 836
188 218
188 250
188 592
188 787
188 837
189 205
189 441
189 498
189 617
189 618
190 212
190 423
190 467
190 725
190 781
190 805
191 530
192 224
192 287
192 413
192 444
192 569
192 715
192 727
192 742
192 821
192 984
193 528
193 561
193 762
193 836
194 299
194 495
194 578
194 664
194 670
194 705
194 836
194 883
195 351
195 360
195 401
195 443
195 643
195 685
195 723
196 686
196 994
197 201
197 238
197 456
197 785
198 272
198 394
198 418
198 472
198 653
198 678
198 865
199 241
199 318
199 347
199 669
199 678
199 764
199 878
199 927
200 205
200 690
200 727
200 731
200 961
201 244
201 560
201 637
201 659
202 390
202 531
202 541
202 554
202 615
202 805
202 831
203 529
203 647
203 729
203 811
203 998
204 279
204 423
204 803
204 808
204 838
204 847
204 996
205 742
205 822
205 849
205 940
205 941
206 247
206 330
206 413
206 431
206 723
207 255
207 357
207 419
207 455
207 578
207 580
207 587
207 659
207 666
207 691
207 713
207 718
207 800
207 809
207 910
207 927
208 233
208 423
208 449
208 537
208 967
208 975
209 383
209 642
209 782
209 784
210 414
210 479
210 536
210 889
210 982
211 327
211 328
211 530
211 592
211 595
211 743
211 884
211 887
211 956
212 304
212 359
212 379
212 447
212 519
212 784
212 839
212 850
212 874
213 820
213 831
213 940
213 953
214 291
214 351
214 383
214 510
214 518
214 763
215 260
215 504
215 644
215 712
216 222
216 241
216 539
216 547
216 722
216 768
216 801
217 228
217 366
217 490
217 567
217 595
217 598
217 661
217 783
217 829
217 846
218 405
218 445
218 504
218 607
218 947
218 953
219 231
219 435
219 663
219 748
219 760
219 907
219 996
220 276
220 338
220 428
220 462
220 548
221 475
221 603
221 710
221 753
221 861
221 890
222 312
222 600
222 619
222 642
222 683
222 706
222 738
222 745
222 757
222 858
222 864
223 519
223 785
223 900
224 452
224 516
225 565
225 672
226 398
226 507
226 550
226 561
226 994
227 387
227 392
227 429
227 434
227 679
227 704
227 732
227 735
227 842
227 858
228 259
228 266
228 374
228 442
228 651
228 689
228 751
228 933
229 439
229 508
229 555
229 580
229 687
229 799
230 383
230 430
230 896
230 907
230 983
231 346
231 453
231 656
231 774
232 339
232 479
232 499
232 556
232 772
232 973
233 395
233 456
233 472
233 881
233 963
234 297
234 309
234 395
234 589
235 438
235 477
235 678
235 721
235 933
236 372
236 394
236 578
236 615
236 666
236 919
237 790
238 384
238 473
238 662
238 711
238 733
238 856
239 290
239 453
239 673
239 786
239 802
239 871
240 256
240 366
240 451
240 601
240 615
240 617
240 671
240 832
240 857
240 929
241 298
241 348
241 429
241 779
241 819
241 830
242 344
242 476
242 565
242 616
242 832
242 900
242 920
243 359
243 438
243 525
243 647
243 705
243 817
244 363
244 531
244 717
244 929
245 410
246 392
246 521
246 624
246 649
246 690
247 295
247 375
247 520
247 531
247 538
247 694
247 812
247 990
248 269
248 351
248 609
248 867
248 898
249 395
249 445
249 451
249 508
249 555
249 715
249 744
249 820
250 307
250 499
250 617
250 631
250 685
250 702
250 829
250 960
250 995
251 373
251 413
251 451
251 466
251 527
251 583
251 635
251 648
252 404
252 419
252 421
252 474
252 649
252 747
252 761
253 456
253 769
253 801
254 409
254 519
254 534
254 695
254 938
254 975
255 264
255 318
255 656
255 769
255 887
255 923
255 953
256 554
256 848
257 526
257 609
257 623
257 702
257 707
257 791
257 922
257 932
258 555
258 758
258 837
258 975
259 367
259 579
259 651
259 842
259 930
260 274
260 310
260 400
260 474
260 509
260 530
260 746
260 798
260 813
261 442
261 606
261 617
261 689
261 761
261 787
261 885
261 956
262 512
262 753
262 938
263 614
263 919
263 925
263 939
264 426
264 482
264 496
264 649
264 722
264 885
264 953
265 296
265 738
265 759
265 909
265 964
266 293
266 430
266 523
266 658
266 812
266 952
267 340
267 603
267 633
267 724
267 726
267 745
268 299
268 527
268 629
268 976
269 338
269 479
269 552
269 793
270 283
270 592
271 319
271 525
271 579
271 635
271 783
271 807
271 922
272 544
272 608
272 613
272 632
272 652
272 749
272 801
272 870
272 904
273 333
273 352
273 357
273 897
273 988
274 324
274 473
274 852
274 977
275 304
275 305
275 317
275 381
275 398
275 545
275 650
276 287
276 708
276 797
276 809
277 367
277 496
277 764
277 864
277 976
278 366
278 402
278 692
278 822
279 623
279 640
279 801
279 873
280 330
280 684
280 722
280 814
280 819
280 938
281 374
281 413
281 530
281 598
281 804
282 332
282 472
282 592
282 615
282 918
283 355
283 387
283 651
283 714
283 721
283 728
283 936
283 947
284 415
284 425
284 556
285 343
285 427
285 885
285 903
285 905
285 977
286 364
286 587
286 592
286 755
286 811
287 350
287 395
287 396
287 408
287 596
288 933
289 436
289 456
289 604
289 627
289 673
290 325
290 450
290 776
290 786
290 835
290 882
290 927
291 459
291 576
291 744
291 771
292 355
292 827
292 932
292 961
293 309
293 543
293 738
293 801
294 363
294 567
294 786
294 991
295 430
295 439
295 512
295 629
295 671
295 991
296 304
296 307
296 412
296 523
296 747
296 875
296 970
297 345
297 460
297 470
297 471
297 557
297 954
298 324
298 676
298 717
298 798
298 899
298 961
299 497
299 521
299 629
299 642
299 717
299 844
299 879
300 506
300 918
301 655
301 788
301 823
301 830
301 835
301 846
302 457
302 557
302 603
302 769
302 773
302 865
302 991
303 316
303 405
303 481
303 533
303 590
303 629
303 646
303 691
303 776
303 801
303 954
304 403
304 619
304 660
304 685
304 756
305 628
305 649
305 673
305 968
306 434
306 479
306 558
306 881
307 643
307 763
307 810
307 908
308 433
308 441
308 788
309 538
309 720
309 920
309 923
310 353
310 520
310 803
311 444
311 474
311 921
311 933
311 973
312 381
312 443
312 701
312 746
312 826
312 828
312 894
312 915
313 610
313 669
313 784
313 831
313 847
314 435
314 533
314 550
315 339
315 494
315 673
316 323
316 392
316 417
316 489
316 712
316 842
317 370
317 500
317 552
317 576
317 718
317 866
317 884
317 952
317 958
317 959
317 978
318 549
318 615
318 759
318 994
319 378
319 712
320 403
320 500
320 545
320 556
320 691
320 793
320 825
320 978
320 996
321 378
321 584
321 619
321 622
321 688
321 916
322 431
322 557
322 712
322 759
322 857
322 881
322 959
323 455
323 855
323 859
324 400
324 546
324 728
324 817
324 939
325 462
325 767
325 805
325 936
325 966
326 333
326 352
326 386
326 543
326 599
326 881
326 917
327 689
327 723
328 410
328 720
328 785
328 794
329 362
329 795
329 813
329 834
329 977
330 402
330 677
330 927
331 384
331 670
331 680
331 838
331 925
331 992
332 566
332 775
332 854
333 394
333 702
333 741
333 750
333 856
333 861
334 453
334 709
334 911
335 369
335 476
335 567
335 685
335 799
335 850
335 875
335 876
335 963
336 496
336 577
336 794
336 824
337 418
337 530
337 865
338 395
338 611
338 620
338 689
338 807
338 933
339 616
339 716
340 362
340 468
340 512
340 695
341 356
341 368
341 428
341 466
341 556
341 605
342 344
342 450
342 925
343 491
343 685
343 783
343 900
344 471
344 685
344 819
345 346
345 517
345 860
346 387
346 593
346 776
346 832
346 839
346 878
347 550
347 673
347 790
347 800
347 838
348 385
348 631
348 675
348 692
348 808
348 828
348 875
348 972
349 520
349 709
349 769
349 998
350 411
350 466
350 505
350 570
350 685
350 697
350 848
350 866
350 882
351 617
351 742
351 925
351 990
352 498
352 509
352 564
353 402
353 456
353 534
353 668
353 952
353 986
354 427
354 457
354 611
354 684
354 925
355 771
355 866
356 874
357 360
357 487
357 492
357 711
357 782
358 392
358 692
359 659
359 939
360 567
360 570
360 619
360 751
360 753
360 850
360 860
361 573
361 771
362 493
362 675
363 434
363 547
363 849
363 883
364 388
364 506
364 537
364 558
364 576
364 805
364 827
364 963
365 485
365 578
365 769
365 790
365 824
366 393
366 658
366 756
366 771
366 784
366 787
366 880
366 895
366 928
366 988
366 999
367 418
367 453
367 576
367 651
367 686
367 859
367 941
367 975
368 563
368 885
368 964
369 434
369 510
369 757
369 879
370 433
370 523
370 555
370 621
370 660
370 817
370 932
371 532
371 579
371 631
371 789
371 892
372 881
373 653
373 821
373 903
373 984
374 387
374 415
374 582
374 683
374 707
374 722
374 828
374 829
374 913
374 923
375 416
375 838
375 846
376 569
376 648
376 720
376 762
377 831
378 403
378 446
378 458
378 459
378 850
378 956
379 624
379 761
379 807
379 820
379 965
380 462
380 578
380 700
381 560
381 801
381 840
381 896
381 933
382 490
382 531
382 621
382 633
382 768
382 834
382 852
383 429
383 446
383 618
383 629
383 692
383 792
383 835
383 862
383 910
383 995
384 583
384 653
384 721
384 794
384 906
384 918
384 960
385 497
385 607
385 676
385 905
386 417
386 449
386 624
386 833
387 571
387 785
388 484
388 829
388 884
388 960
388 979
389 461
389 532
389 579
389 642
389 657
389 714
389 742
389 799
389 812
389 981
390 551
390 905
391 425
391 587
391 665
391 805
391 902
391 920
392 586
392 732
392 733
392 842
393 456
393 526
393 546
393 870
394 758
394 784
394 805
394 974
395 622
395 636
395 686
395 869
395 975
396 417
396 569
397 491
397 508
397 525
397 983
398 604
398 619
398 722
398 939
398 963
399 451
399 912
400 421
400 553
400 604
400 695
400 769
400 829
400 834
400 878
400 891
400 920
401 638
401 818
401 952
402 703
402 895
403 500
403 517
403 697
403 741
404 514
404 683
404 797
404 815
405 789
405 905
405 918
406 440
406 583
406 827
406 911
407 456
407 582
407 901
408 429
408 598
408 629
408 646
408 829
408 877
408 891
409 491
409 741
409 784
409 856
409 907
410 508
410 530
410 689
410 719
410 997
411 529
411 624
411 651
411 808
412 542
412 934
413 875
413 906
414 527
415 571
415 601
416 614
416 731
416 916
417 565
417 769
417 846
417 851
418 608
418 727
418 777
418 829
418 930
419 504
419 617
419 717
419 758
419 788
419 836
419 869
419 912
419 936
419 975
420 488
420 618
420 686
420 731
421 451
421 692
421 973
422 570
422 592
422 986
423 485
423 521
423 645
423 704
423 878
424 501
424 604
424 612
424 619
424 655
424 733
424 949
425 452
425 711
425 748
425 876
425 979
426 557
426 866
427 449
427 450
427 597
427 916
427 939
428 476
428 535
428 611
428 635
428 765
428 812
428 887
429 769
429 840
429 851
430 822
430 826
430 883
431 441
431 496
431 553
431 678
431 715
431 767
432 559
432 619
432 672
432 796
432 895
433 544
433 683
433 723
433 810
434 487
434 608
434 707
434 837
434 935
435 665
435 695
435 751
435 909
436 462
436 779
436 800
436 834
437 506
437 508
437 590
438 463
439 655
439 798
440 526
440 600
440 843
440 886
440 956
441 631
441 965
442 512
442 519
442 570
443 495
443 511
443 539
443 879
444 557
444 724
444 752
444 774
444 912
445 472
445 517
445 593
445 809
446 484
446 586
446 603
446 684
446 832
446 899
447 615
447 678
447 681
447 769
447 954
448 508
448 636
448 701
448 760
448 927
449 510
449 609
449 692
449 761
449 796
450 649
450 706
450 932
450 989
451 464
451 833
451 837
451 896
451 955
452 614
452 873
452 945
453 547
453 570
453 624
453 643
453 847
454 463
454 530
454 968
455 698
456 777
457 591
457 808
457 908
457 969
458 487
458 587
458 892
459 493
459 569
459 775
459 843
459 957
460 553
460 826
461 571
461 605
461 637
462 597
462 761
462 780
462 834
462 886
462 914
462 917
463 495
463 581
463 629
463 662
463 670
463 680
463 812
463 927
463 979
464 465
464 498
464 952
465 555
465 863
466 652
466 749
466 983
467 533
467 611
467 632
467 735
467 781
467 842
467 910
467 965
468 530
468 534
469 479
469 646
469 919
469 937
469 955
470 575
470 576
470 664
470 754
471 516
471 659
471 870
472 623
472 752
473 666
473 908
474 673
475 558
475 560
475 633
475 713
475 714
475 837
475 858
475 991
476 528
476 956
477 487
477 737
477 787
477 876
477 883
478 670
478 882
478 924
478 939
479 633
479 649
479 733
479 919
480 710
480 737
480 748
480 797
480 824
480 945
481 677
481 840
481 866
482 609
482 933
482 937
482 939
482 948
483 699
483 830
483 909
484 536
484 555
484 602
484 702
484 938
484 959
484 992
484 997
485 496
485 543
485 727
485 816
485 867
485 880
485 946
486 505
486 554
486 846
487 511
487 690
487 717
487 806
487 811
487 848
488 852
489 506
489 549
489 569
489 745
490 536
490 773
490 874
490 899
491 539
491 599
491 808
491 826
492 968
492 994
493 544
493 551
493 622
493 657
493 814
493 956
493 993
494 634
494 639
494 828
495 505
495 912
496 672
496 710
497 609
497 645
497 757
497 815
497 868
498 589
498 633
498 662
498 928
499 615
499 765
500 672
500 851
500 876
500 930
500 966
501 757
501 901
502 655
502 750
502 790
503 521
503 813
504 537
504 612
504 703
504 738
504 773
504 792
504 990
505 565
505 587
505 612
505 729
506 594
507 708
508 519
508 577
508 833
508 853
508 963
508 990
509 746
509 928
510 587
510 839
510 947
511 690
511 975
511 977
512 562
512 599
512 949
513 608
513 621
513 699
513 739
513 744
513 782
513 891
514 525
514 535
514 539
514 578
514 984
514 985
515 541
515 629
515 958
516 594
516 650
516 724
517 551
517 855
517 899
517 991
518 852
518 870
518 872
518 917
518 958
519 553
519 626
519 783
519 918
519 982
520 650
521 580
521 771
521 902
521 909
522 523
522 600
522 662
522 740
522 804
522 828
522 970
523 608
523 957
523 991
524 853
524 907
526 553
526 631
526 670
526 748
526 884
526 937
526 960
527 569
527 639
527 790
527 970
528 581
528 889
529 923
529 963
529 981
530 583
530 716
530 770
530 926
531 535
531 578
532 615
532 692
532 777
532 941
533 598
533 664
533 680
533 739
534 880
534 982
535 601
535 647
535 782
535 952
536 762
536 881
537 548
537 618
537 724
537 870
538 743
538 913
538 929
538 983
539 643
539 665
539 710
539 854
539 961
541 580
541 631
541 681
541 829
541 872
541 897
541 949
542 579
542 711
542 820
543 719
543 887
543 944
544 609
544 699
544 731
545 559
545 610
545 723
545 819
545 972
546 589
546 671
546 853
546 854
546 863
546 867
546 886
547 599
547 734
548 890
548 973
548 992
549 797
549 812
550 626
551 591
551 598
551 651
551 781
551 965
552 580
552 980
553 573
553 609
553 662
553 814
554 593
554 617
554 993
555 619
555 936
555 969
556 670
556 988
557 767
557 774
557 870
558 559
558 610
558 678
558 764
558 851
559 633
559 855
560 685
560 883
560 993
561 672
561 822
561 841
562 745
562 879
563 715
563 816
563 843
563 868
563 914
563 927
563 957
564 867
565 741
565 808
565 932
566 776
566 980
567 613
567 657
567 733
568 881
568 937
569 675
569 725
569 886
569 939
569 976
570 584
570 731
570 827
570 849
571 875
571 911
571 979
572 626
572 777
572 849
572 944
573 792
573 928
573 930
574 617
574 914
574 984
575 778
575 863
575 873
576 578
576 617
576 764
576 918
577 978
577 991
578 635
578 799
578 830
578 969
578 990
579 646
579 648
579 890
579 962
580 657
580 703
580 889
580 896
580 907
582 952
583 860
583 881
584 645
584 724
584 985
585 726
585 787
586 735
586 740
587 878
587 981
588 682
589 744
589 863
589 975
590 666
590 907
592 767
592 790
592 905
592 948
592 949
593 636
593 705
593 841
594 720
594 727
594 830
594 902
594 943
595 709
595 916
596 842
596 982
597 620
597 817
597 901
597 929
597 932
598 731
598 754
598 849
598 945
598 970
599 672
599 706
599 741
599 934
600 713
600 738
600 805
600 992
601 707
601 739
601 783
601 941
601 955
602 611
602 840
602 845
602 997
603 717
603 723
603 784
603 824
603 836
603 884
604 622
604 631
604 641
604 853
604 894
605 862
606 646
606 650
606 717
606 821
607 668
607 724
607 943
607 972
608 676
608 739
608 857
609 861
610 716
610 747
611 641
611 818
611 840
611 871
611 877
611 933
613 704
613 763
613 847
613 867
613 899
613 913
614 773
614 790
614 862
614 877
615 623
615 768
616 961
616 964
617 680
617 916
617 997
618 659
618 701
619 762
619 882
619 987
619 994
619 999
620 896
620 980
621 748
621 751
621 765
621 825
621 886
621 922
622 801
622 924
623 885
623 926
624 661
624 681
624 742
624 911
624 916
624 973
624 991
625 630
625 933
625 937
625 984
626 663
626 743
626 837
627 682
627 819
628 765
628 809
628 902
629 712
629 775
629 807
629 891
630 696
630 703
630 832
630 841
630 948
631 712
631 790
631 876
632 668
632 742
632 789
632 847
633 785
633 798
633 872
634 694
634 699
634 704
634 803
634 869
634 969
635 986
636 727
636 849
636 923
636 927
636 944
637 790
637 962
638 766
638 947
639 768
640 676
640 937
640 977
641 651
642 687
642 715
642 718
642 891
643 713
643 776
643 855
644 798
644 810
644 962
645 709
645 812
645 930
645 961
646 678
646 709
646 713
646 885
647 761
647 794
647 916
649 783
649 836
649 906
650 773
650 834
650 986
651 842
651 959
652 821
652 959
653 763
653 975
653 996
655 886
656 662
656 682
656 994
657 694
657 707
657 729
657 946
658 862
659 681
659 837
659 855
659 936
659 974
660 726
660 891
661 772
661 968
662 943
663 928
663 965
663 999
664 815
664 861
665 881
665 912
666 930
666 972
666 991
667 953
668 698
668 714
668 756
668 760
669 782
669 795
670 777
671 928
672 693
672 734
672 764
672 810
672 965
672 981
673 762
673 999
674 709
674 774
674 795
675 737
675 750
676 706
676 780
676 862
677 789
678 843
678 876
678 893
678 927
679 789
680 893
681 692
681 965
682 891
682 920
682 935
683 709
683 903
684 972
685 822
686 778
686 846
688 737
688 753
688 791
688 813
690 862
690 905
692 709
692 734
692 972
692 979
693 937
694 705
694 767
695 786
695 855
696 723
696 757
696 934
696 958
696 968
697 889
699 746
699 838
700 838
700 883
700 911
701 937
701 961
702 780
702 879
703 707
703 727
703 837
703 951
703 999
704 769
704 785
704 796
706 708
706 716
706 823
706 966
706 983
707 721
707 907
707 918
708 710
708 917
709 784
709 883
709 951
710 811
710 866
710 922
711 761
711 951
712 714
712 862
714 792
714 824
714 934
714 945
714 959
715 824
715 997
716 730
716 827
716 862
716 926
716 928
717 722
717 918
718 892
719 768
719 934
720 951
721 802
721 863
721 884
722 754
723 758
723 761
723 898
723 965
724 893
725 998
726 876
726 998
727 741
727 791
728 789
728 813
728 905
729 817
729 870
729 954
730 741
730 813
730 827
731 769
731 885
734 754
734 804
736 774
736 799
737 841
737 967
737 989
738 859
738 938
739 742
740 860
741 795
741 829
741 831
741 990
742 791
742 808
743 837
744 785
744 980
745 849
746 837
746 842
746 865
746 931
747 782
747 786
748 870
748 872
748 983
748 986
749 780
749 864
750 858
750 958
751 852
751 914
751 919
753 868
753 934
754 921
754 977
754 993
755 791
756 859
757 910
759 794
759 979
760 793
760 861
760 906
760 952
760 972
761 790
763 795
763 860
764 916
766 821
767 949
768 793
768 901
768 935
768 940
768 982
769 805
770 845
771 775
771 830
771 971
772 856
773 813
773 935
774 929
774 970
775 848
775 888
775 920
775 930
776 976
777 800
777 976
777 995
779 839
779 953
780 856
781 945
781 950
781 968
781 971
782 806
783 896
785 827
785 969
786 829
786 929
787 791
787 937
788 799
788 809
790 845
790 915
791 819
791 920
792 917
792 919
793 842
793 954
796 994
797 835
798 846
798 850
798 942
799 929
799 951
801 974
802 856
802 896
803 876
803 884
804 828
804 875
804 938
804 961
806 916
807 842
811 973
813 938
816 900
816 916
818 885
819 870
820 867
820 959
820 980
822 830
822 859
822 888
822 962
822 986
823 827
823 854
823 977
824 863
824 885
825 917
825 955
826 867
826 945
829 872
829 997
835 963
836 877
836 889
836 951
837 902
838 915
839 867
839 937
839 951
840 863
840 876
843 844
843 881
844 958
845 857
845 919
845 970
845 975
846 985
847 960
847 998
848 983
849 914
851 890
853 889
853 907
854 865
855 870
855 886
856 929
856 963
857 943
858 865
859 861
860 888
861 904
861 909
865 906
866 874
866 911
866 991
868 965
869 958
869 986
870 969
870 971
872 880
873 918
873 944
873 974
874 888
874 949
874 965
877 911
877 965
880 947
881 939
882 974
883 901
883 971
884 967
884 979
886 959
888 911
888 946
888 970
888 993
888 997
889 948
889 973
890 955
891 916
894 911
894 948
894 951
896 906
896 911
896 926
896 953
897 938
897 988
900 928
902 933
903 905
903 950
903 995
907 933
908 986
909 950
910 995
911 950
913 970
913 975
916 917
916 947
916 973
917 938
917 949
918 968
918 969
920 956
927 997
928 965
929 943
931 979
932 945
940 944
941 965
943 971
946 969
958 968
961 975
962 963
970 985
984 999
