0
1000
5002
0
1
0
0 36
0 42
0 86
0 174
0 221
0 253
0 257
0 358
0 556
0 610
0 661
0 843
0 958
1 43
1 78
1 82
1 126
1 202
1 524
1 598
1 604
1 725
1 758
2 114
2 302
2 332
2 353
2 372
2 396
2 585
2 624
2 897
3 56
3 115
3 136
3 192
3 266
3 438
3 461
3 603
3 616
3 725
4 54
4 379
4 472
4 505
4 529
4 672
5 29
5 468
5 513
5 633
5 670
5 717
5 973
6 17
6 120
6 130
6 380
6 462
6 559
6 759
6 812
6 949
7 14
7 60
7 118
7 272
7 578
7 624
7 642
7 782
7 859
7 918
8 85
8 95
8 208
8 437
8 647
8 648
8 888
8 938
8 939
8 949
8 951
8 978
9 16
9 19
9 41
9 219
9 224
9 407
9 903
9 986
10 40
10 62
10 194
10 257
10 279
10 316
10 379
10 453
10 486
10 808
10 819
10 893
10 938
10 952
11 148
11 169
11 386
11 591
11 716
11 785
11 859
11 961
12 82
12 265
12 299
12 391
12 532
12 656
13 69
13 88
13 166
13 215
13 283
13 417
13 449
13 498
13 699
13 735
14 205
14 302
14 318
14 454
14 523
14 656
14 908
14 948
14 966
15 108
15 117
15 131
15 252
15 320
15 543
15 748
15 786
15 821
15 884
16 105
16 176
16 191
16 251
16 370
16 655
16 721
16 756
16 790
16 864
16 942
17 339
17 406
17 452
17 601
17 721
17 777
17 851
17 955
18 186
18 206
18 213
18 262
18 311
18 388
18 418
18 542
18 891
19 88
19 185
19 287
19 311
19 368
19 467
19 770
19 921
20 139
20 188
20 302
20 513
20 584
20 631
20 703
20 777
20 842
20 914
20 955
20 961
21 173
21 287
21 324
21 604
21 724
21 816
21 887
21 889
22 234
22 433
22 435
22 521
22 564
22 699
22 967
23 39
23 105
23 109
23 203
23 327
23 328
23 346
23 478
23 810
23 855
24 42
24 285
24 352
24 368
24 417
24 487
24 630
24 725
24 932
24 946
24 972
25 57
25 172
25 276
25 357
25 463
25 541
25 600
25 638
25 687
25 826
25 876
26 303
26 623
26 847
26 854
27 200
27 357
27 392
27 540
27 639
27 648
27 730
28 312
28 380
28 599
28 742
28 928
28 946
29 82
29 200
29 218
29 230
29 303
29 309
29 427
29 483
29 605
29 705
29 735
29 796
29 860
29 878
30 72
30 236
30 250
30 276
30 340
30 355
30 419
30 512
30 562
30 654
30 897
30 946
30 951
31 317
31 335
31 394
31 693
31 761
31 772
31 794
31 920
31 998
32 90
32 177
32 348
32 460
32 505
32 545
32 660
32 879
32 896
32 898
32 945
33 138
33 170
33 355
33 411
33 591
33 685
34 52
34 361
34 382
34 410
34 501
34 539
34 642
34 748
34 794
34 817
34 920
34 941
35 182
35 343
35 387
35 409
35 452
35 454
35 471
35 554
35 576
35 583
35 595
35 644
35 710
35 760
35 825
35 889
35 903
36 95
36 333
36 420
36 432
36 478
36 504
36 521
36 741
36 745
36 803
36 829
36 870
37 110
37 176
37 264
37 464
37 477
37 522
37 663
37 812
37 933
38 52
38 195
38 212
38 227
38 326
38 360
38 362
38 381
38 557
38 736
38 806
38 955
38 995
39 94
39 96
39 126
39 566
39 624
39 639
39 746
39 751
39 766
39 840
39 881
39 968
40 45
40 163
40 188
40 382
40 383
40 434
40 444
40 479
40 498
40 565
40 809
40 829
40 897
41 61
41 118
41 159
41 227
41 310
41 323
41 376
41 488
41 545
41 618
41 670
41 679
41 867
41 868
41 891
41 905
41 963
42 91
42 139
42 254
42 426
42 547
42 873
43 364
43 389
43 795
43 898
43 990
43 997
44 106
44 324
44 544
44 636
44 682
44 714
44 786
44 844
44 900
45 52
45 241
45 372
45 466
45 567
45 858
46 477
46 657
47 152
47 387
47 418
47 615
47 748
47 930
47 969
47 970
47 996
48 64
48 78
48 143
48 151
48 263
48 287
48 447
48 510
48 525
48 564
48 601
48 624
48 894
48 939
48 966
49 109
49 230
49 326
49 344
49 358
49 457
49 582
49 615
49 678
49 739
49 888
50 85
50 275
50 462
50 579
50 626
50 701
50 727
50 763
50 864
51 142
51 149
51 243
51 271
51 274
51 324
51 551
51 598
51 631
51 667
51 893
51 900
51 995
52 160
52 191
52 326
52 586
52 618
52 711
52 729
52 741
52 794
52 860
52 886
52 966
53 61
53 131
53 223
53 334
53 419
53 479
53 625
53 634
53 678
53 695
53 732
53 912
53 933
54 78
54 206
54 303
54 363
54 745
54 770
54 997
55 126
55 165
55 168
55 212
55 293
55 410
55 546
55 547
55 994
56 187
56 189
56 219
56 381
56 492
56 501
56 542
56 609
56 610
56 914
56 955
56 960
57 99
57 182
57 358
57 447
57 521
57 642
57 700
57 731
57 736
57 895
57 977
58 98
58 155
58 271
58 309
58 462
58 526
58 662
58 665
58 913
59 98
59 118
59 126
59 248
59 360
59 383
59 392
59 695
60 71
60 115
60 161
60 492
60 596
60 671
60 790
60 915
61 79
61 93
61 152
61 231
61 248
61 463
61 746
61 949
62 315
62 680
63 248
63 480
63 503
63 633
63 676
63 705
63 714
63 782
63 917
63 919
63 941
64 91
64 322
64 381
64 681
64 748
64 801
65 103
65 106
65 136
65 162
65 464
65 521
65 782
65 964
66 157
66 384
66 557
66 746
66 757
66 760
66 827
66 842
66 900
66 914
66 939
67 68
67 140
67 462
67 595
67 664
67 815
67 949
68 366
68 433
68 649
68 696
68 928
68 970
69 383
69 507
69 559
69 567
69 610
69 968
69 969
70 203
70 554
70 845
71 136
71 316
71 431
71 468
71 683
71 868
71 967
72 74
72 125
72 141
72 170
72 198
72 201
72 241
72 414
72 553
72 632
72 645
72 749
72 840
72 909
73 661
73 896
73 931
74 190
74 199
74 223
74 395
74 443
74 581
74 611
74 624
74 631
74 835
75 223
75 332
75 342
75 576
75 679
75 813
75 901
75 902
75 976
76 150
76 357
76 466
76 514
76 597
76 606
76 676
76 776
76 782
76 847
76 857
76 972
77 103
77 251
77 268
77 304
77 350
77 389
77 618
77 873
77 979
77 984
78 119
78 335
78 458
78 590
78 739
78 936
79 117
79 263
79 376
79 591
79 722
79 829
79 862
79 986
80 325
80 680
80 748
80 846
80 971
81 128
81 401
81 472
81 490
81 566
81 609
81 688
81 775
81 791
81 833
81 916
81 998
82 135
82 178
82 326
82 402
82 534
82 844
82 870
83 103
83 541
83 611
83 687
83 796
83 813
83 814
83 885
83 936
84 145
84 383
84 734
84 881
84 989
85 191
85 303
85 324
85 346
85 360
85 375
85 577
85 662
85 786
85 807
85 861
85 886
85 899
86 178
86 291
86 357
86 447
86 534
86 581
86 761
86 791
86 953
86 985
87 193
87 202
87 353
87 387
87 396
87 529
87 559
87 605
87 632
87 639
87 726
87 802
87 950
87 999
88 165
88 216
88 326
88 350
88 384
88 465
88 489
88 519
88 636
88 683
88 819
88 861
88 979
89 154
89 193
89 256
89 288
89 537
89 557
89 693
90 92
90 206
90 250
90 329
90 368
90 468
90 567
90 588
90 620
90 776
90 798
91 108
91 165
91 192
91 213
91 346
91 466
91 493
91 523
91 591
91 612
91 673
91 795
91 907
91 946
92 94
92 212
92 291
92 339
92 359
92 386
92 944
93 115
93 116
93 160
93 337
93 389
93 649
93 657
93 684
93 781
93 869
93 891
93 913
93 973
94 268
94 286
94 415
94 903
94 906
95 99
95 391
95 451
95 504
95 666
95 679
95 705
95 714
95 799
96 101
96 177
96 237
96 696
96 720
96 751
96 959
97 128
97 225
97 276
97 311
97 411
97 417
97 498
97 523
97 762
97 978
97 992
98 101
98 351
98 365
98 551
98 813
98 825
98 910
99 115
99 408
99 471
99 493
99 512
99 514
99 651
99 968
100 114
100 122
100 134
100 198
100 243
100 459
100 589
100 656
100 708
100 739
100 819
100 992
101 160
101 304
101 346
101 603
101 652
101 696
101 778
101 917
102 249
102 333
102 362
102 459
102 539
102 707
102 748
102 825
102 963
103 138
103 155
103 235
103 248
103 447
103 646
103 724
103 758
103 948
104 105
104 112
104 139
104 188
104 639
104 733
104 785
104 796
104 852
105 106
105 139
105 156
105 172
105 185
105 239
105 316
105 474
105 500
105 609
105 684
106 197
106 257
106 329
106 366
106 421
106 430
106 549
106 569
107 231
107 235
107 327
107 369
107 462
107 476
107 513
107 533
108 275
108 342
108 502
108 544
108 579
108 618
108 842
108 876
108 896
108 966
109 133
109 181
109 290
109 375
109 481
109 622
109 632
109 636
109 657
109 868
109 881
109 892
110 271
110 433
110 807
111 228
111 318
111 601
111 638
111 656
111 670
111 679
111 700
111 867
111 993
112 326
112 441
112 503
112 537
112 597
112 729
112 942
112 979
113 169
113 230
113 251
113 273
113 404
113 436
113 631
113 677
113 764
113 834
113 879
113 890
114 215
114 280
114 281
114 417
114 425
114 564
114 639
114 714
114 738
114 809
114 842
114 923
114 959
115 164
115 202
115 274
115 646
115 903
115 962
116 338
116 370
116 434
116 682
116 933
117 180
117 183
117 251
117 392
117 455
117 563
117 574
117 576
117 852
117 857
117 909
117 939
117 978
117 991
118 189
118 227
118 358
118 371
118 446
118 846
118 854
118 896
118 912
118 916
118 978
119 520
119 567
119 585
119 611
119 786
119 972
120 178
120 217
120 231
120 294
120 300
120 330
120 345
120 452
120 573
120 614
120 626
120 707
121 185
121 591
121 749
122 307
122 398
122 411
122 437
122 453
122 466
122 578
122 621
122 637
122 647
122 672
122 710
122 755
123 131
123 184
123 332
123 483
124 290
124 390
124 442
124 486
124 520
124 637
124 670
124 715
124 744
124 977
125 273
125 379
125 380
125 468
125 488
125 503
125 766
125 989
126 221
126 269
126 411
126 667
126 713
126 773
126 814
126 815
126 966
127 146
127 196
127 270
127 425
127 451
127 652
127 672
127 851
127 924
127 993
128 214
128 376
128 425
128 474
128 585
128 676
128 734
128 746
128 916
128 920
129 177
129 342
129 351
129 400
129 502
129 600
129 744
129 804
129 895
129 995
130 131
130 282
130 597
130 860
130 962
131 184
131 197
131 236
131 283
131 290
131 415
131 475
131 870
132 147
132 224
132 705
133 213
133 266
133 287
133 401
133 614
133 724
133 752
133 755
133 834
133 980
134 358
134 640
134 843
134 928
135 258
135 283
135 356
135 367
135 454
135 472
135 481
135 596
135 940
135 951
136 137
136 151
136 176
136 220
136 285
136 306
136 321
136 343
136 368
136 431
136 646
136 820
136 886
137 366
137 535
137 537
137 581
137 792
137 907
137 912
137 967
138 211
138 366
138 606
138 748
139 146
139 157
139 209
139 214
139 293
139 382
139 602
139 725
139 803
139 822
139 823
139 863
139 973
140 282
140 316
140 344
140 347
140 440
140 461
140 592
140 686
140 693
141 283
141 440
141 460
141 915
141 917
141 980
142 418
142 665
142 723
142 730
142 801
142 834
142 838
142 899
142 935
142 958
143 396
143 510
143 551
143 653
143 726
143 727
143 835
144 339
144 358
144 498
144 657
144 711
144 720
144 750
144 848
144 941
145 171
145 211
145 249
145 253
145 273
145 312
145 396
145 428
145 557
145 674
145 718
145 747
145 933
146 263
146 308
146 452
146 580
146 731
146 780
146 820
146 932
147 292
147 305
147 353
147 599
147 677
147 691
147 930
147 981
148 269
148 358
148 383
148 535
148 573
148 585
148 604
148 667
148 695
148 974
149 389
149 443
149 552
149 803
150 181
150 321
150 591
150 687
150 736
150 787
150 871
150 891
150 928
151 405
151 427
151 659
151 711
151 723
151 772
151 813
151 817
152 315
152 351
152 411
152 457
152 600
152 684
152 691
152 702
152 748
152 759
152 919
153 193
153 279
153 339
153 367
153 371
153 797
153 904
153 970
153 975
154 272
154 623
154 716
154 766
154 771
154 786
154 811
154 871
155 159
155 355
155 381
155 424
155 506
155 536
155 564
155 567
155 587
155 684
155 808
155 888
156 257
156 508
156 518
156 566
156 580
156 706
156 771
156 813
156 816
156 959
157 237
157 263
157 297
157 332
157 338
157 428
157 465
157 469
157 473
157 517
157 599
157 660
157 734
157 990
158 289
158 290
158 435
158 453
158 641
158 670
158 833
158 890
158 992
159 162
159 246
159 400
159 424
159 716
159 723
159 738
159 996
160 187
160 266
160 596
160 613
160 704
160 775
160 948
160 973
161 202
161 213
161 218
161 561
161 670
161 678
161 733
161 896
161 920
161 924
162 232
162 361
162 368
162 483
162 561
162 632
162 641
162 850
162 911
163 339
163 487
163 555
163 747
163 773
163 875
163 940
164 190
164 213
164 234
164 286
164 362
164 407
164 459
164 504
164 752
164 768
164 877
164 936
165 167
165 227
165 249
165 428
165 437
165 696
165 716
165 850
165 950
166 219
166 264
166 315
166 355
166 447
166 529
166 604
166 710
166 750
166 903
166 909
167 189
167 209
167 527
167 530
167 742
167 960
167 971
168 327
168 480
168 533
168 590
168 610
168 735
168 757
169 180
169 188
169 218
169 394
169 648
169 710
169 793
169 828
169 884
169 962
169 995
170 188
170 361
170 409
170 420
170 426
170 530
170 566
170 663
170 718
170 767
170 901
171 581
171 640
171 647
171 648
171 746
171 777
172 222
172 285
172 328
172 432
172 539
172 562
172 639
172 720
172 806
172 892
173 199
173 228
173 578
173 610
173 682
173 719
173 848
173 928
174 294
174 451
174 532
174 544
174 563
174 610
174 624
174 755
174 939
175 246
175 334
175 424
175 539
175 887
176 248
176 273
176 353
176 400
176 651
176 729
176 766
176 779
176 830
176 865
177 186
177 230
177 386
177 395
177 411
177 460
177 567
177 569
177 690
177 912
177 979
178 229
178 372
178 435
178 465
178 588
178 915
179 199
179 316
179 429
179 446
179 643
179 832
179 850
179 941
180 185
180 281
180 294
180 360
180 437
180 897
181 371
181 472
181 525
181 575
181 596
181 605
181 625
181 927
181 934
181 989
182 285
182 452
182 543
182 619
182 716
182 871
182 915
182 936
182 947
183 287
183 391
183 505
183 568
183 619
183 629
183 911
184 185
184 386
185 214
185 216
185 222
185 245
185 696
185 699
185 880
185 932
185 949
186 320
186 403
186 438
186 492
186 554
186 607
186 694
186 868
186 978
187 194
187 197
187 290
187 555
187 634
187 696
187 844
187 864
187 875
188 368
188 431
188 518
188 592
188 608
188 648
188 744
188 815
188 936
189 197
189 219
189 224
189 339
189 352
189 395
189 409
189 456
189 494
189 539
189 658
189 685
189 836
189 969
190 297
190 499
190 652
190 668
190 680
190 859
190 988
191 218
191 259
191 286
191 407
191 493
191 523
191 761
191 908
191 996
192 260
192 466
192 490
192 565
192 620
192 645
192 731
192 770
192 826
192 920
192 950
193 226
193 250
193 344
193 422
193 505
193 526
193 601
193 818
193 860
193 880
193 917
194 362
194 417
194 621
194 682
194 736
194 933
194 984
195 396
195 517
195 548
196 240
196 602
196 651
196 878
196 902
196 911
197 212
197 214
197 296
197 379
197 402
197 424
197 493
197 554
197 740
197 752
197 967
198 435
198 552
198 604
198 623
198 639
198 655
198 739
198 807
199 289
199 593
199 657
199 678
199 716
199 745
199 803
199 857
199 892
199 958
200 358
200 404
200 448
200 504
200 660
200 661
200 958
201 202
201 207
201 462
201 618
201 650
201 702
201 966
201 977
202 337
202 538
202 539
202 663
202 849
202 865
202 942
202 944
202 954
203 375
203 403
203 535
203 648
203 676
204 250
204 315
204 353
204 498
204 517
204 541
204 733
204 745
204 769
204 843
204 969
205 215
205 633
205 711
205 849
206 227
206 497
206 511
206 595
206 768
206 780
206 841
206 909
207 529
207 641
207 705
207 853
207 882
208 263
208 339
208 359
208 571
208 634
208 673
208 681
208 751
209 273
209 308
209 387
209 531
209 600
209 612
209 672
209 701
209 873
209 908
210 287
210 365
210 411
210 472
210 566
210 665
210 673
210 722
210 755
210 863
211 280
211 472
211 499
211 506
211 558
211 613
212 528
212 539
212 688
212 746
212 835
212 841
213 473
213 529
213 545
213 573
213 581
213 712
213 721
213 786
213 838
213 914
214 239
214 253
214 258
214 315
214 549
214 676
214 832
214 834
214 851
214 863
215 284
215 335
215 516
215 550
215 669
216 286
216 307
216 312
216 394
216 413
216 485
216 503
216 580
216 590
216 971
217 264
217 521
217 569
217 634
217 694
217 933
218 262
218 440
218 466
218 481
218 550
218 603
218 612
218 636
218 945
218 999
219 247
219 340
219 580
219 593
219 608
219 733
220 273
220 412
220 420
220 502
220 509
220 549
220 581
220 692
220 734
220 740
220 749
221 301
221 525
221 583
221 899
221 926
222 234
222 260
222 399
222 446
222 461
222 506
222 531
222 563
223 243
223 248
223 577
223 656
223 750
223 815
223 827
223 861
223 918
224 271
224 319
224 445
224 495
224 543
224 550
224 634
224 658
224 780
224 821
224 893
225 233
225 278
225 288
225 386
225 456
225 571
225 639
225 725
225 762
225 809
226 306
226 332
226 409
226 424
226 501
226 666
226 824
226 906
226 982
226 988
227 317
227 333
227 347
227 405
227 465
227 512
227 634
227 689
227 741
227 916
227 984
228 355
228 416
228 430
228 487
228 495
228 566
228 635
228 690
228 801
228 817
228 826
228 905
229 270
229 484
229 594
229 601
229 725
229 814
229 947
229 975
229 978
230 306
230 314
230 482
230 503
230 505
230 549
230 583
230 818
231 422
231 485
231 507
231 567
231 578
231 664
231 792
231 812
231 935
232 490
232 699
232 745
232 765
232 959
232 972
232 977
233 387
233 566
233 578
233 653
233 805
233 944
233 992
234 237
234 324
234 371
234 423
234 499
234 504
234 623
234 648
234 896
234 923
235 321
235 948
235 954
235 961
236 273
236 281
236 303
236 382
236 396
236 856
236 912
236 934
236 999
237 258
237 442
237 467
237 545
237 608
237 631
237 639
237 692
237 939
237 975
237 978
237 982
238 267
238 340
238 348
238 949
239 246
239 299
239 321
239 604
239 656
239 664
239 793
239 968
240 271
240 336
240 351
240 403
240 555
240 649
240 665
240 927
241 317
241 416
241 477
241 527
241 842
241 878
241 964
242 470
242 563
242 815
243 265
243 295
243 320
243 414
243 468
243 501
243 527
243 554
243 617
243 700
243 704
243 820
243 961
243 974
244 265
244 515
244 549
244 595
244 601
244 684
244 702
245 397
245 454
245 554
245 767
246 722
246 811
246 828
246 841
246 851
246 913
246 949
247 281
247 458
247 576
247 711
247 719
247 821
247 836
247 900
248 251
248 283
248 313
248 375
248 623
248 754
248 773
248 948
248 977
249 348
249 476
249 591
249 611
249 634
249 658
249 914
249 987
250 452
250 493
250 505
250 632
250 863
250 930
250 993
251 477
251 568
251 583
251 634
251 651
251 863
251 984
252 331
252 379
252 391
252 506
252 564
252 583
252 646
252 728
252 799
252 847
252 940
252 975
253 262
253 284
253 288
253 328
253 349
253 370
253 376
253 614
253 616
253 647
253 744
254 396
254 464
254 492
254 495
254 872
254 890
255 535
255 792
255 845
255 864
255 865
256 329
256 481
256 558
256 760
256 773
257 364
257 415
257 570
257 612
257 653
257 708
257 901
258 351
258 388
258 609
258 785
258 907
258 922
258 947
258 977
259 288
259 376
259 386
259 558
259 936
260 287
260 361
260 547
260 554
260 902
261 284
261 379
261 607
261 955
262 321
262 546
262 558
262 732
262 747
262 754
262 796
262 830
262 838
262 902
262 959
262 967
263 307
263 329
263 446
263 472
263 607
263 740
263 822
263 942
264 409
264 590
264 629
264 667
264 734
264 809
264 813
264 842
265 296
265 321
265 342
265 395
265 450
265 627
265 879
266 520
266 623
267 283
267 373
267 381
267 396
267 753
267 774
267 929
268 425
268 478
268 631
268 703
268 871
268 995
269 289
269 320
269 326
269 401
269 507
269 641
269 712
269 783
269 858
269 869
269 943
270 366
270 444
270 799
270 981
271 634
271 696
271 761
271 785
271 833
271 855
271 910
271 969
271 977
272 354
272 405
272 539
272 541
272 626
272 741
272 748
272 764
272 776
272 811
272 880
272 954
273 315
273 584
273 883
273 929
274 462
274 795
274 822
274 965
275 343
275 399
275 721
275 772
275 884
275 946
275 966
276 321
276 391
277 516
277 674
277 792
277 845
277 912
278 281
278 284
278 395
278 452
278 525
278 587
278 649
278 663
278 710
278 858
278 954
278 959
279 440
279 509
279 517
279 751
280 405
280 473
280 698
280 718
280 793
280 863
280 883
280 989
281 282
281 288
281 364
281 560
281 815
281 855
282 386
282 428
282 444
282 446
282 473
282 657
282 791
282 983
283 501
283 526
283 531
283 703
283 731
283 750
283 930
284 348
284 395
284 486
284 546
284 642
284 703
284 809
284 895
284 963
284 992
285 370
285 432
285 578
285 659
285 665
285 709
285 839
285 930
285 932
286 326
286 698
287 315
287 374
287 456
287 480
287 564
287 972
288 381
288 478
288 503
288 509
288 534
288 627
288 735
288 741
289 333
289 481
289 694
290 364
290 524
290 656
290 691
290 703
290 707
291 351
291 401
291 435
291 472
291 527
291 590
291 623
291 649
291 677
291 680
291 682
291 911
292 336
292 438
292 594
292 649
292 845
292 884
293 457
293 523
293 547
293 611
293 901
294 386
294 602
294 642
294 659
294 665
294 713
294 985
295 300
295 462
295 560
295 577
295 694
295 735
295 798
295 815
295 852
295 930
296 299
296 325
296 393
296 432
296 627
296 757
296 950
296 975
296 987
297 298
297 357
297 474
297 504
297 517
297 899
298 309
298 313
298 393
298 455
298 503
298 637
298 720
298 734
298 844
298 855
298 929
299 415
299 432
299 443
299 563
299 590
299 592
299 840
300 370
300 719
300 757
300 840
300 955
301 353
301 750
301 911
301 915
301 948
302 461
302 623
302 932
302 958
303 509
303 605
303 631
303 785
303 974
304 376
304 387
304 389
304 434
304 476
304 558
304 623
304 724
304 963
304 967
305 480
305 530
305 574
305 612
305 627
305 661
305 678
305 834
305 891
306 343
306 520
306 736
306 829
306 841
307 330
307 410
307 462
307 501
307 895
307 921
307 949
308 343
308 394
308 407
308 504
308 651
308 688
308 769
308 841
308 882
309 373
309 517
309 760
309 789
309 928
309 954
309 970
310 445
310 592
310 596
310 812
310 818
310 839
311 428
311 443
311 673
311 729
311 768
311 782
311 789
311 878
311 886
312 459
312 530
312 543
312 637
312 638
312 693
312 852
313 394
313 483
313 530
313 581
313 584
313 631
313 656
313 842
313 976
314 353
314 383
314 463
314 545
314 581
314 636
314 703
314 796
315 433
315 799
315 810
315 976
316 457
316 743
316 916
316 928
316 986
317 390
317 397
317 435
317 631
317 687
317 811
318 319
318 472
318 497
318 583
318 643
318 652
318 794
318 896
318 898
318 906
318 931
319 340
319 443
319 491
319 571
319 641
319 729
319 753
319 759
319 777
319 781
319 784
319 803
319 848
319 938
319 985
320 484
320 972
321 368
321 569
321 822
321 858
321 976
322 420
322 484
322 590
322 614
322 643
322 644
322 836
323 408
323 470
323 616
323 933
324 367
324 443
324 483
324 553
324 686
324 714
325 408
325 426
325 495
325 519
325 535
325 608
325 770
325 843
325 961
326 392
326 429
326 485
326 627
326 703
326 946
326 996
327 391
327 755
327 983
328 463
328 502
328 541
328 657
328 841
328 916
329 470
329 480
329 623
329 692
329 704
329 735
329 816
329 844
329 899
329 929
330 439
330 474
330 528
330 530
330 643
330 733
330 782
330 826
330 846
331 719
331 863
331 872
332 579
332 602
332 630
332 747
332 760
332 989
333 441
333 509
333 561
333 675
333 755
334 446
334 464
334 494
334 584
334 590
334 598
334 655
334 890
335 450
335 451
335 705
335 924
336 345
336 347
336 385
336 410
336 466
336 634
336 695
336 806
337 568
337 823
337 993
338 435
338 577
338 614
338 760
338 785
338 945
339 522
339 672
339 990
340 347
340 387
340 467
340 546
340 610
340 797
340 807
340 998
341 373
341 385
341 496
341 618
341 636
341 802
342 412
342 481
342 610
342 974
343 443
343 503
343 536
343 579
343 598
343 618
343 672
343 738
343 832
344 636
344 659
344 726
344 873
345 347
345 501
345 616
345 625
345 867
345 872
346 353
346 383
346 391
347 448
347 504
347 544
347 566
347 668
347 813
347 893
348 533
348 620
348 666
348 670
348 716
348 745
348 775
348 811
348 877
349 411
349 496
349 500
349 733
349 782
349 979
350 560
350 616
350 639
350 686
350 876
350 892
351 352
351 444
351 492
351 497
351 562
351 738
351 767
351 779
352 374
352 411
352 534
352 658
352 677
352 943
353 364
353 536
353 558
353 592
353 632
353 736
353 784
354 393
354 427
354 459
354 521
354 603
354 666
354 676
354 777
354 924
354 962
355 522
355 581
355 790
355 862
356 405
356 462
356 489
356 540
356 637
356 695
356 735
356 905
357 440
357 518
357 520
357 783
357 921
357 960
357 988
358 405
358 570
358 658
358 798
358 829
359 610
359 674
359 689
359 704
359 956
359 998
360 380
360 446
360 519
360 540
360 768
360 813
360 884
360 956
360 961
360 980
361 376
361 387
361 504
361 529
361 547
361 614
361 714
361 962
362 369
362 571
362 676
362 917
363 488
363 496
363 557
363 573
363 859
363 867
363 933
364 378
364 420
364 504
364 577
364 656
364 684
364 707
364 742
364 747
364 790
364 805
365 465
365 477
365 511
365 675
365 789
365 869
366 405
366 450
366 628
366 977
367 483
367 645
367 668
367 902
367 945
368 400
368 516
368 646
368 663
368 769
368 793
368 809
369 385
369 624
369 668
369 760
369 872
370 381
370 440
370 528
370 642
370 848
370 901
370 961
370 963
371 506
371 508
371 641
371 675
371 792
371 824
371 946
372 386
372 395
372 428
372 527
372 567
372 751
372 789
372 861
372 872
372 916
373 613
373 808
374 376
374 380
374 384
374 433
374 685
375 411
375 581
375 596
375 631
375 957
375 961
375 977
376 870
376 909
377 536
377 669
377 696
377 766
377 780
377 814
377 907
377 928
377 990
378 395
378 550
378 562
378 599
378 620
378 873
378 976
379 404
379 509
379 594
379 720
379 817
379 866
379 991
380 517
380 523
380 746
380 865
380 901
381 514
381 826
381 981
382 735
382 744
382 789
382 816
382 889
382 901
383 431
383 547
384 422
384 639
384 652
384 730
384 788
385 397
385 510
385 515
385 532
385 594
385 659
385 744
385 832
385 886
385 988
386 455
386 477
386 561
386 591
386 842
386 978
387 502
387 536
387 579
387 665
387 937
388 412
388 431
388 533
388 601
388 602
388 746
388 790
388 844
388 859
389 571
389 749
389 930
390 470
390 533
390 623
391 721
391 801
391 935
391 968
392 420
392 532
392 766
392 874
392 968
393 575
393 576
393 730
393 840
393 862
393 877
394 451
394 506
394 757
394 919
394 934
394 941
394 963
395 513
395 540
395 632
395 907
396 418
396 602
396 654
396 659
396 797
396 812
396 897
396 931
396 948
397 408
397 428
397 538
397 607
397 621
397 631
397 633
397 786
397 832
397 869
398 404
398 460
398 467
398 576
398 626
398 725
398 771
398 800
398 810
398 960
399 585
399 667
399 683
399 692
399 753
399 928
400 424
400 470
400 525
400 557
400 588
400 724
400 792
400 848
400 916
400 926
401 441
401 565
401 787
402 451
402 672
402 685
402 733
402 827
403 523
403 677
403 836
403 899
403 940
404 481
404 498
404 571
404 586
404 658
404 812
404 863
404 911
405 484
405 542
405 649
405 655
405 750
405 844
405 994
406 554
406 771
406 838
406 904
407 455
407 626
407 723
407 801
407 812
407 844
407 898
407 946
407 969
408 417
408 450
408 556
408 630
408 799
408 943
409 410
409 521
409 531
409 754
409 819
410 509
410 758
410 781
410 788
410 789
410 987
411 551
411 820
412 502
412 569
412 615
412 689
412 744
412 798
412 855
413 591
413 593
413 675
413 750
413 800
413 834
413 911
413 924
413 954
413 977
414 555
414 758
414 886
414 954
415 531
415 638
415 908
415 951
416 595
416 596
416 741
417 524
417 558
417 867
418 495
418 549
418 664
418 717
418 957
419 921
419 928
420 677
420 764
420 812
420 899
421 601
421 766
421 784
421 974
421 999
422 506
422 609
422 745
422 755
422 845
423 456
423 534
423 535
423 819
423 908
424 778
424 832
424 882
425 445
425 507
425 552
425 555
425 666
425 801
425 809
425 980
426 442
426 602
426 603
426 872
426 878
427 456
427 506
427 673
427 777
427 807
427 836
427 855
427 877
427 879
428 508
428 584
428 717
428 793
428 956
429 437
429 571
429 619
429 838
429 895
430 533
430 631
430 814
430 861
430 929
431 669
431 841
431 850
432 601
432 602
432 620
432 694
432 869
432 970
432 976
433 474
433 496
433 668
433 824
433 841
433 979
434 478
434 543
434 668
434 733
434 784
434 811
434 847
434 915
435 458
435 685
436 634
436 793
436 844
437 821
437 828
437 995
438 662
438 704
438 779
438 849
438 971
439 443
439 538
439 600
439 675
439 839
439 920
440 660
440 692
440 724
440 745
440 772
440 827
440 889
440 949
441 474
441 527
441 552
441 608
441 712
441 961
442 497
442 527
442 555
442 891
443 526
443 780
443 882
443 994
444 455
444 479
444 508
444 578
444 784
444 947
444 992
445 591
445 676
445 775
445 791
445 816
445 881
446 514
446 549
446 637
446 650
446 793
447 683
447 783
447 827
447 965
448 515
448 683
448 707
448 791
448 982
449 495
449 560
449 570
449 607
449 790
449 883
449 917
449 933
450 477
450 749
450 923
450 944
450 972
450 981
451 457
451 600
451 633
451 686
451 824
451 833
452 595
452 632
452 894
453 551
453 556
453 614
453 649
453 749
453 811
453 836
453 868
453 874
454 478
454 483
454 557
454 827
454 830
454 843
454 964
455 801
456 580
456 802
457 497
457 631
457 663
457 701
457 850
457 867
457 891
458 511
458 875
458 889
458 965
458 971
458 981
459 463
459 487
459 491
459 494
459 533
459 610
459 765
460 573
460 597
460 793
460 829
460 913
460 929
461 528
461 562
461 588
461 698
461 967
461 998
462 527
462 633
462 658
462 721
462 770
462 965
462 978
463 508
463 551
463 835
463 847
463 857
463 953
463 962
463 964
464 570
464 796
464 808
464 935
465 617
465 636
465 698
465 919
465 963
465 987
466 669
466 704
467 921
467 934
468 545
468 708
468 774
468 872
468 879
469 578
469 638
469 741
469 801
469 883
470 501
470 503
470 653
470 730
470 748
470 757
470 881
471 477
471 632
471 656
471 900
471 917
472 487
472 532
472 632
472 639
472 732
472 783
472 888
473 474
473 660
473 764
474 480
474 580
474 633
474 777
474 779
474 875
474 951
475 484
475 518
475 567
475 682
475 733
475 810
475 923
475 928
475 956
475 982
476 526
476 545
476 724
476 777
476 984
477 579
477 646
477 793
477 860
478 619
478 693
478 851
478 878
478 952
479 630
479 695
479 942
480 572
480 633
480 713
480 831
480 848
480 866
480 919
480 924
480 980
481 646
481 797
482 603
482 623
482 649
482 708
482 717
482 873
483 505
483 803
484 739
484 873
484 911
484 921
485 529
485 557
485 560
485 695
485 705
485 765
485 785
486 544
486 554
486 577
486 584
486 794
486 849
487 519
487 613
487 638
488 585
488 751
489 505
489 530
489 560
489 714
489 719
489 727
489 842
489 886
490 799
490 837
490 965
491 520
491 688
491 752
491 766
491 882
491 913
491 963
492 529
492 572
492 641
492 701
492 840
492 887
492 940
493 595
493 666
493 872
493 992
494 566
494 825
494 845
494 889
494 969
494 994
495 569
495 595
495 636
495 687
495 704
495 732
495 735
495 749
495 781
495 850
495 862
495 914
495 992
496 499
496 602
496 603
496 738
496 797
496 860
497 613
497 678
498 635
498 744
498 981
498 998
499 585
499 755
499 862
499 866
499 884
499 968
500 602
500 750
500 808
500 859
500 966
501 721
501 913
502 636
502 709
502 747
502 750
502 836
502 954
503 593
503 768
503 941
504 527
504 849
505 614
505 770
505 836
505 863
505 910
505 985
506 527
506 645
506 646
506 665
506 804
506 813
506 851
506 865
507 575
507 591
507 625
507 681
507 795
507 807
507 834
507 995
508 672
508 680
508 741
508 855
508 862
509 608
509 974
511 538
511 594
511 623
511 684
511 782
511 818
511 864
511 999
512 555
512 712
513 595
513 625
513 628
513 630
513 770
513 815
513 847
513 867
513 910
513 980
514 522
514 567
514 843
514 902
514 976
515 665
515 679
515 687
515 826
515 895
516 518
516 603
516 851
516 898
517 854
517 857
517 871
518 524
518 553
518 601
518 628
518 639
518 674
518 891
518 963
519 659
519 807
520 573
520 657
520 934
521 530
521 621
521 630
521 669
521 892
521 911
521 925
522 601
522 632
522 813
522 819
522 946
523 617
523 792
523 949
523 964
523 990
524 533
524 754
524 861
524 913
525 565
525 692
525 808
525 831
525 850
525 878
525 936
526 568
526 651
526 709
526 896
527 560
527 602
527 686
527 764
527 778
527 950
528 578
528 672
528 742
528 849
528 928
528 966
529 580
529 763
529 776
529 783
529 892
529 894
529 918
530 533
530 845
531 567
531 675
531 969
532 633
532 806
532 835
533 601
533 674
533 876
534 652
534 783
535 601
535 786
535 850
536 547
536 726
536 727
536 847
536 933
536 954
537 553
537 711
537 721
537 733
537 828
538 640
538 716
538 873
539 706
539 730
539 742
539 747
539 782
539 791
539 961
539 980
540 563
540 720
541 762
541 787
541 862
542 782
543 691
543 729
543 749
543 788
543 843
543 870
543 874
543 932
543 981
544 657
544 725
544 758
544 816
544 862
544 940
545 706
545 729
545 776
545 807
545 864
545 928
546 703
546 717
546 757
546 843
546 850
546 930
546 933
546 935
547 592
547 672
547 742
547 787
547 924
547 971
548 621
548 639
548 716
548 863
548 951
549 550
549 646
549 942
550 613
550 763
550 803
550 914
550 935
550 975
551 583
551 889
552 632
552 643
552 649
552 766
552 814
553 558
553 867
553 910
554 719
554 916
555 604
555 666
555 671
555 699
555 702
555 741
555 797
555 843
555 855
556 744
556 761
556 777
556 780
556 907
556 913
556 984
557 611
557 664
557 740
557 771
557 996
558 616
558 684
558 700
558 804
558 915
558 974
559 571
559 613
559 783
559 890
559 916
560 642
560 748
560 775
560 777
560 853
560 933
560 941
560 991
561 655
561 734
561 819
561 852
561 922
561 985
562 564
562 566
562 659
562 718
562 745
562 948
562 980
563 690
563 816
564 566
564 741
564 894
564 929
565 856
565 879
565 944
565 998
565 999
566 650
566 802
566 804
566 970
567 669
567 758
567 859
567 934
567 957
567 971
568 630
569 683
569 757
569 854
569 977
569 997
570 593
570 804
570 866
570 993
571 593
571 604
571 804
571 877
571 965
571 987
571 994
572 604
572 636
572 881
572 899
572 937
572 978
573 635
573 716
573 851
574 606
574 698
574 735
574 798
574 828
574 900
574 922
574 924
575 761
575 770
575 978
576 630
576 662
576 766
576 928
577 633
577 755
577 849
577 982
578 642
578 776
578 797
578 799
578 805
578 838
578 909
578 958
578 985
579 637
579 893
579 906
579 956
580 595
580 953
580 995
581 611
581 938
581 977
582 698
582 864
583 604
583 658
583 879
584 819
584 822
585 620
585 886
585 893
587 614
587 632
587 695
587 718
587 755
587 793
588 631
588 810
588 848
589 668
589 800
589 829
589 859
589 860
589 921
589 939
590 980
591 698
591 859
592 776
593 644
593 831
594 628
594 716
594 802
594 884
594 940
595 658
595 738
595 747
595 876
595 936
596 646
596 664
596 715
596 777
596 953
597 607
597 775
597 848
597 890
597 953
597 968
598 684
598 767
598 852
598 943
599 662
599 677
599 824
599 831
600 634
600 725
600 935
601 603
601 647
601 652
601 657
601 808
601 888
602 668
602 909
602 910
603 662
603 761
603 908
603 932
604 689
604 741
604 846
604 863
605 658
605 705
605 907
606 636
606 739
606 883
607 675
607 768
607 774
607 938
608 651
608 690
608 699
608 814
609 881
609 939
609 975
609 991
610 613
610 687
610 689
610 738
610 923
611 908
611 913
612 657
612 786
612 897
613 665
613 843
613 910
614 649
614 686
614 725
614 828
614 962
615 624
615 649
615 767
615 943
616 661
616 855
616 942
617 630
617 670
617 768
618 637
619 669
619 711
620 625
620 767
620 792
620 806
620 864
620 988
621 798
621 899
621 984
622 949
623 628
623 675
623 681
623 946
624 768
624 805
624 865
624 944
624 958
624 982
625 631
625 671
625 759
625 830
625 879
626 763
626 951
627 637
627 700
627 776
627 887
627 911
627 919
628 685
628 734
628 745
628 952
629 668
629 748
629 845
629 860
630 634
630 746
630 826
630 828
630 930
631 634
631 787
631 834
631 871
631 943
631 970
632 682
632 722
632 829
632 893
632 911
633 695
633 735
633 894
633 994
634 671
634 680
634 731
634 753
634 953
634 959
635 654
635 760
635 796
635 894
636 785
636 965
636 991
637 664
637 668
637 672
638 754
638 812
638 955
639 896
639 904
639 943
640 718
640 771
640 818
641 809
641 885
641 969
642 703
642 802
642 933
643 702
643 813
643 820
643 901
643 902
643 948
644 660
644 830
644 932
644 982
644 983
645 874
645 893
645 995
646 752
646 876
646 906
647 691
647 698
648 703
648 763
648 783
648 861
649 687
649 996
650 846
650 847
650 940
650 942
651 929
651 968
652 734
652 785
652 881
653 849
653 868
654 900
654 939
655 662
655 673
655 771
655 779
655 844
656 691
656 740
656 755
656 808
656 867
656 958
657 902
657 928
658 702
659 884
660 956
660 960
660 975
661 681
661 815
661 905
661 958
661 990
662 733
662 930
662 974
663 840
664 883
664 922
665 715
665 831
665 860
665 900
666 730
666 821
666 840
666 873
667 717
667 820
667 874
667 998
668 694
668 717
668 747
668 762
668 870
668 976
669 931
670 742
670 779
670 800
671 891
671 925
671 974
671 982
672 729
672 733
672 830
672 943
673 798
673 860
673 899
673 971
674 904
675 687
675 755
675 759
675 800
675 806
675 846
675 861
676 798
676 872
678 800
678 830
678 897
678 898
678 967
679 681
679 700
679 702
679 914
680 719
680 772
680 789
680 790
681 693
681 743
681 795
681 871
681 903
682 901
682 926
684 828
684 874
684 974
685 755
685 838
685 862
685 865
686 790
687 709
687 775
687 783
687 873
687 901
687 904
687 937
689 850
690 695
690 750
690 780
691 753
691 774
691 886
691 955
691 963
691 983
692 743
692 842
692 944
692 972
693 898
693 934
693 935
693 947
694 782
694 804
694 812
694 893
694 973
695 989
696 712
696 786
697 799
697 968
698 707
698 779
698 863
698 873
698 967
699 749
699 825
699 866
700 926
700 950
702 777
703 790
703 927
704 930
705 844
705 991
707 730
707 879
707 921
708 713
708 953
709 779
709 838
709 874
710 782
710 853
710 891
710 981
711 844
711 900
712 713
712 801
713 810
713 832
713 932
713 989
714 724
714 762
714 995
715 751
715 756
715 776
715 832
716 757
716 874
716 884
716 969
717 722
717 857
717 860
717 995
718 848
718 875
718 916
719 833
719 887
719 891
719 925
721 859
721 957
722 723
722 751
722 754
722 881
722 924
722 958
723 729
723 802
723 899
723 993
724 725
724 782
724 903
725 731
725 748
726 896
726 910
726 940
726 949
726 988
727 799
727 946
727 965
728 750
728 856
728 865
728 922
728 950
728 953
729 876
729 948
729 965
729 969
730 742
730 764
730 798
730 893
730 936
731 782
731 843
731 863
731 958
731 987
732 849
732 922
732 957
734 786
734 972
735 778
735 853
736 774
736 795
736 994
737 803
738 864
738 899
738 915
739 868
739 920
739 938
739 957
740 744
740 782
740 873
740 951
741 771
741 920
741 945
742 857
742 993
743 804
743 852
743 888
743 929
745 878
745 983
746 901
747 868
747 900
748 780
750 763
750 821
750 908
750 938
750 942
751 752
752 870
753 787
753 887
753 990
754 764
755 788
755 820
756 759
756 943
757 777
757 789
757 848
758 964
759 780
759 808
759 811
759 854
760 867
760 895
760 898
760 964
761 769
761 798
761 890
762 771
762 833
762 932
763 775
763 821
764 777
764 902
764 906
765 849
766 854
766 966
766 997
767 842
767 966
768 791
768 850
769 817
770 800
770 829
770 853
770 893
771 815
771 888
772 842
772 847
772 859
772 894
772 980
773 777
773 791
773 803
773 908
773 928
773 934
775 787
775 795
775 814
775 841
775 972
776 916
777 821
777 941
777 947
778 803
778 804
778 809
778 915
779 805
779 940
779 946
779 951
780 784
780 791
781 843
783 836
783 873
783 992
784 840
784 854
785 790
785 817
785 951
786 831
786 875
786 959
787 843
787 869
788 996
789 991
790 817
790 896
790 913
790 967
791 814
792 848
792 870
793 812
793 908
793 933
794 867
794 945
795 799
795 930
795 934
796 902
796 978
797 862
798 803
798 894
799 919
799 984
800 855
800 958
801 885
802 939
802 971
803 930
803 967
804 814
805 920
805 933
805 950
805 968
805 984
806 815
806 832
806 840
806 958
807 826
807 994
808 910
808 916
809 890
809 929
810 832
810 996
811 978
812 999
813 822
813 974
814 817
814 939
814 956
815 823
815 833
815 880
815 899
816 979
817 820
817 845
817 864
817 924
818 848
819 851
819 977
820 841
820 861
820 866
820 997
821 874
821 984
821 997
822 940
823 854
823 884
823 909
824 874
824 961
824 968
826 830
826 938
826 986
827 862
827 930
827 968
828 835
829 871
829 872
829 895
829 922
830 973
832 999
833 842
834 990
835 884
835 896
835 969
836 955
836 956
836 997
837 850
837 919
838 903
841 854
841 929
841 940
842 860
842 917
843 898
843 919
844 922
845 857
846 940
847 978
848 936
849 889
849 896
849 913
849 949
850 900
852 863
852 949
853 860
853 877
853 960
854 998
855 926
856 967
858 965
859 863
859 899
859 962
859 971
859 987
860 971
861 916
862 873
863 909
863 917
864 918
864 970
865 926
865 962
866 914
866 955
867 909
868 953
868 991
869 874
869 926
870 895
870 997
871 989
872 898
872 963
872 978
873 970
874 996
875 927
878 962
879 946
879 973
881 957
882 984
884 955
885 935
885 967
885 974
886 965
886 970
887 978
887 997
890 921
892 955
892 960
893 928
893 931
893 937
893 977
893 987
894 985
895 959
896 983
897 985
898 910
898 950
899 912
899 977
900 926
903 959
904 906
905 921
905 958
910 955
910 959
911 924
912 923
912 960
913 938
913 988
913 989
916 921
918 941
919 976
921 975
926 937
926 954
928 943
928 994
929 936
931 941
931 953
932 949
932 966
933 947
933 975
933 978
935 976
936 993
936 999
937 978
942 944
942 970
944 988
949 978
949 993
952 963
952 988
952 997
956 958
959 963
960 967
961 979
962 973
963 996
972 990
973 976
976 983
979 985
979 999
992 993
