0
1000
6211
0
1
0
0 31
0 106
0 362
0 453
0 470
0 499
0 555
0 643
0 654
0 719
0 763
1 106
1 173
1 293
1 325
1 327
1 382
1 420
1 422
1 503
1 577
1 757
1 904
1 945
2 259
2 298
2 340
2 474
2 480
2 785
2 834
2 839
2 841
2 999
3 124
3 233
3 266
3 272
3 291
3 378
3 453
3 462
3 573
3 678
3 770
3 824
3 843
3 861
3 948
3 974
4 10
4 263
4 280
4 523
4 635
4 675
4 740
4 746
4 793
4 837
4 945
5 15
5 94
5 154
5 375
5 424
5 495
5 508
5 589
5 621
5 867
5 911
5 960
6 163
6 348
6 358
6 414
6 487
6 575
6 671
6 682
6 752
6 808
6 826
7 33
7 47
7 153
7 178
7 210
7 358
7 526
7 547
7 552
7 595
7 643
7 887
7 922
8 42
8 73
8 113
8 117
8 127
8 128
8 171
8 221
8 224
8 304
8 380
8 393
8 549
8 557
8 890
8 964
8 968
9 61
9 331
9 449
9 499
9 598
9 710
9 759
9 868
10 16
10 22
10 42
10 122
10 199
10 223
10 333
10 340
10 461
10 467
10 497
10 503
10 504
10 761
10 887
10 953
11 66
11 245
11 259
11 333
11 519
11 525
11 573
11 787
11 859
11 918
11 927
12 24
12 96
12 161
12 193
12 212
12 278
12 394
12 405
12 449
12 466
12 498
12 523
12 820
12 834
12 864
12 877
12 912
13 50
13 67
13 170
13 202
13 225
13 292
13 339
13 500
13 819
14 17
14 54
14 119
14 235
14 333
14 499
14 506
14 579
14 725
14 755
14 802
14 826
14 903
14 912
14 957
14 959
15 20
15 150
15 179
15 180
15 205
15 297
15 545
15 702
15 765
15 809
15 828
15 955
15 960
15 970
15 995
16 159
16 178
16 207
16 299
16 347
16 425
16 499
16 519
16 643
16 666
16 698
16 822
16 929
16 992
17 22
17 29
17 153
17 245
17 361
17 407
17 415
17 541
17 542
17 779
17 806
17 814
17 991
18 207
18 310
18 639
18 712
18 897
19 98
19 101
19 144
19 247
19 309
19 453
19 534
19 544
19 578
19 643
19 650
19 682
19 760
19 812
19 847
19 893
19 899
20 48
20 66
20 114
20 334
20 611
20 643
20 743
20 810
20 871
20 904
20 929
20 931
21 76
21 106
21 214
21 309
21 358
21 371
21 393
21 483
21 617
21 794
21 878
21 884
21 926
22 158
22 176
22 216
22 304
22 356
22 441
22 507
22 511
22 515
22 603
22 654
22 859
22 883
22 919
23 77
23 148
23 187
23 245
23 304
23 364
23 436
23 453
23 551
23 694
23 794
23 817
23 868
23 878
23 892
23 988
24 92
24 320
24 602
24 642
24 775
24 786
24 796
24 886
24 946
24 971
24 992
25 31
25 189
25 233
25 240
25 336
25 358
25 431
25 484
25 605
25 716
25 791
26 70
26 166
26 325
26 350
26 495
26 502
26 552
26 665
26 747
26 901
26 936
26 945
26 973
26 977
27 200
27 230
27 316
27 351
27 511
27 531
27 595
27 597
27 807
27 847
28 259
28 317
28 398
28 405
28 421
28 442
28 465
28 510
28 530
28 579
28 634
28 745
28 774
28 791
28 907
28 956
28 978
29 58
29 269
29 403
29 487
29 494
29 502
29 832
29 948
29 978
30 104
30 313
30 458
30 556
30 680
30 821
30 900
31 124
31 220
31 336
31 361
31 388
31 415
31 786
31 813
31 839
31 845
31 875
31 931
32 36
32 110
32 262
32 293
32 340
32 357
32 383
32 400
32 415
32 667
32 727
32 771
32 894
32 941
32 944
33 44
33 123
33 128
33 348
33 493
33 563
33 598
33 628
33 756
33 807
33 832
33 901
33 983
34 97
34 397
34 429
34 431
34 460
34 462
34 472
34 501
34 723
34 871
34 881
35 101
35 420
35 532
35 715
35 764
35 790
35 833
35 847
36 53
36 100
36 119
36 256
36 584
36 595
36 734
36 840
36 952
36 972
37 76
37 230
37 247
37 259
37 311
37 324
37 404
37 500
37 645
37 653
37 807
37 810
37 832
37 965
38 144
38 181
38 188
38 301
38 339
38 410
38 413
38 426
38 527
38 622
38 627
38 630
38 631
38 650
38 653
38 697
38 744
38 762
38 764
38 801
38 951
39 46
39 87
39 220
39 352
39 376
39 436
39 553
39 762
39 782
39 950
40 55
40 208
40 351
40 479
40 540
40 590
40 650
40 658
40 737
40 833
40 857
40 903
40 928
40 969
41 68
41 100
41 123
41 383
41 419
41 465
41 559
41 564
41 644
41 652
41 694
41 889
41 915
42 47
42 212
42 221
42 300
42 550
42 628
42 742
42 779
42 925
42 978
43 192
43 510
43 539
43 593
43 595
43 624
43 660
43 708
43 780
43 885
43 988
44 202
44 245
44 270
44 284
44 456
44 621
44 657
44 984
45 217
45 260
45 273
45 312
45 374
45 895
46 117
46 249
46 251
46 366
46 402
46 486
46 612
46 627
46 725
46 932
47 355
47 513
47 592
47 601
47 684
47 690
47 880
47 885
47 957
48 140
48 219
48 570
48 603
48 725
48 800
48 839
48 954
49 114
49 157
49 309
49 343
49 412
49 414
49 566
49 643
49 732
49 823
49 946
49 995
50 103
50 128
50 229
50 233
50 259
50 268
50 289
50 366
50 522
50 551
50 681
50 736
50 775
50 808
50 831
50 847
50 913
51 74
51 381
51 554
51 598
51 632
51 650
51 740
51 855
51 953
52 109
52 154
52 204
52 247
52 259
52 349
52 422
52 483
52 544
52 666
52 784
53 455
53 521
53 600
53 722
53 797
54 68
54 356
54 438
54 537
54 588
54 612
54 651
54 754
55 190
55 295
55 354
55 365
55 498
55 533
55 582
55 627
55 664
55 751
55 796
55 835
56 97
56 106
56 155
56 265
56 351
56 459
56 486
56 515
56 533
56 581
56 607
56 608
56 705
56 888
56 984
57 62
57 72
57 196
57 215
57 243
57 245
57 246
57 332
57 341
57 478
57 486
57 673
57 700
57 887
57 894
58 111
58 123
58 286
58 330
58 579
58 695
58 905
58 959
58 972
59 148
59 210
59 228
59 279
59 416
59 502
59 725
60 82
60 139
60 147
60 165
60 175
60 178
60 216
60 233
60 238
60 239
60 253
60 440
60 488
60 591
60 623
60 630
60 664
60 851
60 972
60 985
61 80
61 93
61 141
61 195
61 231
61 293
61 475
61 519
61 606
61 668
61 697
61 996
62 179
62 248
62 283
62 525
62 571
62 755
62 851
62 937
62 942
63 133
63 144
63 158
63 248
63 296
63 324
63 338
63 502
63 625
63 639
63 730
63 799
64 121
64 139
64 442
64 598
64 613
64 673
64 822
64 967
65 130
65 137
65 213
65 257
65 324
65 353
65 425
65 455
65 477
65 489
65 491
65 544
65 556
65 571
65 667
65 894
65 942
66 164
66 179
66 288
66 297
66 390
66 619
66 735
66 739
66 885
66 893
66 939
66 945
67 270
67 356
67 376
67 500
67 753
67 774
67 818
67 843
67 870
67 929
68 99
68 105
68 131
68 305
68 459
68 507
68 646
68 700
68 841
68 865
69 126
69 127
69 154
69 157
69 188
69 302
69 345
69 384
69 489
69 640
69 798
69 829
69 943
70 258
70 281
70 316
70 318
70 327
70 348
70 507
70 657
70 696
71 111
71 205
71 315
71 380
71 705
71 757
71 835
71 840
71 913
71 951
71 962
72 223
72 274
72 318
72 350
72 422
72 443
72 490
72 575
72 578
72 616
72 686
72 874
72 903
72 910
72 914
73 98
73 266
73 406
73 500
73 567
73 647
73 657
73 801
73 839
73 880
73 915
74 104
74 134
74 495
74 509
74 581
74 632
74 825
74 920
74 978
75 140
75 342
75 381
75 444
75 607
75 904
75 956
76 337
76 363
76 402
76 427
76 489
76 540
76 558
76 587
76 641
76 674
76 855
76 930
76 937
76 990
76 992
76 993
77 142
77 285
77 535
77 649
77 874
77 965
78 107
78 253
78 313
78 425
78 470
78 508
78 594
78 645
78 702
78 889
78 930
78 950
79 156
79 295
79 330
79 586
79 747
79 791
79 819
79 822
79 846
79 929
79 942
80 129
80 220
80 296
80 308
80 361
80 638
80 697
80 742
80 748
80 810
80 847
80 917
80 923
80 995
81 346
81 395
81 472
81 623
81 682
81 757
82 193
82 219
82 328
82 596
82 727
82 844
82 866
83 116
83 122
83 181
83 202
83 260
83 310
83 373
83 387
83 554
83 603
83 616
83 914
83 968
83 982
84 180
84 268
84 287
84 515
84 550
84 603
84 629
84 703
84 834
84 893
84 918
85 156
85 213
85 337
85 372
85 483
85 631
85 661
85 677
85 880
85 897
85 942
85 995
86 90
86 141
86 178
86 185
86 248
86 385
86 429
86 587
86 594
86 700
86 901
86 957
86 969
86 970
87 135
87 166
87 196
87 303
87 677
87 753
87 822
88 107
88 111
88 262
88 285
88 318
88 367
88 529
88 537
88 586
88 587
88 594
88 621
88 696
88 707
88 819
89 114
89 188
89 309
89 384
89 397
89 428
89 609
89 706
89 806
89 923
89 928
89 964
90 308
90 328
90 330
90 362
90 575
90 657
90 671
90 692
90 763
90 831
90 895
90 969
91 111
91 171
91 201
91 312
91 408
91 478
91 479
91 691
91 704
91 705
91 870
91 977
92 254
92 265
92 517
92 940
93 102
93 162
93 209
93 288
93 334
93 463
93 644
93 657
93 732
93 734
93 873
94 178
94 677
94 771
94 935
94 981
95 134
95 174
95 208
95 369
95 384
95 585
95 686
95 712
95 848
96 126
96 315
96 322
96 344
96 379
96 413
96 650
96 874
96 965
96 979
96 992
97 143
97 165
97 369
97 475
97 672
97 805
98 299
98 305
98 477
98 648
98 673
98 750
98 808
98 875
98 885
98 897
98 907
98 970
99 119
99 182
99 261
99 276
99 405
99 423
99 498
99 516
99 530
99 738
99 758
99 854
100 124
100 209
100 271
100 314
100 634
100 712
100 816
100 823
100 898
100 977
101 122
101 172
101 306
101 311
101 319
101 379
101 413
101 458
101 470
101 541
101 681
101 708
101 769
101 898
101 900
101 910
102 113
102 140
102 240
102 321
102 367
102 573
102 582
102 618
102 660
102 679
102 801
102 968
103 110
103 186
103 475
103 516
103 550
103 558
103 564
103 613
103 652
103 713
103 733
103 783
103 883
103 998
104 112
104 157
104 200
104 286
104 300
104 412
104 417
104 611
104 631
104 745
104 793
104 921
104 941
105 169
105 268
105 462
105 475
105 531
105 542
105 618
105 863
105 981
106 360
106 457
106 658
106 666
106 704
106 724
106 756
106 934
106 943
106 950
107 334
107 350
107 436
107 477
107 687
107 800
107 927
107 983
108 145
108 185
108 214
108 237
108 270
108 335
108 566
108 578
108 582
108 655
108 662
108 713
108 736
108 775
108 866
108 880
108 919
109 349
109 418
109 422
109 428
109 524
109 748
109 808
109 859
109 889
110 289
110 308
110 374
110 855
110 964
111 526
111 555
111 582
111 653
111 667
111 671
111 683
111 966
112 125
112 165
112 239
112 520
112 538
112 567
112 908
113 203
113 207
113 246
113 343
113 344
113 353
113 355
113 370
113 400
113 738
113 765
113 896
114 198
114 484
114 539
114 773
114 781
114 851
114 887
114 890
114 913
114 991
115 166
115 196
115 199
115 364
115 502
115 657
115 790
115 849
115 976
116 376
116 408
116 431
116 751
116 827
116 854
116 855
116 899
116 940
116 950
117 176
117 211
117 439
117 463
117 526
117 633
118 201
118 356
118 360
118 371
118 450
118 479
118 499
118 770
118 824
118 953
119 163
119 276
119 354
119 364
119 625
119 641
119 663
119 665
119 744
119 758
119 775
119 788
119 895
119 959
119 977
120 135
120 143
120 175
120 355
120 382
120 485
120 532
120 612
120 699
120 774
120 882
120 896
121 139
121 150
121 397
121 629
121 673
121 681
121 730
121 742
121 758
121 860
121 901
121 985
122 154
122 177
122 375
122 447
122 468
122 541
122 835
122 945
123 144
123 149
123 284
123 326
123 397
123 413
123 502
123 515
123 591
123 619
123 622
123 769
123 817
123 894
123 936
123 942
124 298
124 305
124 412
124 510
124 838
124 910
124 918
124 973
125 153
125 160
125 182
125 189
125 209
125 322
125 359
125 580
125 659
125 676
125 724
125 727
125 791
125 828
126 257
126 268
126 412
126 481
126 590
126 833
126 855
126 975
126 977
126 986
127 133
127 136
127 400
127 436
127 677
127 753
127 762
127 772
127 786
128 332
128 346
128 371
128 541
128 570
128 577
128 620
128 625
128 637
128 890
128 978
129 207
129 209
129 274
129 278
129 382
129 415
129 450
129 691
129 737
129 779
129 899
129 950
130 182
130 350
130 434
130 575
130 623
130 711
130 722
130 814
131 142
131 174
131 202
131 205
131 313
131 355
131 447
131 562
131 609
131 642
131 748
131 841
131 852
131 859
131 881
132 308
132 317
132 349
132 357
132 397
132 460
132 519
132 609
132 940
132 970
133 146
133 175
133 242
133 303
133 364
133 372
133 423
133 447
133 476
133 529
133 598
133 603
133 736
133 746
133 753
133 812
133 826
133 862
133 954
134 221
134 477
134 639
134 741
134 785
134 807
134 820
134 857
135 147
135 250
135 303
135 358
135 617
135 727
135 812
135 944
135 998
136 164
136 290
136 349
136 360
136 423
136 455
136 465
136 908
136 913
136 914
136 920
137 196
137 369
137 537
137 604
137 740
137 838
138 275
138 292
138 470
138 474
138 504
138 507
138 589
138 596
138 616
138 664
138 675
138 742
138 756
138 760
138 814
138 908
139 234
139 318
139 397
139 428
139 462
139 470
139 486
139 502
139 548
139 557
139 606
139 790
139 798
139 917
139 951
139 968
140 145
140 221
140 354
140 361
140 372
140 431
140 511
140 520
140 563
140 643
140 844
141 155
141 220
141 412
141 540
141 580
141 641
141 722
141 798
141 963
142 212
142 220
142 298
142 465
142 501
142 593
142 742
142 750
142 828
142 880
142 881
143 305
143 405
143 419
143 526
143 741
143 742
143 858
144 276
144 426
144 466
144 600
144 601
144 659
144 661
144 724
144 813
144 832
144 886
144 949
145 371
145 381
145 429
145 564
145 672
145 995
146 150
146 350
146 396
146 492
146 560
146 563
146 722
146 832
147 249
147 412
147 421
147 454
147 470
147 688
147 783
147 785
147 879
147 897
147 950
147 984
148 169
148 307
148 322
148 677
148 811
148 954
149 181
149 457
149 498
149 514
149 558
149 677
149 840
150 216
150 403
150 412
150 455
150 708
150 979
151 206
151 254
151 349
151 439
151 580
151 782
151 852
151 976
152 229
152 231
152 269
152 323
152 373
152 439
152 461
152 543
152 861
152 872
152 897
152 941
153 154
153 198
153 222
153 394
153 452
153 480
153 555
153 598
153 636
153 661
153 713
153 727
153 880
153 979
153 991
153 996
154 364
154 372
154 405
154 466
154 552
154 573
154 604
154 715
154 748
154 845
154 870
154 956
154 997
155 425
155 445
155 474
155 506
155 574
155 591
155 675
155 823
156 210
156 226
156 305
156 354
156 422
156 572
156 733
156 759
156 873
156 962
157 217
157 286
157 359
157 406
157 516
157 551
157 560
157 705
157 724
157 909
157 940
157 978
158 512
158 619
158 681
158 902
158 958
159 161
159 348
159 404
159 463
159 516
159 538
159 566
159 569
159 630
160 252
160 279
160 322
160 390
160 408
160 558
160 564
160 566
160 716
160 780
160 818
160 959
161 168
161 201
161 319
161 387
161 415
161 418
161 428
161 506
161 591
161 881
161 894
161 928
162 199
162 325
162 395
162 425
162 675
162 707
162 843
162 860
162 870
162 904
162 920
162 959
162 996
163 184
163 312
163 375
163 387
163 427
163 452
163 472
163 544
163 586
163 616
163 618
163 657
163 964
164 321
164 374
164 376
164 528
164 594
164 608
164 766
164 772
164 982
165 284
165 325
165 379
165 467
165 570
165 638
165 808
165 853
165 878
165 937
166 264
166 298
166 459
166 465
166 469
166 530
166 565
167 217
167 327
167 343
167 429
167 556
167 660
167 718
167 779
167 822
168 239
168 475
168 552
168 555
168 568
168 596
168 682
168 699
168 752
168 813
168 996
169 208
169 301
169 461
169 548
169 814
169 948
170 211
170 277
170 297
170 387
170 410
170 660
170 699
170 736
170 891
170 968
170 998
171 212
171 289
171 361
171 378
171 412
171 529
171 564
171 681
171 741
171 980
172 194
172 212
172 226
172 233
172 311
172 397
172 415
172 491
172 529
172 539
172 617
172 676
172 783
172 880
172 950
173 189
173 191
173 200
173 230
173 365
173 470
173 476
173 506
173 693
173 883
174 317
174 447
174 534
174 555
174 650
174 689
174 717
174 884
174 959
174 964
174 980
175 518
175 653
175 703
175 819
175 859
175 889
176 209
176 215
176 409
176 464
176 542
176 642
176 669
176 695
176 741
176 837
176 929
177 200
177 237
177 243
177 259
177 295
177 332
177 412
177 439
177 480
177 578
177 674
177 746
177 762
177 819
177 824
178 233
178 234
178 316
178 513
178 618
178 712
179 281
179 327
179 376
179 469
179 538
179 545
179 636
179 916
180 282
180 357
180 404
180 461
180 467
180 734
180 858
181 364
181 441
181 519
181 545
181 552
181 570
181 598
181 601
181 661
181 734
181 819
181 840
181 882
181 953
181 998
182 340
182 360
182 420
182 644
182 764
182 786
182 835
183 437
183 454
183 574
183 635
183 686
183 774
183 825
183 979
183 981
184 186
184 205
184 278
184 310
184 340
184 492
184 524
184 573
184 657
184 688
184 754
184 799
184 870
184 924
185 247
185 330
185 349
185 413
185 428
185 453
185 475
185 527
185 534
185 577
185 659
185 681
185 683
185 765
185 861
185 887
185 922
186 192
186 218
186 305
186 507
186 567
186 604
186 890
186 984
187 283
187 418
187 517
187 524
187 560
187 661
187 668
187 675
187 775
187 794
187 858
187 971
188 287
188 306
188 321
188 328
188 343
188 422
188 716
188 730
188 774
189 253
189 284
189 428
189 522
189 546
189 612
189 695
189 699
189 724
189 765
189 968
190 248
190 417
190 463
190 471
190 535
191 239
191 341
191 355
191 360
191 395
191 411
191 430
191 551
191 706
191 850
191 865
191 908
191 918
191 972
192 243
192 257
192 375
192 435
192 466
192 478
192 500
192 649
192 802
192 997
193 214
193 298
193 312
193 368
193 534
193 671
193 694
193 742
193 749
193 957
193 979
194 228
194 242
194 257
194 258
194 340
194 466
194 923
194 943
195 315
195 330
195 457
195 649
195 749
195 754
195 777
195 790
195 830
195 847
195 849
195 981
195 997
196 215
196 301
196 350
196 417
196 533
196 574
196 600
196 612
196 641
196 647
196 665
196 911
196 981
196 985
197 225
197 274
197 328
197 412
197 480
197 613
197 719
197 730
197 783
197 788
197 865
197 936
198 362
198 449
198 521
198 609
198 672
198 685
198 787
198 788
198 858
198 882
199 350
199 373
199 395
199 396
199 461
199 511
199 543
199 699
199 702
199 770
199 869
199 923
199 950
199 973
200 316
200 429
200 614
200 726
200 956
201 206
201 233
201 240
201 286
201 307
201 356
201 360
201 490
201 525
201 576
201 675
201 768
201 781
201 783
201 991
202 290
202 349
202 431
202 459
202 462
202 483
202 513
202 690
202 695
203 297
203 422
203 539
203 650
203 705
203 888
203 895
204 347
204 357
204 373
204 382
204 569
204 588
204 678
204 703
204 716
204 859
204 865
204 912
205 217
205 278
205 380
205 444
205 471
205 500
205 622
205 660
205 725
205 750
205 782
205 954
206 215
206 228
206 245
206 364
206 368
206 389
206 397
206 489
206 534
206 601
206 633
206 822
206 826
207 303
207 304
207 324
207 573
207 589
207 805
207 824
207 958
208 320
208 325
208 349
208 428
208 448
208 583
208 597
208 618
208 632
208 693
208 728
208 751
208 758
208 795
208 944
209 227
209 245
209 288
209 311
209 321
209 589
209 655
209 763
209 778
209 880
209 884
209 910
209 964
209 982
210 278
210 348
210 366
210 404
210 496
210 639
210 752
210 778
210 867
210 882
210 895
210 898
210 988
211 267
211 725
211 861
211 870
211 976
212 303
212 392
212 435
212 534
212 636
212 719
212 733
212 747
212 750
212 776
213 282
213 352
213 353
213 382
213 401
213 561
213 659
213 701
213 730
213 756
213 790
213 840
214 239
214 423
214 501
214 533
214 563
214 766
214 776
214 882
214 901
214 966
215 265
215 460
215 591
215 626
215 677
215 713
215 870
215 899
216 463
216 607
216 746
216 774
216 777
216 912
217 320
217 442
217 507
217 605
217 655
217 747
218 269
218 349
218 380
218 407
218 487
218 611
218 618
218 706
218 723
218 765
218 789
218 887
219 558
219 621
219 669
219 713
219 754
219 801
219 825
219 848
219 909
220 228
220 301
220 485
220 513
220 526
220 549
220 658
220 784
220 815
220 817
220 905
220 926
221 255
221 423
221 442
221 475
221 599
221 758
221 832
221 842
221 919
221 943
221 983
222 238
222 316
222 357
222 411
222 420
222 466
222 492
222 595
222 668
222 859
222 867
222 973
223 276
223 456
223 583
223 627
223 700
223 887
224 441
224 460
224 462
224 827
225 313
225 387
225 402
225 439
225 464
225 474
225 478
225 488
225 490
225 492
225 495
225 555
225 596
225 646
225 693
225 699
225 707
226 251
226 274
226 381
226 459
226 546
226 624
226 883
226 977
226 999
227 269
227 290
227 478
227 527
227 703
227 828
227 832
227 896
227 966
228 233
228 253
228 409
228 434
228 450
228 490
228 566
228 604
228 702
228 843
228 973
229 318
229 508
229 590
229 605
229 610
229 700
229 802
229 848
229 913
230 274
230 279
230 381
230 399
230 450
230 587
230 632
230 634
230 637
230 704
230 731
230 750
230 883
230 974
230 996
231 272
231 461
231 555
231 582
231 654
231 729
231 759
231 768
231 813
231 838
231 885
231 919
231 924
231 936
231 975
232 281
232 453
232 467
232 592
232 628
232 674
232 747
232 969
232 980
232 996
233 242
233 243
233 245
233 407
233 436
233 537
233 643
233 657
233 730
233 779
233 882
233 918
233 974
234 270
234 297
234 308
234 323
234 395
234 411
234 434
234 526
234 536
234 955
234 959
235 261
235 368
235 470
235 552
235 576
235 578
235 691
235 788
235 826
236 244
236 274
236 311
236 472
236 570
236 691
236 753
236 805
237 241
237 323
237 391
237 502
237 606
237 696
237 884
238 517
238 559
238 731
238 805
238 828
238 940
238 960
238 969
239 291
239 314
239 388
239 399
239 508
239 519
239 582
239 803
240 264
240 551
240 685
240 748
240 848
240 916
240 927
240 929
240 987
241 323
241 584
241 655
241 705
241 734
241 748
241 923
241 952
241 956
241 969
242 247
242 284
242 364
242 447
242 456
242 634
242 666
242 710
242 731
242 958
242 990
243 270
243 398
243 456
243 607
243 706
243 739
243 789
243 840
243 965
244 357
244 479
244 516
244 535
244 574
244 674
244 805
244 995
245 333
245 418
245 529
245 614
245 917
245 919
245 978
246 314
246 392
246 466
246 467
246 550
246 586
246 701
246 718
246 778
246 828
246 832
246 894
247 254
247 448
247 597
247 659
247 852
247 888
247 917
247 976
247 994
248 255
248 309
248 448
248 533
248 552
248 559
248 603
248 657
248 713
248 755
248 784
248 868
249 284
249 361
249 498
249 577
249 695
249 709
249 714
249 735
249 775
249 850
249 967
250 293
250 341
250 395
250 449
250 504
250 520
250 695
250 712
250 776
250 809
250 811
250 830
250 835
250 882
250 966
251 275
251 339
251 370
251 456
251 490
251 582
251 668
251 681
251 710
251 719
251 733
251 908
251 993
252 442
252 460
252 499
252 570
252 593
252 762
252 813
253 559
253 569
253 629
253 956
254 293
254 341
254 346
254 456
254 471
254 522
254 526
254 573
254 589
254 655
254 708
254 725
254 951
254 960
255 449
255 469
255 485
255 509
255 576
255 639
255 789
255 823
255 872
255 984
255 990
256 283
256 330
256 396
256 398
256 468
256 523
256 912
257 258
257 281
257 727
257 776
257 792
257 833
257 834
257 908
258 344
258 481
258 594
258 648
258 702
258 817
258 835
258 859
258 869
258 969
259 326
259 602
259 677
259 769
259 841
259 875
259 902
259 903
259 964
259 979
259 999
260 325
260 357
260 432
260 539
260 597
260 606
260 900
261 272
261 475
261 656
261 682
261 689
261 738
261 768
261 858
262 312
262 366
262 412
262 431
262 453
262 467
262 510
262 566
262 661
262 751
262 798
262 832
262 943
263 317
263 336
263 385
263 413
263 416
263 629
263 744
263 807
263 916
264 345
264 624
264 658
264 803
264 840
264 864
265 275
265 293
265 300
265 526
265 544
265 583
265 690
265 757
265 883
265 901
265 980
266 295
266 428
266 552
266 613
266 724
266 799
266 808
266 913
267 348
267 349
267 539
267 797
267 807
267 832
267 864
267 904
268 369
268 617
268 669
268 680
268 727
268 738
268 745
268 778
268 790
268 834
269 333
269 339
269 349
269 408
269 437
269 499
269 557
269 632
269 655
269 716
269 765
270 282
270 424
270 508
270 582
270 619
270 843
270 857
270 880
270 984
271 487
271 521
271 537
271 593
271 610
271 708
271 827
272 351
272 369
272 422
272 460
272 461
272 566
272 602
272 631
272 639
272 665
272 698
272 714
272 988
273 277
273 615
273 816
273 832
273 838
273 869
273 945
273 994
274 285
274 493
274 535
274 540
274 640
274 916
274 941
275 349
275 578
275 582
275 604
275 772
275 798
275 813
275 825
275 894
276 308
276 464
276 469
276 825
276 843
276 905
276 976
277 483
277 504
277 550
277 642
277 708
277 744
277 770
277 838
277 887
277 958
278 320
278 392
278 487
278 648
278 689
279 294
279 427
279 477
279 519
279 538
279 547
279 550
279 746
279 804
279 868
279 925
279 933
279 955
280 319
280 320
280 341
280 397
280 530
280 816
280 929
280 953
281 306
281 372
281 544
281 570
281 579
281 626
281 697
281 828
281 904
282 454
282 455
282 665
282 674
282 684
282 733
282 938
282 941
282 945
282 976
283 393
283 628
283 636
283 909
283 913
283 964
283 977
284 310
284 353
284 378
284 470
284 474
284 554
284 558
284 692
284 726
284 777
284 801
284 972
285 355
285 564
285 630
285 661
285 710
285 728
285 796
285 817
285 867
286 301
286 305
286 362
286 477
286 529
286 540
286 584
286 810
286 949
287 348
287 361
287 390
287 406
287 414
287 416
287 523
287 612
287 622
287 630
287 784
287 893
287 897
287 991
288 389
288 403
288 414
288 438
288 446
288 453
288 495
288 650
288 745
289 304
289 315
289 360
289 465
289 499
289 568
289 840
289 853
290 323
290 499
290 590
290 731
290 789
290 792
290 877
290 977
290 992
290 994
291 440
291 730
291 793
291 802
291 870
291 875
291 910
291 914
292 436
292 477
292 522
292 658
292 787
292 814
292 937
292 980
293 414
293 435
293 584
293 712
293 746
293 787
293 848
293 864
293 874
293 881
293 920
294 335
294 367
294 514
294 546
294 607
294 631
294 788
294 984
295 411
295 447
295 499
295 876
296 312
296 518
296 625
296 778
296 842
297 374
297 469
297 514
297 547
297 639
297 723
297 753
297 770
297 854
297 881
297 904
298 328
298 338
298 382
298 394
298 404
298 421
298 490
298 520
298 568
298 576
298 596
298 599
298 622
298 721
298 740
298 882
299 385
299 421
299 613
299 661
299 732
299 776
299 782
299 792
299 842
299 940
300 344
300 359
300 405
300 408
300 453
300 536
300 552
300 603
300 708
300 717
300 915
300 937
301 349
301 395
301 463
301 490
301 516
301 571
301 712
301 716
301 865
301 939
302 399
302 563
302 594
302 773
302 822
302 838
302 850
302 853
302 883
302 888
302 905
302 969
303 372
303 374
303 553
303 617
303 639
303 697
303 841
303 870
303 929
303 935
303 945
303 969
303 997
304 305
304 362
304 689
304 751
304 928
304 956
305 428
305 780
305 866
306 431
306 517
306 906
307 416
307 443
307 468
307 511
307 551
307 625
307 711
307 728
307 742
307 822
307 885
307 912
308 345
308 460
308 595
308 713
308 865
308 889
308 890
308 940
309 361
309 369
309 387
309 515
309 521
309 523
309 528
309 535
309 586
309 654
310 417
310 452
310 469
310 489
310 564
310 655
310 669
310 692
310 788
311 352
311 375
311 446
311 517
311 563
311 570
311 582
311 597
311 617
311 679
311 765
311 868
311 876
311 909
311 939
311 995
312 337
312 381
312 430
312 482
312 585
312 658
312 787
312 826
312 861
312 989
313 326
313 507
313 537
313 643
313 705
313 853
313 878
313 955
313 957
313 964
314 390
314 434
314 467
314 503
314 515
314 582
314 591
314 652
314 821
314 894
315 341
315 358
315 404
315 418
315 572
315 774
315 888
315 911
316 408
316 527
316 699
316 710
316 758
316 779
316 994
317 355
317 387
317 412
317 517
317 668
317 716
317 723
317 805
317 901
317 903
317 953
317 985
318 376
318 455
318 623
318 648
318 770
318 902
318 979
319 542
319 547
319 613
319 626
319 819
319 860
319 865
319 918
319 926
320 386
320 451
320 511
320 585
320 593
320 729
320 769
320 800
320 819
320 928
321 342
321 388
321 529
321 544
321 603
321 609
321 619
321 663
321 717
321 765
321 937
321 949
322 362
322 397
322 489
322 627
322 710
322 847
322 924
322 974
323 420
323 447
323 643
323 691
323 734
323 869
323 876
323 917
323 928
323 998
324 327
324 374
324 415
324 421
324 440
324 677
324 801
324 822
324 824
324 867
324 897
324 937
325 353
325 432
325 587
325 588
325 636
325 692
325 743
325 823
325 905
325 926
325 993
326 439
326 478
326 532
326 536
326 638
326 663
326 723
326 748
326 832
326 840
326 903
326 932
326 995
327 373
327 491
327 553
327 554
327 600
327 704
327 897
327 976
328 343
328 546
328 705
328 755
328 765
328 773
328 798
328 815
328 974
328 997
329 467
329 471
329 594
329 736
329 814
329 908
329 930
330 357
330 447
330 480
330 701
330 926
331 486
331 539
331 742
331 972
331 999
332 363
332 380
332 393
332 517
332 540
332 799
332 914
332 997
333 334
333 347
333 657
333 751
333 770
333 890
333 929
333 943
333 956
333 966
334 395
334 466
334 574
334 590
334 599
334 854
334 889
335 514
335 563
335 576
335 702
335 742
335 763
335 788
335 792
335 837
336 345
336 356
336 365
336 415
336 427
336 562
336 570
336 593
336 614
336 757
336 873
337 365
337 386
337 461
337 621
337 677
337 912
338 483
338 652
338 819
338 876
338 883
338 893
338 960
339 537
339 546
339 685
339 691
339 726
339 831
339 965
340 355
340 448
340 478
340 490
340 675
340 869
341 343
341 454
341 469
341 692
341 786
341 922
342 364
342 386
342 469
342 517
342 528
342 673
342 784
342 800
342 954
343 762
343 925
343 993
344 411
344 437
344 560
344 597
344 720
344 742
344 842
344 938
345 452
345 465
345 522
345 597
345 653
345 722
345 819
345 888
345 948
345 955
345 978
346 466
346 616
346 792
346 916
347 371
347 391
347 661
347 747
347 802
347 860
348 413
348 534
348 633
348 758
348 774
348 796
348 837
348 934
348 967
349 670
349 671
349 800
349 968
350 490
350 522
350 628
350 649
350 750
350 822
350 849
351 563
351 834
351 847
351 995
352 359
352 393
352 421
352 494
352 558
352 583
352 637
352 652
352 672
352 748
352 917
352 929
353 360
353 392
353 400
353 418
353 501
353 510
353 585
353 594
353 727
353 782
354 373
354 477
354 498
354 642
354 722
354 726
354 783
354 800
355 452
355 491
355 513
355 533
355 574
355 687
355 697
356 381
356 491
356 510
356 546
356 654
356 677
356 751
356 779
356 782
356 840
356 871
356 898
356 944
356 972
357 369
357 379
357 403
357 487
357 798
357 837
357 857
357 884
357 933
357 934
357 943
358 529
358 907
359 411
359 687
359 811
359 881
359 943
359 994
359 998
360 364
360 807
360 995
361 394
361 436
361 554
361 587
361 651
361 700
361 742
361 807
361 859
361 888
361 924
361 935
361 977
362 367
362 374
362 375
362 420
362 424
362 448
362 500
362 550
362 597
362 644
362 677
362 892
362 990
363 423
363 492
363 535
363 541
363 721
363 724
363 946
364 396
364 420
364 434
364 547
364 568
364 613
364 644
364 649
364 931
365 473
365 969
365 974
366 436
366 476
366 562
366 598
366 678
366 683
366 862
366 870
367 446
367 504
367 528
367 608
367 727
367 779
367 854
367 855
367 889
367 902
368 456
368 551
368 847
368 896
368 982
369 380
369 387
369 437
369 475
369 492
369 560
369 677
369 835
370 399
370 459
370 487
370 490
370 516
370 599
370 603
370 625
370 677
370 713
370 719
370 810
371 450
371 451
371 477
371 634
371 680
371 706
371 795
371 843
371 906
371 907
371 939
371 979
371 990
372 517
372 572
372 710
372 747
372 779
372 813
372 821
373 393
373 414
373 489
373 857
374 386
374 638
374 720
374 732
374 757
374 763
374 832
374 916
374 945
374 967
375 383
375 491
375 655
375 817
375 886
375 970
376 587
376 660
376 669
376 672
376 688
376 691
376 701
376 788
376 808
376 893
376 973
377 385
377 556
377 573
377 702
377 919
378 407
378 470
378 536
378 682
378 697
378 703
378 733
378 760
378 831
378 880
378 957
379 399
379 479
379 799
380 607
380 622
380 805
380 877
380 993
381 412
381 430
381 458
381 556
381 578
381 655
381 668
381 723
381 738
381 742
381 806
381 918
381 969
381 976
381 980
382 393
382 422
382 541
382 636
382 641
382 646
383 564
383 660
383 667
383 876
383 882
383 899
383 915
383 947
384 508
384 512
384 532
384 600
384 640
384 708
384 755
384 829
384 898
385 394
385 438
385 609
385 625
385 633
385 683
385 698
385 752
385 801
385 893
385 905
385 942
386 400
386 575
386 616
386 630
386 656
386 676
386 703
386 919
387 503
387 586
387 605
387 662
387 857
387 936
388 477
388 491
388 871
388 957
389 473
389 541
389 570
389 571
389 657
389 847
390 396
390 398
390 448
390 474
390 557
390 615
390 636
390 795
390 909
390 990
390 999
391 554
391 627
391 730
391 788
391 840
391 878
392 512
392 562
392 570
392 614
392 630
392 771
393 423
393 489
393 609
393 632
393 643
393 694
393 778
393 862
393 885
393 908
394 419
394 481
394 550
394 720
394 722
394 930
395 852
395 995
396 674
396 716
396 810
396 818
396 832
396 864
396 967
397 417
397 460
397 491
397 653
397 693
397 795
397 978
398 411
398 578
398 826
398 832
398 950
398 957
398 993
399 431
399 679
399 751
399 851
399 979
400 425
400 557
400 970
401 413
401 474
401 497
401 510
401 549
401 589
401 656
401 699
401 845
402 488
402 732
402 805
402 946
402 958
402 962
403 428
403 561
403 757
403 911
404 406
404 455
404 530
404 619
404 624
404 626
404 834
404 846
404 852
404 957
405 432
405 510
405 620
405 644
405 715
405 766
405 770
405 905
405 933
405 934
405 940
406 424
406 452
406 565
406 622
406 624
406 736
406 758
407 520
407 575
407 632
407 679
407 681
407 718
407 766
407 792
407 942
408 541
408 696
408 721
408 834
408 845
408 967
408 978
409 491
409 494
409 533
409 710
409 734
409 764
409 786
409 993
410 505
410 592
410 689
410 709
410 763
410 956
410 995
411 442
411 537
411 601
411 618
411 686
411 857
411 967
412 639
412 726
412 941
412 968
413 460
413 529
413 608
413 618
413 717
413 772
413 790
413 858
414 597
414 788
414 842
414 877
415 433
415 465
415 641
415 660
415 705
415 710
415 768
415 823
415 861
416 473
416 512
416 563
416 590
416 632
416 698
416 799
416 804
416 839
416 947
417 496
417 675
417 689
417 700
417 713
417 754
418 443
418 462
418 490
418 493
418 560
418 810
418 874
419 569
419 648
419 676
419 721
419 862
419 952
420 592
420 690
420 699
420 814
421 515
421 540
421 602
421 883
421 970
422 439
422 440
422 509
422 557
422 637
422 678
422 764
422 841
422 959
423 425
423 464
423 475
423 502
423 653
423 738
423 897
424 486
424 573
424 729
424 794
424 870
425 534
425 640
425 642
425 646
425 682
425 822
425 869
426 446
426 545
426 597
426 625
426 628
426 734
426 851
426 902
426 930
427 560
427 857
427 927
427 946
428 542
428 626
428 648
428 660
428 665
428 738
428 755
428 815
428 825
428 856
429 664
429 682
429 712
429 728
429 749
429 979
430 684
430 687
430 797
430 835
430 847
430 894
431 687
431 708
431 871
431 880
432 447
432 515
432 592
432 722
432 824
432 839
432 901
432 903
432 941
432 992
433 490
433 603
433 756
433 761
433 817
433 832
433 958
433 980
434 479
434 489
434 512
434 519
434 602
434 625
434 626
434 663
434 697
434 819
434 943
434 991
435 513
435 518
435 596
436 535
436 556
436 641
436 775
436 844
436 871
436 888
436 958
437 439
437 449
437 501
437 592
437 693
437 771
437 818
437 930
437 950
438 597
438 645
438 651
438 721
438 749
438 752
439 575
439 614
439 661
439 772
439 867
439 877
440 512
440 556
440 585
440 670
440 684
440 710
440 737
440 752
440 835
440 880
440 941
440 949
441 524
441 556
441 608
441 710
441 763
441 876
441 912
442 681
442 731
442 764
442 792
442 795
442 881
443 544
443 601
443 638
443 725
443 764
443 897
443 941
444 497
444 501
444 512
444 607
444 644
444 665
444 696
444 708
444 777
444 937
445 576
445 621
445 736
445 846
445 880
446 479
446 512
446 567
446 747
446 875
446 890
447 683
447 870
447 960
448 467
448 472
448 502
448 538
448 561
448 635
448 660
448 683
448 760
449 541
449 716
449 840
449 976
450 585
450 795
450 832
450 933
451 526
451 608
451 687
451 879
451 918
451 931
451 946
451 966
452 609
452 702
452 740
452 839
452 877
452 892
452 934
453 505
453 530
453 590
453 633
453 751
453 752
453 803
453 865
453 928
454 484
454 572
454 605
454 695
455 561
455 602
455 740
455 759
455 812
455 974
456 476
456 495
456 536
456 598
456 633
456 664
456 707
456 713
456 795
456 839
457 527
457 621
457 682
457 822
457 885
458 463
458 506
458 527
458 573
458 661
458 708
458 737
458 812
459 537
459 800
459 904
459 910
459 938
459 954
460 482
460 545
460 614
460 775
460 782
460 874
461 559
461 560
461 628
461 703
461 832
462 617
462 634
462 799
462 813
462 963
462 973
463 761
463 859
464 523
464 567
464 600
464 744
464 759
464 889
464 911
465 532
465 585
465 671
465 698
465 701
465 721
465 907
465 951
465 977
466 527
466 545
466 578
466 583
466 595
466 630
466 912
467 542
467 616
467 624
467 703
467 906
467 953
468 473
468 565
468 633
468 799
468 900
468 958
469 509
469 529
469 530
469 619
469 709
469 784
469 812
469 840
470 477
470 551
470 679
470 716
470 727
470 904
470 909
470 911
470 965
470 993
470 996
471 584
471 672
471 704
471 779
471 959
471 973
471 987
471 990
472 501
472 549
472 580
472 631
472 689
472 781
472 790
472 938
473 475
473 828
474 479
474 647
474 648
474 718
474 778
474 802
474 907
474 938
474 944
475 854
475 880
475 922
476 556
476 615
476 697
476 713
476 779
476 819
476 974
477 558
477 702
477 900
477 918
477 935
478 539
478 562
478 667
478 749
478 774
478 837
478 926
479 526
479 581
479 676
479 763
479 854
479 902
480 579
480 663
480 698
480 852
480 940
480 963
480 965
481 606
481 652
481 727
481 751
481 760
482 501
482 628
482 654
483 578
483 599
483 713
483 812
483 878
484 535
484 573
484 592
484 602
484 607
484 631
484 669
484 704
484 740
484 915
485 732
485 813
485 837
485 899
486 509
486 575
486 687
486 810
486 822
486 853
486 882
486 981
486 993
487 501
487 531
487 566
487 751
487 838
487 879
488 499
488 590
488 853
488 855
488 927
488 929
489 594
489 641
489 654
489 681
489 684
489 744
489 816
489 863
489 936
490 568
490 617
490 644
490 656
490 698
490 730
490 843
490 912
490 959
491 561
491 613
491 659
491 701
491 741
491 850
492 580
492 587
492 617
492 661
492 724
492 731
492 746
492 940
493 616
493 683
493 715
493 752
493 819
493 861
493 884
494 502
494 541
494 607
494 617
494 757
494 773
494 779
494 872
494 880
494 898
494 918
494 984
495 604
495 629
495 693
495 732
495 737
495 743
495 819
495 849
495 946
495 982
496 515
496 634
496 669
496 686
496 692
496 734
496 798
497 509
497 515
497 561
497 719
497 889
497 996
498 509
498 581
498 650
498 672
498 756
498 926
498 969
499 527
499 863
499 880
499 987
500 545
500 546
500 785
500 794
500 921
500 940
501 516
501 692
501 851
501 956
502 601
502 839
502 955
502 963
503 595
503 670
503 751
503 892
504 613
504 624
504 735
504 744
504 790
504 797
504 817
504 835
504 949
505 555
505 575
505 679
505 692
505 821
505 846
505 856
505 902
505 937
505 939
505 972
506 514
506 584
506 595
506 607
506 688
506 913
506 940
506 952
506 957
507 508
507 510
507 914
507 949
507 995
508 526
508 537
508 680
508 817
509 894
509 930
509 951
510 525
510 538
510 618
510 637
510 797
510 922
511 642
511 704
511 790
511 852
511 862
511 974
512 640
512 710
512 730
512 928
513 536
513 692
513 850
513 928
513 945
514 530
514 558
514 562
514 603
514 725
514 760
514 863
514 951
515 566
515 568
515 634
515 642
515 712
515 741
515 782
515 827
515 830
515 919
516 613
516 668
516 700
516 786
516 799
516 993
517 527
517 564
517 675
517 882
518 712
518 735
518 765
518 794
518 814
518 864
518 889
518 906
518 964
519 567
519 569
519 596
519 681
519 726
520 599
520 644
520 696
520 855
520 977
520 991
521 604
521 631
521 653
521 693
521 708
521 839
521 993
522 591
522 661
522 757
522 814
522 950
523 573
523 695
523 731
523 793
523 796
523 805
523 873
523 908
524 537
524 731
524 761
524 887
525 534
525 548
525 562
525 662
525 713
525 788
525 813
525 867
525 897
525 966
525 982
526 548
526 661
526 741
526 745
526 833
526 855
526 856
526 885
526 921
527 648
527 728
527 734
527 741
527 751
527 786
527 804
527 957
527 997
528 597
528 668
528 709
528 758
528 820
528 920
528 929
528 948
529 582
529 684
529 727
530 623
530 653
530 676
530 775
530 788
530 794
530 804
530 843
531 558
531 714
531 799
531 801
531 992
532 636
532 717
532 783
532 884
533 908
534 540
534 728
534 761
534 832
534 966
535 543
535 684
535 798
535 996
536 583
536 648
536 674
536 678
536 695
536 863
536 976
537 861
537 872
537 884
538 598
538 605
538 606
538 759
538 810
538 858
538 865
538 959
539 721
539 733
539 992
540 624
540 763
540 794
540 819
540 822
540 825
540 843
541 678
541 687
541 885
541 892
541 921
541 975
542 547
542 561
542 769
542 862
542 868
542 884
542 945
543 557
543 618
543 812
543 897
543 950
543 965
543 994
544 555
544 570
544 702
544 756
544 951
545 628
545 760
545 954
546 572
546 654
546 806
546 808
547 559
547 605
547 615
547 630
547 750
547 840
547 880
547 900
547 910
548 564
548 640
548 699
548 710
548 712
548 734
548 961
548 968
548 976
548 991
549 667
549 675
549 732
549 927
549 990
550 631
550 692
550 754
550 761
550 903
550 913
550 914
550 963
550 988
551 603
551 832
551 856
552 578
552 584
552 640
552 776
552 782
552 816
552 871
552 925
553 839
553 859
553 892
553 912
554 688
554 727
554 738
554 740
554 753
554 762
554 764
554 767
554 773
554 838
554 844
555 666
555 703
555 718
555 836
556 570
556 645
556 708
556 715
556 728
556 751
556 793
556 913
556 924
557 822
557 905
557 981
558 641
558 686
558 703
558 715
558 818
558 865
558 963
559 673
559 758
559 835
559 861
560 652
560 663
560 787
560 885
561 635
561 720
561 926
562 859
562 941
563 885
563 900
564 612
564 651
564 718
564 957
565 687
565 689
565 904
565 915
565 919
566 705
566 841
566 919
566 923
566 934
567 586
567 611
567 643
567 835
567 842
567 921
567 955
568 616
568 909
568 992
569 648
569 713
569 741
569 774
569 877
570 584
570 586
570 623
570 659
570 669
570 827
570 828
570 892
570 943
571 582
571 628
571 776
571 797
571 881
572 602
572 801
572 815
572 837
573 736
573 866
573 920
573 961
574 621
574 708
574 728
574 852
574 863
575 588
575 669
575 740
575 813
575 997
576 584
576 648
576 753
576 927
576 938
577 704
577 719
577 766
577 869
577 943
578 677
578 691
578 739
578 793
578 837
578 938
578 956
578 959
579 617
579 715
579 747
579 814
579 830
579 998
580 586
580 587
580 730
580 793
580 827
580 838
580 845
580 883
581 673
581 730
581 759
582 587
582 595
582 805
582 900
583 598
583 724
583 808
583 817
583 956
583 989
584 693
584 748
585 589
585 754
585 794
586 600
586 764
586 771
587 610
587 752
587 757
587 764
587 784
587 830
587 908
587 975
588 640
588 676
588 729
588 749
588 754
588 763
588 911
588 950
588 955
588 959
588 991
588 999
589 607
589 731
589 822
590 599
590 720
590 871
591 698
592 603
592 864
593 657
593 714
593 784
593 868
593 992
594 899
594 927
594 984
595 797
595 863
595 916
595 930
596 706
596 792
596 832
596 882
596 915
596 991
597 620
597 677
597 817
597 910
598 691
599 643
599 683
599 696
599 754
599 756
599 804
599 810
599 954
599 972
600 604
600 725
600 747
600 761
600 777
600 831
600 897
600 906
601 763
601 987
602 623
602 638
602 688
602 755
602 800
602 916
602 982
603 622
603 643
603 666
603 688
603 786
603 834
603 936
603 962
603 991
604 654
604 680
604 713
604 740
604 823
604 834
604 849
605 727
605 762
605 795
605 819
605 953
606 762
606 770
606 849
606 881
607 800
607 982
608 621
608 715
608 825
608 863
608 868
608 869
608 899
609 734
609 880
609 975
610 693
610 704
610 788
610 823
610 928
610 937
610 960
610 987
611 652
611 698
611 722
611 740
611 903
611 992
612 705
612 770
613 807
613 900
614 759
614 840
614 881
614 897
614 904
615 809
615 855
615 966
616 644
616 672
616 675
616 695
616 837
617 685
617 737
617 779
617 836
617 866
617 971
618 697
618 760
618 792
618 807
618 931
619 624
619 717
619 843
619 877
619 916
620 733
620 833
620 888
620 979
621 782
621 832
621 844
621 966
622 642
622 749
622 890
623 711
623 739
623 742
623 768
623 847
623 851
623 861
623 885
623 921
623 989
624 642
624 645
624 849
624 995
625 696
625 698
625 727
625 840
625 856
625 914
625 947
625 974
626 780
626 785
626 791
626 936
627 704
627 796
627 875
627 980
628 701
628 710
628 752
628 766
628 892
628 920
628 928
628 968
629 656
629 703
629 748
629 902
629 992
630 678
630 681
630 766
631 633
631 665
631 699
631 820
631 846
631 934
631 940
631 949
631 996
632 693
632 712
632 740
632 852
633 812
634 685
634 760
634 903
634 942
634 971
635 656
635 697
635 842
635 881
635 934
635 955
635 992
636 662
636 703
636 783
636 848
636 913
636 967
637 711
637 776
637 889
637 898
637 900
637 972
638 696
638 723
638 768
638 778
638 791
638 885
639 815
639 913
640 764
640 798
640 895
640 997
641 643
641 724
641 759
641 826
641 834
642 679
642 750
642 842
642 980
643 804
643 826
643 934
643 936
643 976
644 767
644 841
644 864
644 951
645 726
645 734
645 809
645 815
645 980
646 754
646 760
646 805
647 684
647 721
647 738
647 742
647 751
647 774
647 823
647 896
647 909
647 997
648 925
648 959
649 681
649 687
649 688
649 751
649 765
649 786
650 661
650 749
650 891
651 718
651 910
651 947
651 993
652 717
652 722
652 776
652 930
653 743
653 833
653 929
653 995
654 656
654 734
654 843
654 945
654 979
655 701
655 861
655 956
655 963
655 977
655 986
656 725
656 813
656 956
656 959
657 772
657 776
657 799
657 883
657 939
658 721
658 751
659 704
659 800
659 897
660 829
660 971
660 989
661 693
661 747
661 830
661 897
662 735
662 753
662 834
662 971
663 853
663 868
663 907
663 976
664 666
664 791
664 833
664 853
664 877
664 882
664 988
665 755
665 836
665 951
666 673
666 796
667 679
667 685
667 709
667 886
667 903
667 945
668 692
668 831
668 943
668 971
669 689
669 714
669 810
669 910
669 918
669 969
670 682
670 707
670 749
670 808
670 864
670 873
670 934
671 738
671 999
672 685
672 728
672 747
672 758
672 814
672 940
673 720
673 891
673 905
673 976
674 710
674 760
674 975
675 693
675 773
675 806
675 828
675 960
675 969
676 766
676 902
676 980
677 746
677 751
677 780
677 818
677 852
677 865
678 680
678 735
678 894
679 706
679 727
679 730
679 734
679 737
679 789
679 848
679 917
679 940
679 972
679 999
680 694
680 741
680 783
680 872
680 883
680 903
681 798
681 895
682 806
682 902
682 943
682 958
683 696
683 746
683 772
683 779
684 823
684 874
685 820
685 831
685 916
686 705
686 786
686 788
686 846
686 960
687 847
688 690
688 697
688 709
688 833
688 928
689 894
689 896
689 980
690 807
690 842
690 849
690 859
690 910
691 737
691 762
691 840
691 974
691 978
692 986
693 753
693 804
694 802
694 882
694 954
694 972
695 752
695 951
696 706
696 861
696 884
697 728
697 846
697 881
697 915
697 959
698 777
699 736
699 795
699 896
699 950
700 719
700 733
700 740
700 841
700 844
700 883
701 907
701 931
701 937
701 965
701 968
702 729
702 750
702 919
703 815
703 833
703 865
703 867
703 894
703 904
703 949
704 805
704 929
705 740
705 804
705 806
705 884
705 910
705 930
705 951
706 911
706 997
707 786
707 790
707 833
708 800
708 834
708 874
708 998
709 846
709 896
709 911
710 729
710 769
711 729
711 882
712 743
712 912
713 762
713 775
713 843
713 869
713 910
714 737
714 847
714 929
714 948
714 956
715 873
715 883
715 899
715 921
716 817
716 851
716 863
716 945
717 725
717 746
717 782
717 951
718 839
718 925
718 972
719 728
719 824
719 850
719 982
720 851
721 738
721 900
722 854
722 855
722 882
722 885
722 955
722 967
723 769
723 785
723 915
723 960
723 976
724 769
724 842
725 740
725 757
725 800
725 824
725 909
725 920
726 919
727 849
727 896
727 966
727 991
728 783
728 897
728 935
729 734
729 745
729 759
729 791
729 919
729 960
730 829
730 960
730 977
731 828
731 944
732 799
732 834
733 804
734 755
734 787
734 814
734 820
734 869
734 925
735 772
735 810
735 882
735 898
736 819
736 977
736 995
737 751
737 863
737 904
737 955
738 748
738 780
738 818
739 928
739 992
741 750
741 875
741 886
741 901
741 923
741 945
741 958
742 753
742 933
742 975
743 794
743 884
743 943
744 929
744 952
744 954
746 768
746 780
746 866
746 946
747 962
748 783
748 851
748 904
748 982
749 833
749 856
749 894
749 930
749 946
750 794
750 825
750 914
750 940
751 769
751 851
751 906
751 956
752 790
752 855
752 873
752 911
752 928
753 804
753 992
754 828
754 861
754 898
754 917
755 771
757 874
758 805
758 827
758 974
759 764
759 783
759 816
759 852
759 887
759 894
759 947
759 998
760 979
762 791
762 857
762 956
763 896
763 917
763 919
763 926
763 967
764 790
764 877
764 928
764 964
765 847
765 953
766 786
766 789
766 879
766 943
766 956
766 962
766 999
767 828
767 874
768 807
768 939
769 791
769 955
769 957
769 991
770 929
770 996
771 849
771 851
771 867
771 876
771 901
771 969
771 996
772 818
772 930
773 790
773 802
773 877
774 792
774 994
774 999
775 817
775 821
775 845
775 848
775 865
775 996
776 900
776 933
777 941
777 975
777 995
778 942
779 802
779 846
779 871
779 880
783 900
783 977
784 798
784 800
784 823
784 900
784 968
784 990
786 863
786 879
786 917
786 958
786 964
787 961
788 812
789 802
789 834
789 838
789 881
789 897
790 862
791 911
792 825
792 978
792 986
792 999
794 862
794 968
796 881
798 979
798 995
799 813
799 894
799 930
799 941
801 803
802 875
802 884
802 895
802 903
803 863
804 899
804 935
804 998
805 871
805 876
805 890
805 995
806 877
806 897
806 903
807 811
808 904
808 913
808 967
808 997
809 832
810 936
810 957
811 846
811 873
811 903
811 976
814 831
815 832
815 898
815 925
816 846
816 863
816 925
816 929
817 989
819 833
821 953
822 955
823 833
823 964
823 971
824 826
824 957
825 886
826 882
826 960
826 985
827 925
828 849
828 872
829 934
829 991
830 894
830 951
830 988
831 921
832 844
832 897
832 951
832 968
833 841
834 883
834 938
835 925
835 933
835 945
836 855
836 977
837 893
838 897
838 929
839 921
839 923
839 993
840 982
840 995
841 876
842 880
842 975
843 894
843 991
844 852
844 863
844 945
845 904
846 946
846 998
847 894
847 904
849 867
849 926
849 955
849 973
850 948
850 966
850 972
852 870
852 958
853 932
853 956
854 873
854 911
854 985
855 880
855 893
855 951
855 996
856 858
856 955
856 970
856 986
856 994
858 897
859 914
859 981
859 982
860 940
860 989
861 936
861 968
861 996
861 999
862 936
863 999
864 977
865 899
865 926
865 927
865 931
865 944
865 949
865 957
866 879
866 950
867 930
868 885
870 918
870 992
872 929
872 954
872 979
873 930
875 981
876 939
878 902
878 984
880 934
881 884
881 899
881 990
883 917
883 940
884 890
884 963
885 989
886 962
887 949
887 984
888 920
889 918
889 922
889 981
890 967
892 980
893 957
893 964
894 924
895 904
895 921
895 979
896 935
897 913
897 984
898 970
898 994
900 901
900 935
901 927
902 907
903 932
903 946
903 959
903 992
904 976
905 930
907 948
908 995
911 943
911 965
912 965
913 951
915 984
915 999
918 935
920 988
921 983
921 989
925 941
925 948
925 989
926 950
927 955
928 934
929 948
929 953
930 965
931 948
935 984
936 965
939 943
939 948
939 950
940 989
943 976
944 988
944 990
945 951
947 956
947 960
947 964
948 981
949 980
952 967
954 995
955 996
956 995
967 979
977 996
980 988
983 984
987 990
