0
1000
3741
0
1
0
0 84
0 242
0 305
0 460
0 572
0 725
0 759
0 923
0 945
1 358
1 464
1 967
2 438
2 565
2 827
2 885
2 917
2 993
3 176
3 200
3 528
3 848
4 513
4 584
4 634
4 684
4 731
4 823
5 263
5 479
5 788
5 789
5 824
6 72
6 101
6 133
6 358
6 377
6 401
6 452
6 687
6 749
6 801
6 883
6 894
7 184
7 229
7 733
7 851
8 107
8 453
8 510
8 735
8 763
8 766
8 770
8 785
8 909
8 938
8 998
9 189
9 317
9 379
9 449
9 451
9 510
9 634
9 705
9 797
9 830
9 871
10 166
10 300
10 448
10 455
10 948
11 103
11 223
11 704
11 705
11 777
12 40
12 169
12 212
12 366
12 530
12 679
12 688
12 807
12 987
13 123
13 174
13 321
13 359
13 434
13 445
13 598
13 715
14 27
14 166
14 254
14 292
14 330
14 428
14 594
14 709
14 881
14 898
14 923
14 949
15 187
15 445
15 447
15 654
15 816
15 943
16 460
16 507
16 605
16 657
16 787
16 827
17 449
17 696
17 724
17 828
17 991
18 259
18 355
18 765
18 845
19 144
19 180
19 198
19 239
19 347
19 375
19 826
19 833
19 884
19 958
19 995
20 23
20 144
20 391
20 410
20 430
20 574
20 630
20 653
20 744
21 76
21 169
21 445
21 454
21 518
21 581
21 714
21 914
22 64
22 98
22 446
22 482
22 645
22 769
22 836
22 856
22 904
23 213
23 278
23 497
23 960
24 31
24 127
24 198
24 218
24 417
24 445
24 448
24 654
24 764
24 767
25 176
25 177
25 195
25 518
26 273
26 342
26 689
26 785
27 46
27 76
27 196
27 480
27 761
27 770
27 958
28 273
28 402
28 506
28 619
28 872
28 934
29 112
29 395
29 634
29 794
29 815
29 860
29 892
30 369
30 384
30 557
30 757
30 840
30 979
31 458
31 472
31 618
31 770
31 910
32 206
32 222
32 276
32 480
32 714
32 819
32 866
32 919
32 926
32 933
33 293
33 329
33 340
33 414
33 769
34 60
34 396
34 511
34 702
34 931
35 245
35 649
35 707
35 725
35 789
36 145
36 221
36 389
36 394
36 465
36 556
36 635
36 709
37 236
37 338
37 386
37 515
37 639
37 707
37 712
37 864
37 874
38 178
38 210
38 232
38 317
38 433
38 929
39 201
39 411
39 466
39 497
39 511
39 551
39 572
39 828
39 844
39 961
40 140
40 177
40 181
40 244
40 287
40 303
40 415
40 643
40 719
41 100
41 140
41 296
41 319
41 520
41 528
41 735
41 957
41 961
41 993
42 244
42 519
42 549
42 642
42 747
42 914
43 83
43 111
43 114
43 362
43 609
43 668
43 684
43 728
43 769
43 773
43 933
44 214
44 263
44 339
44 490
44 511
44 554
44 661
44 688
44 884
45 68
45 72
45 102
45 140
45 203
45 431
46 577
46 881
47 113
47 266
47 276
47 335
47 359
47 469
47 656
47 714
47 991
48 483
48 627
48 791
48 948
49 144
49 368
49 373
49 647
49 771
49 882
50 265
50 406
50 446
50 583
50 770
50 915
51 266
51 374
51 404
51 468
51 601
51 696
51 850
51 976
52 129
52 145
52 205
52 281
52 486
52 744
52 830
52 898
53 241
53 365
53 439
53 648
54 145
54 269
54 490
54 576
54 609
54 843
54 867
55 318
55 628
55 789
55 993
56 317
56 323
56 357
56 503
56 637
56 747
56 789
56 806
56 927
57 73
57 150
57 238
57 439
57 560
57 714
57 937
58 189
58 409
58 473
58 549
58 645
58 671
58 684
58 895
59 85
59 299
59 429
59 508
59 748
59 827
60 233
60 242
60 262
60 347
60 362
60 596
60 797
60 870
60 962
61 332
61 350
61 691
61 709
61 846
61 853
62 99
62 187
62 208
62 221
62 309
62 429
62 452
62 467
62 673
62 845
62 903
62 959
63 89
63 109
63 195
63 915
63 936
64 107
64 143
64 263
64 441
64 489
64 710
64 916
64 938
65 93
65 178
65 306
65 685
65 691
65 761
66 163
66 192
66 232
66 279
66 428
66 582
66 710
66 718
66 729
66 749
66 902
67 329
67 389
67 725
67 970
68 221
68 383
68 500
68 697
68 815
68 932
69 238
69 289
69 375
69 437
69 543
69 573
69 881
70 76
70 102
70 226
70 303
70 425
70 497
70 510
70 741
70 939
70 965
71 109
71 309
71 323
71 498
71 586
71 679
71 785
72 109
72 143
72 286
72 304
72 394
72 731
72 772
72 820
73 307
73 456
73 485
73 489
73 567
73 722
73 768
73 963
74 109
74 131
74 228
74 367
74 382
74 440
74 441
74 503
74 563
74 628
74 778
74 861
74 875
74 926
75 95
75 274
75 503
75 716
75 761
75 786
75 796
75 869
75 922
75 956
76 80
76 286
76 361
76 777
76 972
77 567
77 590
77 843
77 847
78 316
78 319
78 335
78 347
78 400
78 587
78 699
78 865
79 240
79 445
79 892
79 997
80 105
80 240
80 436
80 467
80 494
80 499
80 650
80 812
80 927
81 296
81 333
81 494
81 607
81 989
81 998
82 247
82 261
82 287
82 399
82 478
82 570
82 695
82 704
82 741
82 951
82 978
83 120
83 291
83 534
83 642
83 682
83 947
84 356
84 388
84 786
84 812
84 962
85 316
85 357
85 469
85 554
85 828
86 440
86 470
86 584
86 711
86 837
86 923
86 927
86 992
87 284
87 578
87 667
87 685
87 891
87 896
88 628
88 748
88 966
89 189
89 264
89 707
90 191
90 331
90 655
90 675
90 981
91 350
91 383
91 483
91 512
91 751
92 128
92 266
92 298
92 347
92 360
92 452
92 735
92 844
92 869
92 879
93 316
93 356
93 391
93 523
93 622
93 685
93 710
93 790
93 860
93 885
93 914
94 96
94 190
94 338
94 617
94 666
94 828
94 883
95 247
95 276
95 387
95 465
95 470
95 651
95 672
95 677
95 834
95 867
95 886
95 965
96 446
96 473
96 776
96 840
97 190
97 311
97 334
97 584
97 695
97 750
97 981
97 999
98 363
98 396
98 578
98 698
98 758
98 972
99 150
99 182
99 519
99 968
100 159
100 161
100 212
100 272
100 326
100 336
100 379
100 556
101 439
101 648
101 925
102 395
102 470
102 658
102 685
102 721
102 772
103 261
103 361
103 645
103 831
104 143
104 242
104 356
104 793
104 876
105 258
105 431
105 625
105 784
105 791
105 898
106 197
106 256
106 508
106 543
106 693
106 880
107 220
107 399
107 457
107 527
107 871
107 928
107 976
108 270
108 296
108 537
108 625
108 670
108 862
109 272
109 394
109 648
109 874
109 888
110 160
110 433
110 784
110 903
110 974
111 134
111 267
111 298
111 374
111 450
111 496
111 519
111 564
111 587
111 730
111 759
111 798
111 862
111 972
111 979
111 995
112 163
112 297
112 360
112 395
112 644
112 648
112 966
112 998
113 121
113 219
113 279
113 613
113 624
113 678
113 728
113 819
113 952
114 231
114 426
114 568
114 696
114 790
114 814
114 922
115 124
115 239
115 309
115 350
115 593
115 793
115 851
116 130
116 281
116 318
116 367
116 373
116 494
116 551
116 663
116 700
116 847
116 914
116 978
117 599
117 610
117 637
117 724
117 812
117 883
117 917
117 976
117 987
118 250
118 321
118 342
118 415
118 877
118 888
118 929
118 998
119 259
119 361
119 483
119 503
119 563
119 867
120 225
120 333
120 335
120 360
120 676
120 719
120 902
120 920
121 201
121 223
121 521
121 541
121 545
121 597
121 746
121 857
122 237
122 265
122 268
122 297
122 312
122 438
122 500
122 622
122 975
123 211
123 336
123 416
123 715
123 812
124 134
124 324
124 373
124 763
125 338
125 514
125 718
125 784
125 822
126 148
126 202
126 267
126 370
126 515
126 949
126 988
127 144
127 147
127 158
127 501
127 682
127 704
127 784
127 823
127 929
128 165
128 226
128 458
128 889
129 288
129 292
129 304
129 365
129 562
129 621
129 813
130 133
130 271
130 613
130 744
130 780
130 971
131 296
131 392
131 430
131 503
131 718
131 903
131 927
132 201
132 563
132 594
132 634
132 798
133 197
133 230
133 438
133 503
133 713
133 775
133 813
133 897
133 972
133 994
134 148
134 245
134 306
134 436
134 452
134 655
134 897
134 953
135 267
135 425
135 701
135 703
135 746
135 767
135 886
135 893
135 956
136 231
136 314
136 566
136 637
136 644
136 884
137 237
137 334
137 438
137 639
137 855
138 241
138 347
138 645
138 688
138 821
138 834
138 861
138 953
138 957
138 971
139 141
139 200
139 258
139 400
139 476
139 647
139 739
139 900
139 974
140 156
140 299
140 346
140 352
140 415
140 444
140 697
140 918
140 968
141 451
141 913
142 191
142 546
142 786
142 842
142 882
142 895
143 365
143 672
143 944
144 307
144 343
144 403
144 405
144 546
144 625
144 650
145 156
145 241
145 369
145 490
145 601
145 718
145 722
145 893
145 984
146 197
146 226
146 534
146 568
146 833
146 848
147 172
147 236
147 480
148 153
148 192
148 305
148 480
148 490
148 514
148 636
148 660
148 756
149 363
149 531
149 622
150 404
150 641
150 896
150 981
151 531
151 722
151 730
151 951
152 200
152 419
152 622
152 665
152 688
152 855
152 901
152 902
153 259
153 306
153 344
153 429
153 522
153 576
153 730
153 757
153 854
154 163
154 185
154 358
154 955
154 962
155 326
155 350
155 446
155 454
155 539
155 542
155 715
155 753
155 952
156 190
156 204
156 298
156 626
156 704
156 721
156 722
156 813
156 909
156 924
157 349
157 508
157 751
158 334
158 502
158 511
158 580
158 600
158 713
158 784
158 801
158 849
159 311
159 315
159 623
159 963
160 281
160 333
160 441
160 635
160 665
160 874
160 900
161 255
161 748
161 894
161 929
162 208
162 243
162 358
162 679
162 802
162 836
162 868
162 908
163 389
163 394
163 419
163 453
163 589
163 678
163 704
163 839
164 274
164 281
164 311
164 350
164 618
164 654
164 711
164 745
164 773
164 776
164 798
165 363
165 588
165 675
165 799
166 276
166 535
166 599
166 614
166 864
167 555
167 667
167 746
167 843
167 848
167 915
168 252
168 336
168 543
168 554
168 770
169 253
169 424
169 646
170 628
170 643
170 773
170 881
170 942
171 297
171 393
171 589
171 642
171 675
172 213
172 442
172 654
172 780
172 854
172 932
173 248
173 667
174 186
174 232
174 345
174 710
174 714
174 948
174 950
175 216
175 538
175 740
175 769
175 801
175 900
175 968
176 192
176 253
176 405
176 840
176 854
176 878
176 940
176 998
177 178
177 372
177 453
177 695
177 936
178 182
178 315
178 405
178 593
178 630
178 880
178 914
178 987
179 234
179 262
179 320
179 337
179 609
179 615
179 671
179 972
180 470
180 603
181 223
181 229
181 539
181 745
181 781
181 821
181 983
182 334
182 750
182 775
183 236
183 338
183 428
183 535
184 575
184 789
184 863
185 538
185 686
185 782
186 288
186 365
186 411
186 417
186 644
186 713
186 727
186 992
187 387
187 448
187 503
187 878
187 894
188 353
188 490
188 662
189 213
189 544
189 973
190 203
190 428
190 621
190 745
190 822
190 920
191 210
191 579
191 715
191 877
191 930
191 957
192 283
192 452
192 470
192 509
193 329
193 373
193 713
193 933
193 944
194 300
194 595
194 602
194 669
194 728
194 887
194 951
195 204
195 329
195 593
195 743
195 834
195 874
195 886
196 288
196 315
196 476
196 511
196 573
196 585
197 556
197 720
197 918
197 985
198 206
198 235
198 360
198 632
198 741
198 858
198 893
198 935
199 274
199 323
199 362
199 907
200 237
200 260
200 359
200 409
200 958
201 296
201 364
201 390
201 403
201 412
201 509
201 545
201 673
201 748
202 440
202 645
202 822
203 283
203 362
203 394
203 396
203 400
204 236
204 527
204 536
204 631
204 723
204 874
205 242
205 248
205 253
205 311
205 449
205 534
205 685
205 884
205 899
205 908
206 611
206 984
206 986
207 505
207 796
207 812
207 835
207 860
207 962
208 223
208 468
208 577
208 680
209 313
209 444
209 545
209 650
209 674
209 707
209 763
210 307
210 539
210 582
210 618
210 779
210 837
210 878
211 500
211 609
211 672
211 937
212 563
212 700
212 880
212 881
212 965
213 333
213 367
213 584
213 859
213 932
213 973
214 339
214 494
214 639
214 789
214 795
214 799
214 880
215 243
215 300
215 428
215 476
215 698
215 936
215 954
215 960
216 243
216 625
216 945
216 953
216 995
217 677
217 782
217 935
218 304
218 316
218 462
218 481
218 534
218 795
218 835
218 988
219 228
219 279
219 828
219 949
220 275
220 502
220 755
221 531
221 925
222 536
222 671
222 787
222 967
223 224
223 348
223 488
223 583
223 738
223 747
223 787
223 805
224 283
224 286
224 388
224 394
224 446
224 453
224 484
224 662
224 906
224 910
224 998
225 254
225 321
225 380
225 494
225 559
225 582
225 607
225 695
225 739
225 783
225 831
225 929
226 294
226 321
226 383
226 835
226 846
226 945
226 951
227 336
227 955
228 431
228 772
228 832
228 869
228 886
228 907
229 341
229 530
229 586
229 714
229 902
229 925
229 959
229 996
230 249
230 296
230 578
230 637
230 798
230 854
230 938
231 267
231 302
231 331
231 409
231 514
232 318
232 356
232 456
232 487
232 492
232 558
232 679
232 807
232 857
232 930
232 943
233 325
233 349
233 373
233 502
233 542
233 574
233 598
233 698
233 878
233 993
234 391
234 420
234 816
235 676
236 337
236 349
236 360
236 558
236 964
236 980
237 380
237 381
237 436
237 459
237 496
237 530
237 536
237 583
237 902
238 407
238 631
238 650
238 675
238 908
239 270
239 294
239 418
239 483
239 612
239 684
239 742
239 783
239 838
239 853
240 345
240 543
240 627
240 795
240 867
240 967
241 285
241 291
241 328
241 500
241 578
241 590
241 745
241 771
241 987
242 534
243 458
243 691
243 740
243 809
243 975
244 346
244 415
244 576
244 738
244 927
245 382
245 401
245 625
245 661
245 711
245 751
245 831
245 920
246 441
246 467
246 600
246 617
246 888
246 926
246 928
247 461
247 480
247 497
247 582
247 639
247 641
247 687
247 828
247 841
247 964
247 987
248 315
248 365
248 538
248 915
248 921
249 378
249 526
249 661
249 821
249 888
249 908
249 949
250 469
250 569
250 571
250 718
251 348
251 468
251 544
251 555
251 676
251 703
251 721
251 763
251 788
252 392
252 401
252 498
252 501
252 639
252 868
253 347
253 519
253 687
253 898
253 979
254 414
254 530
254 749
254 876
254 934
255 333
255 334
255 393
255 409
255 440
255 533
255 602
255 632
255 656
255 772
255 814
256 283
256 346
256 466
256 500
256 686
257 323
257 393
257 547
257 672
258 492
258 596
259 437
259 642
259 741
259 989
260 469
260 681
260 844
260 880
261 504
261 532
261 567
262 267
262 365
262 413
262 574
262 637
262 705
262 871
262 930
263 337
263 377
263 445
263 524
263 529
263 691
263 788
264 470
264 521
264 594
264 807
264 825
265 530
265 791
266 275
266 374
266 544
266 754
266 858
266 879
266 894
266 989
267 376
267 447
267 765
267 818
268 285
268 468
268 511
268 654
268 866
268 876
268 972
269 470
269 618
269 927
270 286
270 444
270 543
270 591
270 645
270 646
270 683
270 760
270 779
270 828
270 967
271 372
271 394
271 413
271 470
271 593
271 604
271 610
271 822
271 920
272 738
272 779
272 849
272 860
272 921
273 331
273 957
274 300
274 374
274 582
275 340
275 441
275 599
275 764
276 326
276 602
276 732
276 781
276 854
276 924
276 964
277 850
277 910
278 634
278 843
278 860
279 311
279 370
279 432
279 488
279 581
279 605
280 307
280 328
280 370
280 381
280 712
280 810
281 314
281 459
281 666
281 778
282 340
282 413
282 469
282 572
282 677
282 690
282 805
283 515
284 537
284 646
284 694
284 719
284 906
285 391
285 409
285 485
285 574
285 647
285 979
286 348
286 617
287 394
287 743
287 767
288 327
288 541
288 660
288 664
288 686
288 973
289 357
289 459
289 483
289 506
289 716
289 905
290 403
290 416
290 619
290 703
290 875
290 934
291 328
291 348
291 596
291 610
291 785
291 874
291 910
291 929
291 967
291 983
292 368
292 498
292 519
292 615
292 648
292 774
292 956
293 339
293 347
293 635
293 729
293 853
293 885
293 941
293 961
293 979
294 329
294 335
294 459
294 532
294 764
294 777
294 845
295 684
295 787
295 888
295 923
295 974
295 975
296 298
296 390
296 592
296 726
296 769
296 861
296 891
297 512
297 648
297 679
297 863
298 347
298 420
298 440
298 710
298 808
298 913
298 934
299 408
299 487
299 548
299 996
300 723
300 797
300 970
300 972
301 751
301 864
302 345
302 508
302 561
302 674
302 777
303 433
303 702
303 778
303 810
303 960
303 978
304 332
304 353
304 437
304 641
304 727
304 905
304 912
304 997
305 364
305 470
305 764
305 862
305 931
306 393
306 412
306 460
306 531
306 562
306 643
306 741
306 913
306 956
306 988
307 338
307 479
307 524
307 538
307 653
307 751
308 332
308 388
308 529
308 571
308 774
308 815
308 889
309 420
309 425
309 488
309 717
309 769
309 873
309 899
310 378
310 481
310 570
310 700
310 743
310 829
311 495
311 646
311 660
312 377
312 416
312 496
312 630
312 695
312 699
312 783
312 913
313 495
313 868
313 887
313 940
314 339
314 536
314 559
314 607
314 730
314 818
314 995
315 487
315 500
315 763
315 934
315 989
316 341
316 393
316 413
316 727
317 544
317 792
318 440
318 488
318 809
319 590
319 786
319 846
320 407
320 507
320 751
320 819
321 552
321 762
321 875
321 898
322 360
322 430
322 598
322 734
322 962
323 380
323 551
323 681
323 894
324 637
324 879
324 938
325 575
325 598
325 704
325 716
325 830
325 922
326 377
326 623
326 657
326 871
327 358
327 600
327 748
327 845
328 341
328 348
328 357
328 419
328 550
328 577
328 755
328 776
328 961
328 988
329 397
329 529
329 770
330 399
330 455
330 648
330 676
330 759
330 783
331 372
331 386
331 762
332 351
332 516
332 541
332 573
332 748
333 555
333 576
333 587
333 702
333 765
333 797
334 348
334 581
334 582
334 651
335 551
335 768
335 859
335 884
335 990
336 644
337 358
337 524
337 551
337 609
337 777
337 834
337 902
337 978
338 348
338 767
338 812
339 540
339 545
339 781
339 849
339 906
339 911
340 525
340 703
340 784
340 886
340 968
341 362
341 453
341 889
341 954
342 429
342 676
343 683
343 691
343 767
343 917
343 947
344 437
344 439
344 583
344 840
344 994
345 475
345 714
345 731
345 856
346 392
346 456
346 538
346 664
346 719
346 830
346 854
346 916
347 674
347 978
348 388
348 402
348 434
348 480
348 544
348 973
349 567
349 829
349 869
349 888
350 429
350 460
350 565
350 834
351 428
351 582
351 831
351 850
351 996
352 534
352 620
352 684
352 854
352 873
353 359
353 392
353 915
353 928
354 600
354 856
354 894
354 919
355 373
355 421
355 424
355 447
355 462
355 490
355 493
355 888
356 416
356 593
356 603
356 658
356 819
356 926
356 990
357 364
357 395
357 465
357 553
357 681
357 880
358 601
358 758
358 851
359 457
359 475
359 601
359 681
359 726
359 848
359 938
359 966
359 993
360 496
360 644
360 813
360 898
360 960
361 365
361 437
361 528
361 580
361 604
361 633
361 878
362 865
362 874
363 471
364 457
364 689
364 836
364 843
364 953
364 973
365 610
365 626
365 643
365 910
366 546
366 548
366 637
366 729
366 737
366 865
366 867
366 921
366 929
367 424
367 441
367 455
367 886
367 890
368 700
368 821
368 874
369 389
369 419
369 588
369 597
369 894
370 401
370 448
370 605
370 631
370 693
370 808
370 915
371 390
371 592
371 642
371 704
371 741
371 915
371 932
371 942
372 584
372 913
373 529
373 537
373 545
373 657
373 707
374 437
375 502
375 722
376 495
376 670
376 742
376 794
377 468
377 475
377 517
377 537
378 395
378 809
378 986
379 417
379 664
379 910
379 991
380 458
380 506
380 560
380 615
380 693
380 949
381 485
381 581
381 625
381 786
382 649
382 994
383 449
383 599
383 607
383 740
383 990
384 667
384 841
384 859
384 899
384 952
385 433
385 501
385 897
386 499
386 601
386 689
386 875
387 398
387 452
387 637
387 681
387 818
388 449
388 657
388 881
389 396
389 430
389 532
389 542
389 671
389 785
389 995
390 402
390 426
390 504
390 541
390 675
390 807
390 837
391 405
391 471
391 519
391 547
391 645
391 910
391 940
392 681
393 430
393 464
393 617
393 806
393 884
393 890
393 939
393 975
394 418
394 463
394 549
394 590
394 701
394 772
395 615
395 715
395 801
395 837
396 516
396 559
396 744
396 851
396 942
397 553
397 575
397 730
397 936
397 999
398 457
398 590
398 616
398 643
398 998
399 442
399 575
399 660
399 699
399 729
399 977
400 674
400 675
400 799
400 847
400 874
400 950
401 508
401 549
401 554
401 588
401 589
401 686
401 727
402 873
402 908
402 977
403 449
403 496
403 497
403 590
403 651
403 703
403 845
404 426
404 603
404 624
404 817
404 895
404 910
405 609
405 900
406 416
406 437
406 608
406 688
406 924
407 431
407 646
407 882
408 424
408 445
408 483
408 520
408 627
408 711
408 755
408 763
408 815
409 495
409 549
409 621
409 878
409 978
410 488
410 540
410 580
410 814
410 833
411 526
411 555
412 692
412 956
413 541
413 834
413 847
413 848
413 856
413 926
413 961
413 998
414 561
414 623
414 834
415 930
416 508
416 554
416 647
416 693
416 728
417 669
417 700
417 716
417 727
417 952
418 457
418 508
418 515
418 801
419 504
419 788
420 716
420 764
420 858
420 868
421 518
421 585
421 769
421 943
422 433
422 551
422 953
423 432
423 436
423 596
423 629
423 808
424 581
424 731
424 774
424 799
425 500
425 526
425 773
425 775
425 803
425 845
426 491
426 599
426 608
427 484
427 533
427 761
428 700
428 726
428 738
428 865
428 899
429 838
430 647
430 835
430 881
430 923
431 480
431 488
431 550
431 600
431 648
432 445
432 468
432 579
432 862
433 537
433 604
433 622
433 749
433 953
434 584
434 721
434 850
434 859
434 939
435 507
435 667
435 902
435 990
436 698
436 733
436 844
436 925
437 461
437 610
438 474
438 550
438 553
438 719
438 882
438 940
439 493
439 637
439 688
439 776
439 880
440 764
440 804
440 839
440 889
440 898
440 932
441 460
441 477
441 485
441 504
441 560
441 710
441 722
441 983
442 471
442 542
443 802
443 835
443 970
443 998
444 446
444 462
444 475
444 568
444 582
444 823
444 832
445 535
445 696
445 941
445 954
446 580
446 976
447 560
447 564
447 781
447 789
447 817
447 827
447 854
447 949
448 582
448 627
448 646
448 710
448 822
448 829
448 978
449 491
449 496
449 775
450 796
451 633
452 474
452 652
452 728
452 743
452 847
452 999
453 510
453 596
453 739
453 991
454 726
455 479
455 578
455 700
455 967
455 975
456 679
456 761
456 848
456 887
457 678
458 521
458 825
458 993
459 473
459 811
459 895
459 941
460 533
460 672
460 861
461 845
461 908
461 974
462 627
462 920
463 534
463 612
463 764
463 843
463 862
463 868
464 477
464 549
464 628
464 785
465 514
465 887
466 493
466 708
466 978
467 613
467 887
467 958
468 480
468 489
468 692
468 784
469 679
469 989
470 534
471 496
471 985
472 613
473 479
473 557
473 629
473 666
473 835
473 950
473 951
473 963
474 578
474 784
475 601
475 607
475 683
475 688
475 698
475 863
476 486
476 647
476 794
476 851
476 906
476 987
477 479
477 513
477 514
477 535
477 620
477 779
477 817
477 842
477 886
477 977
478 781
478 799
478 837
478 848
478 896
478 989
479 619
479 740
479 805
480 554
480 619
480 636
480 675
480 680
480 754
480 778
480 829
480 974
480 987
481 580
482 494
482 677
482 733
482 796
482 887
482 999
483 643
483 754
483 827
483 898
483 918
484 492
484 727
484 926
485 501
485 535
485 647
485 705
485 789
485 908
485 930
486 526
486 624
486 634
486 760
488 522
488 635
488 792
488 873
488 941
489 719
489 985
489 996
490 654
490 666
490 678
490 680
490 749
491 553
491 689
491 709
491 885
491 903
492 510
492 534
492 764
492 844
492 909
494 707
494 728
495 530
495 586
495 743
495 935
496 618
496 687
496 831
496 846
496 852
497 525
497 661
498 567
498 581
498 722
498 967
498 995
499 549
499 971
500 790
500 818
500 864
500 884
501 607
501 839
502 526
502 617
502 640
502 661
503 619
503 818
504 646
504 651
504 804
504 849
504 886
504 985
505 633
505 703
505 813
505 865
505 870
505 978
506 663
507 633
507 689
507 744
507 868
508 518
508 873
509 536
509 598
509 880
509 934
510 554
510 566
510 590
510 670
510 687
510 879
510 881
511 586
511 768
511 948
511 970
511 989
512 528
512 550
512 745
512 841
512 864
512 893
512 922
512 947
513 639
513 677
513 759
513 957
514 544
514 557
514 634
514 664
514 898
514 962
514 973
515 817
516 550
516 767
516 962
517 536
517 581
517 764
517 803
517 963
518 582
518 592
518 655
518 735
518 737
518 777
518 973
518 996
519 721
519 743
519 819
519 922
519 988
520 917
521 559
521 581
521 597
521 748
521 813
522 707
522 776
522 795
522 848
522 927
522 980
523 538
523 668
523 693
523 916
524 626
524 628
524 771
524 798
524 995
525 599
525 769
525 909
526 585
526 898
526 994
527 562
527 700
527 813
527 962
528 772
529 733
529 942
530 630
530 779
530 928
531 575
531 842
532 921
533 780
534 577
534 695
534 908
535 539
535 637
535 654
535 752
535 825
535 872
535 946
536 643
536 765
536 831
537 747
537 995
538 675
538 700
538 743
538 987
539 686
540 737
540 764
540 794
541 698
541 751
541 853
541 902
542 664
542 690
542 860
542 987
543 550
543 656
543 714
543 857
544 646
544 719
544 995
545 564
545 592
545 795
545 890
546 727
546 857
547 825
547 967
548 563
548 672
548 697
548 897
549 684
549 721
550 591
550 639
550 732
551 602
551 794
551 860
551 987
552 657
552 732
552 865
552 898
553 653
553 679
553 827
553 997
554 623
554 778
554 856
554 937
554 993
555 677
555 867
555 922
556 575
556 644
556 726
556 995
557 564
557 777
557 806
557 908
558 645
558 749
558 857
559 688
559 802
559 859
559 974
560 641
560 745
560 915
561 563
561 740
561 800
562 833
562 998
563 658
563 664
563 703
564 626
564 737
564 846
565 611
565 788
566 640
566 656
566 659
566 947
566 964
567 651
567 794
567 995
568 573
568 578
568 641
568 664
568 758
568 988
569 606
569 610
569 651
569 705
569 737
569 770
569 774
570 575
571 960
572 809
573 670
573 910
573 925
574 619
574 637
574 715
574 795
574 815
574 839
574 954
575 643
575 678
575 867
575 904
576 799
576 935
577 618
577 687
577 688
577 717
577 882
578 620
578 660
578 707
578 760
578 820
578 882
578 898
578 964
579 784
579 972
580 589
580 686
581 686
581 825
581 830
581 835
581 875
582 899
583 884
583 955
584 620
584 675
584 747
585 602
585 627
585 629
585 756
585 943
586 594
586 616
586 635
587 600
587 674
588 841
588 882
588 991
589 745
589 795
590 667
590 730
590 772
590 776
590 780
590 999
591 609
591 706
591 722
591 812
592 633
592 698
592 856
592 924
592 934
592 954
592 986
593 605
593 681
593 706
593 849
594 742
595 648
595 895
595 979
595 994
596 902
596 941
596 987
597 625
597 696
597 723
597 729
597 938
598 669
598 687
598 788
598 853
598 900
598 911
599 614
599 742
599 822
600 855
601 621
601 641
601 663
601 706
601 785
601 886
601 928
601 957
602 719
602 843
603 652
603 851
603 947
604 606
604 630
605 743
605 814
605 884
606 616
606 689
607 794
607 796
608 934
609 864
609 892
609 895
609 897
610 798
610 932
610 963
610 990
611 628
611 742
611 868
611 950
611 968
612 753
612 931
613 821
613 941
614 739
614 763
614 788
614 912
615 670
615 692
615 929
615 949
616 737
616 799
616 896
617 962
618 632
618 657
618 718
619 848
620 681
620 847
620 978
621 698
621 822
621 854
622 704
622 784
623 776
624 651
624 691
624 704
624 875
624 958
626 650
627 669
627 690
627 702
627 958
627 974
628 662
628 924
630 948
631 917
632 803
632 812
632 847
633 663
633 883
634 681
634 806
634 826
634 925
634 959
635 709
635 817
635 929
636 716
636 958
637 762
637 794
637 823
638 641
638 741
638 965
639 702
639 762
639 786
639 934
639 955
640 669
640 716
640 813
640 852
640 911
641 742
641 840
641 960
642 653
642 752
642 776
643 748
643 792
644 785
645 719
645 869
646 861
646 909
647 650
647 723
647 801
647 816
648 881
648 933
648 967
648 980
650 810
650 819
650 844
651 733
651 807
651 814
652 663
653 840
653 949
653 980
654 996
655 705
655 791
655 833
655 884
655 957
656 825
656 904
657 684
657 816
657 967
658 816
658 988
659 725
660 912
662 929
662 975
663 858
663 964
665 797
665 916
665 934
667 864
667 893
668 719
668 821
669 871
669 994
670 673
670 782
670 965
671 736
671 744
671 844
671 943
672 792
673 742
673 805
674 698
674 765
674 939
675 790
675 908
676 690
676 709
677 810
677 837
677 846
677 871
677 884
678 726
678 856
678 872
678 918
679 814
679 927
680 681
681 969
682 687
682 688
682 730
682 873
682 971
683 803
683 848
683 911
683 934
684 787
684 796
684 879
684 930
685 764
686 823
687 688
687 985
688 794
688 880
688 958
689 757
689 806
690 696
690 756
690 793
690 813
690 934
691 871
691 986
691 998
692 821
692 869
692 903
692 936
693 874
694 713
694 814
694 823
694 865
695 904
696 740
696 764
696 814
697 977
698 804
698 909
699 990
700 792
700 861
700 872
701 744
702 801
702 814
703 728
703 841
703 857
703 867
703 904
703 939
704 866
706 846
706 862
707 778
707 813
707 976
708 741
708 792
708 843
708 943
710 784
710 909
711 832
711 891
712 985
713 852
713 918
714 884
715 733
715 747
715 766
715 847
715 849
716 744
718 875
718 936
718 938
719 767
720 765
720 954
721 802
721 974
721 986
722 806
722 894
724 743
724 911
726 809
726 843
727 782
728 778
728 817
728 967
729 768
729 845
729 862
729 898
729 911
729 921
730 887
730 918
731 823
731 829
731 836
732 944
733 752
733 870
734 764
734 881
734 911
735 802
735 928
735 955
735 980
736 900
736 990
737 865
738 860
738 869
739 764
739 771
740 821
740 871
741 863
743 827
743 870
743 896
744 882
744 902
744 974
744 980
745 889
746 861
746 926
746 972
746 977
747 781
747 783
747 920
748 775
749 843
750 917
751 812
751 978
752 835
753 796
753 925
753 988
755 805
756 825
756 919
756 968
756 970
756 973
757 811
757 856
757 948
758 834
758 850
758 858
758 952
758 997
759 801
759 810
759 951
760 965
760 973
762 887
763 843
763 844
764 914
765 792
766 793
767 841
767 847
767 933
769 774
769 817
769 893
769 932
770 778
770 869
770 963
770 968
775 808
775 996
776 777
779 794
780 943
780 985
781 805
781 811
781 975
782 869
782 906
782 911
783 926
784 850
784 897
785 935
787 842
787 852
787 892
788 799
789 962
790 794
790 846
790 917
790 975
791 825
791 857
791 917
792 813
792 866
792 990
795 952
796 805
796 850
797 803
797 895
798 981
799 856
801 940
802 917
803 881
804 816
804 865
804 958
805 820
805 974
805 993
806 978
807 915
807 974
808 962
809 883
809 885
809 893
809 927
811 812
811 813
811 850
811 861
811 949
812 847
814 872
814 980
815 899
817 864
817 963
820 920
820 966
821 850
821 884
821 956
822 873
823 981
824 842
826 902
827 867
827 873
827 881
827 970
827 998
828 884
828 972
828 973
833 938
834 838
836 876
837 993
837 998
838 998
843 937
844 846
844 894
847 851
847 871
847 920
848 914
850 864
851 978
852 880
853 879
853 962
853 963
854 950
855 861
855 917
856 980
858 975
859 873
860 951
862 923
862 943
862 984
863 928
863 961
864 885
864 915
864 953
865 934
867 898
868 911
868 933
868 971
869 886
870 877
871 977
871 982
876 996
877 954
878 930
878 999
880 891
880 990
881 918
887 897
887 916
887 942
888 949
888 987
889 907
890 908
892 908
893 909
895 902
895 949
896 927
898 988
898 991
900 951
900 989
903 921
903 974
906 929
906 969
906 981
909 937
909 986
910 913
911 929
916 964
917 938
925 962
925 994
928 973
931 988
935 998
937 961
941 957
944 997
946 996
954 998
956 995
958 982
963 967
965 977
967 986
968 981
970 973
971 986
972 975
975 994
979 984
983 986
988 995
