0
1000
4954
0
1
0
0 66
0 290
0 359
0 360
0 468
0 531
0 643
0 733
0 758
0 798
0 922
0 933
1 80
1 134
1 342
1 482
1 691
1 929
1 954
1 997
2 88
2 90
2 341
2 426
2 870
2 914
3 246
3 288
3 367
3 439
3 689
3 721
3 762
3 875
4 129
4 411
4 448
4 450
4 520
4 623
4 764
4 987
5 311
5 416
5 483
5 587
5 630
5 643
5 683
5 815
6 120
6 289
6 633
6 648
6 707
6 973
7 50
7 84
7 91
7 178
7 665
7 700
7 813
7 817
7 953
8 53
8 108
8 129
8 131
8 155
8 268
8 286
8 302
8 551
8 635
8 809
8 834
8 957
9 40
9 283
9 520
9 602
9 655
9 731
9 840
10 120
10 145
10 285
10 334
10 410
10 451
10 526
10 607
10 923
11 45
11 139
11 248
11 407
11 518
11 634
11 635
11 650
12 216
12 223
12 253
12 330
12 527
12 600
12 606
12 643
12 708
12 725
12 835
12 871
12 906
12 974
13 74
13 253
13 322
13 396
13 422
13 490
13 758
13 804
13 969
14 29
14 195
14 410
14 557
15 37
15 55
15 87
15 148
15 304
15 349
15 766
15 916
16 113
16 122
16 309
16 342
16 360
16 422
16 647
16 749
16 801
16 810
16 997
17 142
17 184
17 201
17 270
17 689
17 694
17 759
17 774
17 831
17 847
18 51
18 216
18 454
18 568
18 637
18 865
18 983
19 88
19 204
19 280
19 484
19 603
19 768
19 796
19 799
20 122
20 136
20 192
20 238
20 264
20 266
20 319
20 327
20 374
20 407
20 411
20 419
20 618
20 696
20 729
20 775
20 850
20 888
20 937
20 998
21 325
21 794
21 824
21 849
22 77
22 141
22 283
22 330
22 687
22 731
23 450
23 460
23 505
23 516
23 559
23 629
23 704
23 733
23 748
23 754
23 832
23 856
23 993
24 159
24 474
24 496
24 514
24 575
24 780
24 802
24 940
24 976
25 75
25 161
25 179
25 185
25 321
25 346
25 456
25 680
25 681
25 704
25 829
25 953
26 69
26 183
26 269
26 556
26 641
26 781
26 815
26 851
26 933
27 91
27 131
27 190
27 206
27 286
27 344
27 434
27 482
27 867
27 883
27 904
28 157
28 225
28 239
28 412
28 727
28 760
28 864
28 999
29 114
29 171
29 259
29 264
29 271
29 501
29 555
29 601
29 607
29 626
29 838
29 872
29 973
30 163
30 267
30 368
30 524
30 559
30 602
30 792
31 332
31 369
31 402
31 518
31 574
31 650
31 651
31 693
31 752
31 846
31 902
32 172
32 186
32 277
32 419
32 467
32 570
32 719
32 886
32 898
32 937
33 282
33 449
33 560
33 610
33 670
33 705
33 729
33 741
33 975
34 185
34 332
34 353
34 414
34 432
34 452
34 495
34 721
34 728
34 733
34 979
35 56
35 96
35 257
35 341
35 416
35 524
35 793
35 810
35 843
35 862
35 920
36 129
36 494
36 598
36 650
37 62
37 75
37 606
37 690
37 744
37 928
37 989
37 995
38 355
38 434
38 436
38 807
38 926
39 160
39 227
39 243
39 247
39 317
39 367
39 547
39 682
39 790
39 826
39 846
40 56
40 120
40 125
40 218
40 304
40 319
40 449
40 581
40 591
40 760
40 778
40 916
40 940
41 132
41 361
41 497
41 544
41 682
41 900
41 904
41 919
42 162
42 191
42 304
42 469
42 496
42 580
42 683
42 722
42 789
42 847
42 938
42 952
43 214
43 375
43 456
43 499
43 534
43 635
43 758
43 817
43 919
43 994
44 58
44 161
44 170
44 270
44 299
44 501
44 590
44 608
44 612
44 727
44 779
44 998
45 110
45 170
45 183
45 336
45 458
45 485
45 616
45 813
45 856
45 877
45 878
45 996
46 228
46 307
46 552
46 653
46 708
46 714
46 911
47 74
47 102
47 105
47 429
47 581
47 614
47 727
47 740
47 946
48 65
48 99
48 183
48 331
48 371
48 451
48 479
48 483
48 584
48 675
48 824
48 876
48 902
49 57
49 524
49 606
49 623
49 679
49 690
49 731
49 737
49 960
50 83
50 157
50 220
50 296
50 304
50 339
50 459
50 534
50 563
50 754
50 773
50 918
51 103
51 180
51 241
51 264
51 271
51 381
51 395
51 436
51 555
51 581
51 632
51 836
51 973
52 183
52 278
52 303
52 422
52 472
52 598
52 694
52 842
52 861
52 893
53 138
53 139
53 446
53 547
53 700
53 705
53 760
53 762
53 881
53 971
53 994
54 278
54 340
54 524
54 575
54 600
54 629
54 704
54 719
54 748
54 763
55 143
55 196
55 204
55 246
55 277
55 310
55 315
55 336
55 350
55 362
55 368
55 430
55 559
55 642
55 933
55 997
56 78
56 99
56 209
56 239
56 259
56 298
56 503
56 901
56 909
57 272
57 357
57 362
57 386
57 431
57 476
57 491
57 535
57 638
57 712
57 761
57 984
58 93
58 164
58 802
58 803
58 868
58 985
59 73
59 76
59 399
59 415
59 448
59 576
59 612
59 685
59 770
59 966
59 995
60 117
60 180
60 283
60 310
60 701
60 906
60 953
61 293
61 369
61 386
61 425
61 565
61 659
61 733
61 767
61 932
61 940
61 986
62 120
62 175
62 204
62 230
62 238
62 244
62 272
62 332
62 356
62 465
62 675
62 681
62 696
62 705
62 860
62 867
63 70
63 291
63 354
63 370
63 537
63 647
63 665
63 898
63 945
64 99
64 141
64 305
64 533
64 592
64 639
64 748
64 872
64 951
65 240
65 573
65 589
65 670
65 688
65 771
65 825
65 951
65 991
66 125
66 346
66 494
66 774
66 828
66 852
66 962
67 233
67 282
67 370
67 469
67 471
67 543
67 706
67 841
68 124
68 132
68 205
68 207
68 317
68 440
68 457
68 491
68 505
68 601
68 703
68 834
68 905
68 995
69 72
69 158
69 221
69 390
69 680
69 765
69 977
70 95
70 202
70 425
70 581
70 717
70 823
70 974
70 980
71 84
71 108
71 191
71 227
71 456
71 466
71 470
71 601
71 622
71 758
71 816
71 825
71 879
71 988
72 159
72 166
72 335
72 356
72 359
72 444
72 452
72 582
72 599
72 686
72 947
73 282
73 367
73 522
73 728
73 806
73 917
74 143
74 347
74 420
74 477
74 577
74 802
75 125
75 183
75 234
75 304
75 399
75 460
75 518
75 566
75 583
75 653
75 805
75 890
75 921
76 169
76 263
76 616
76 660
76 734
76 790
76 896
76 919
77 119
77 132
77 147
77 275
77 348
77 468
77 537
77 621
77 715
77 898
77 972
77 991
78 113
78 222
78 295
78 321
78 322
78 363
78 755
78 769
78 809
78 997
79 228
79 378
79 403
79 475
79 614
80 94
80 155
80 183
80 186
80 238
80 370
80 399
80 408
80 503
80 556
80 632
80 665
80 690
80 753
80 839
81 164
81 356
81 378
81 473
81 484
81 606
81 645
81 746
81 813
82 258
82 291
82 699
82 818
82 824
82 896
82 907
82 945
83 333
83 407
83 455
83 551
83 609
83 632
83 896
84 162
84 171
84 230
84 289
84 593
85 208
85 293
85 362
85 478
85 839
86 143
86 150
86 208
86 289
86 494
86 505
86 552
86 689
86 791
86 819
86 845
86 847
86 850
87 389
87 433
87 561
87 803
87 933
87 937
87 969
87 996
88 127
88 208
88 244
88 256
88 290
88 408
88 445
88 569
88 615
88 619
88 627
88 643
88 748
88 772
88 843
88 955
89 229
89 257
89 352
89 499
89 533
89 643
89 759
89 799
89 818
90 259
90 266
90 271
90 278
90 351
90 480
90 549
90 589
90 790
90 895
91 297
91 323
91 415
91 461
91 503
91 517
91 569
91 955
92 442
92 522
92 691
92 830
92 865
92 974
93 103
93 186
93 289
93 395
93 569
93 684
93 849
93 940
94 266
94 442
94 472
94 493
94 616
94 788
94 848
95 110
95 123
95 662
95 704
95 847
95 924
96 169
96 188
96 219
96 224
96 624
96 636
96 677
96 744
96 769
97 133
97 194
97 333
97 492
97 497
97 563
97 599
97 690
97 727
97 918
98 105
98 382
98 517
98 567
98 616
98 768
98 825
99 130
99 159
99 331
99 469
99 505
99 570
99 602
99 611
99 622
99 634
99 668
99 730
99 764
99 805
99 971
100 243
100 396
100 540
100 581
100 896
101 380
101 515
101 534
101 581
101 583
101 603
101 677
101 726
101 812
101 821
101 836
101 849
101 973
102 194
102 323
102 352
102 417
102 430
102 441
102 494
102 708
102 710
102 773
102 775
102 977
103 320
103 359
103 368
103 561
103 604
103 658
103 791
104 144
104 418
104 459
104 470
104 519
104 551
104 618
105 307
105 397
105 404
105 472
105 507
105 707
105 725
105 865
105 937
105 959
106 128
106 220
106 257
106 362
106 610
106 751
106 799
106 879
106 929
107 139
107 155
107 303
107 457
107 540
107 654
107 768
107 797
107 842
107 909
108 122
108 155
108 407
108 473
108 550
108 618
108 665
108 785
108 815
108 865
108 877
109 137
109 239
109 257
109 355
109 409
109 486
109 591
109 708
109 797
109 822
109 878
109 890
109 927
109 974
110 121
110 236
110 287
110 388
110 701
110 713
110 772
110 781
110 796
110 879
110 951
110 993
111 178
111 203
111 255
111 304
111 491
111 495
111 503
111 537
111 573
111 623
111 674
111 742
111 822
111 874
112 282
112 373
112 391
112 435
112 977
113 300
113 375
113 428
113 515
113 524
113 652
113 680
113 683
113 949
114 155
114 268
114 272
114 283
114 310
114 359
114 424
114 447
114 462
114 494
114 694
114 776
114 803
114 850
115 155
115 224
115 290
115 368
115 380
115 384
115 542
115 662
115 666
115 694
115 697
115 742
116 243
116 250
116 275
116 643
116 805
116 882
116 892
116 919
116 932
116 943
117 281
117 361
117 547
117 560
117 571
117 793
117 981
118 151
118 294
118 465
118 567
118 685
118 855
118 894
118 924
118 989
119 127
119 246
119 298
119 410
119 473
119 514
119 561
119 601
119 713
120 146
120 316
120 332
120 368
120 589
120 791
121 221
121 406
121 441
121 595
121 603
121 640
121 755
121 792
121 886
122 146
122 195
122 250
122 308
122 331
122 380
122 515
122 591
122 599
122 657
122 719
122 743
122 835
122 920
122 930
123 167
123 232
123 345
123 430
123 590
123 857
123 955
124 137
124 322
124 410
124 545
124 752
124 826
125 175
125 306
125 695
125 752
125 976
126 481
126 596
126 648
127 560
127 601
127 974
128 254
128 307
128 349
128 556
128 564
128 694
128 705
128 721
128 754
129 175
129 233
129 391
129 396
129 466
129 534
129 609
129 632
129 641
129 747
129 848
130 167
130 304
130 467
130 556
130 648
130 804
131 150
131 194
131 234
131 288
131 342
131 354
131 403
131 426
131 679
131 839
131 900
131 906
131 913
131 963
132 151
132 183
132 206
132 568
132 705
132 725
132 762
132 823
132 928
133 142
133 182
133 247
133 357
133 423
133 695
133 844
133 846
133 891
133 956
134 239
134 264
134 282
134 317
134 572
134 586
134 657
134 884
135 424
135 764
135 892
135 939
135 943
135 973
136 172
136 345
136 358
136 496
137 151
137 218
137 352
137 458
137 466
137 495
137 598
138 164
138 239
138 249
138 344
138 614
138 708
138 851
138 882
139 149
139 165
139 193
139 196
139 220
139 363
139 438
139 613
139 650
139 748
139 822
140 304
140 337
140 375
140 617
140 754
140 803
141 200
141 267
141 347
141 370
141 447
141 448
141 555
141 675
141 748
141 823
141 876
142 160
142 240
142 377
142 379
142 385
142 572
142 656
142 695
142 732
142 773
142 857
142 900
142 913
142 918
142 935
143 161
143 165
143 299
143 307
143 387
143 827
143 854
143 919
143 995
144 272
144 346
144 348
144 668
144 714
144 725
144 800
144 973
145 163
145 182
145 349
145 598
145 610
145 672
145 813
145 907
145 967
146 304
146 478
146 611
146 702
146 822
146 924
147 414
147 650
147 781
147 805
148 159
148 299
148 314
148 501
148 726
148 937
149 162
149 239
149 257
149 639
149 786
149 815
149 819
149 855
149 872
150 678
150 702
150 706
150 709
150 948
150 992
151 222
151 261
151 310
151 365
151 477
151 601
151 682
151 703
151 706
151 798
152 176
152 202
152 273
152 409
152 425
152 521
152 702
152 982
153 204
153 240
153 247
153 257
153 563
153 754
153 970
154 194
154 196
154 328
154 346
154 449
154 455
154 527
154 583
154 690
154 816
154 946
155 187
155 310
155 349
155 400
155 410
155 419
155 499
155 578
155 695
155 764
155 851
155 931
155 986
156 437
156 445
156 558
156 615
156 714
156 850
157 313
157 392
157 751
158 297
158 302
158 732
158 747
158 848
158 871
158 970
158 988
159 171
159 281
159 288
159 438
159 605
159 798
159 928
159 958
160 165
160 172
160 279
160 407
160 427
160 733
160 889
160 924
160 934
161 193
161 285
161 380
161 386
161 527
161 531
161 683
161 684
161 915
161 938
162 284
162 357
162 577
162 613
162 629
162 796
162 803
162 932
163 225
163 313
163 621
163 643
163 821
163 881
163 916
163 972
163 998
164 268
164 281
164 325
164 349
164 481
164 495
164 624
164 635
164 723
164 838
164 878
165 194
165 314
165 438
165 511
165 703
165 781
166 209
166 291
166 357
166 370
166 383
166 430
166 436
166 515
166 702
166 835
166 843
167 478
167 616
167 662
167 720
167 773
167 905
167 914
168 204
168 264
168 305
168 351
168 360
168 365
168 795
168 834
168 837
168 864
169 181
169 421
169 611
169 622
169 637
169 668
169 794
169 806
169 819
169 975
170 178
170 317
170 457
170 502
170 558
170 822
170 933
170 994
171 193
171 204
171 374
171 397
171 410
171 564
171 644
171 747
171 900
171 918
171 947
172 179
172 484
172 509
172 610
172 621
172 736
172 752
172 850
172 989
173 276
173 335
173 462
173 625
173 631
173 762
173 829
174 341
174 366
174 440
174 539
174 646
174 760
174 890
174 965
174 988
175 377
175 434
175 511
175 597
175 616
175 637
175 695
175 727
175 730
175 746
175 805
175 889
175 956
176 327
176 404
176 410
176 517
176 526
176 544
176 597
176 599
176 644
176 817
177 270
177 445
177 650
177 693
177 721
177 724
177 787
177 810
178 255
178 789
178 829
179 216
179 233
179 239
179 247
179 411
179 465
179 511
179 615
179 682
179 870
179 978
180 205
180 331
180 435
180 473
180 514
180 788
181 210
181 275
181 324
181 462
181 737
181 856
182 185
182 414
182 434
182 577
182 599
182 913
183 555
183 668
183 813
183 821
183 862
184 209
184 265
184 380
184 451
184 532
184 539
184 660
184 661
184 948
185 288
185 341
185 437
185 454
185 518
185 540
185 558
185 699
185 785
185 820
186 332
186 415
186 435
186 529
186 616
186 743
186 773
186 866
186 894
186 897
186 907
186 911
186 989
187 188
187 257
187 296
187 483
187 677
187 797
187 808
188 209
188 215
188 274
188 436
188 441
188 493
188 627
188 741
188 744
188 868
188 913
188 929
189 215
189 225
189 376
189 509
189 542
189 647
189 717
189 812
190 275
190 567
190 706
190 844
190 882
190 900
190 960
190 974
191 573
191 764
191 819
191 941
192 221
192 411
192 573
192 594
192 751
192 904
192 993
193 300
193 440
193 566
193 755
193 886
193 932
194 241
194 349
194 505
194 549
194 659
194 674
194 705
194 914
194 937
195 430
195 512
195 625
195 710
196 205
196 213
196 336
196 425
196 483
196 580
196 643
196 730
196 738
196 786
196 876
197 230
197 359
197 387
197 499
197 650
197 715
197 754
197 783
197 826
197 959
198 202
198 337
198 343
198 446
198 531
198 557
198 629
198 631
198 666
199 268
199 276
199 440
199 532
199 568
199 710
199 725
199 793
199 798
199 852
199 865
200 224
200 291
200 364
200 371
200 452
200 462
200 697
200 775
200 887
200 936
201 454
201 514
201 601
201 856
202 302
202 329
202 572
202 649
202 708
202 875
202 904
202 930
202 960
203 205
203 514
203 580
203 601
203 803
203 955
204 314
204 445
204 614
204 747
204 752
204 874
204 937
204 962
205 348
205 352
205 381
205 432
205 660
205 768
205 796
205 808
205 900
205 994
206 388
206 462
206 518
206 593
206 603
206 781
206 805
206 833
206 927
207 349
207 474
207 682
207 814
207 818
208 308
208 336
208 339
208 467
208 563
208 705
208 751
208 800
209 354
209 363
209 423
209 495
209 618
209 648
209 661
209 709
209 879
209 894
210 451
210 462
210 632
211 283
211 346
211 383
211 394
211 501
211 614
211 680
211 805
211 806
211 826
211 862
211 926
211 950
212 262
212 317
212 437
212 490
212 528
212 593
212 639
212 692
212 751
212 837
212 974
212 992
213 268
213 377
213 646
213 648
213 700
214 297
214 416
214 430
214 478
214 504
214 552
214 708
214 712
214 754
214 924
214 931
214 995
215 252
215 301
215 364
215 387
215 512
215 518
215 600
215 945
216 257
216 533
216 784
216 786
216 880
216 986
217 278
217 296
217 366
217 412
217 654
217 656
217 921
217 938
217 947
218 323
218 414
218 454
218 608
218 624
218 689
218 892
219 382
219 442
219 464
219 475
219 510
219 599
219 617
219 807
219 877
219 971
220 330
220 398
220 506
220 518
220 525
220 591
220 751
220 913
220 927
221 262
221 276
221 281
221 507
221 556
221 636
221 676
221 837
221 899
221 935
222 325
222 609
222 890
222 947
223 367
223 426
223 497
223 525
223 587
223 595
223 831
223 899
223 910
223 978
224 306
224 331
224 462
224 577
224 664
224 678
224 783
224 811
224 856
224 949
225 517
225 536
225 559
225 573
225 701
225 770
225 798
226 348
226 395
226 633
226 688
226 747
226 817
226 835
226 910
226 982
227 287
227 322
227 433
227 847
227 887
227 914
227 972
227 992
228 383
228 397
228 837
228 962
229 323
229 395
229 407
229 431
229 486
229 603
229 622
229 751
229 896
230 301
230 378
230 458
230 501
230 651
230 817
231 611
231 641
231 649
231 660
231 741
231 768
231 818
231 836
231 923
232 302
232 340
232 487
232 582
232 705
232 872
232 917
232 929
232 977
233 234
233 241
233 380
233 486
233 586
233 657
233 757
233 765
233 917
234 274
234 409
234 451
234 488
234 693
234 780
234 799
234 812
235 279
235 337
235 357
235 366
235 386
235 445
235 453
235 539
235 724
235 729
235 749
235 895
236 238
236 345
236 502
236 569
236 614
236 736
236 862
236 881
237 287
237 475
237 479
237 524
237 562
237 577
237 702
237 782
237 803
237 833
238 293
238 384
238 700
238 840
238 983
239 784
239 953
240 248
240 343
240 467
240 480
240 562
240 622
240 651
240 683
240 819
241 515
241 582
241 703
241 730
241 817
241 848
241 874
242 397
242 445
242 562
242 818
242 828
242 866
242 909
243 317
243 494
243 517
243 717
243 722
243 728
243 751
243 781
243 819
243 840
244 250
244 355
244 441
244 587
244 602
244 610
244 639
244 666
245 658
245 727
245 785
245 878
246 417
246 512
246 530
246 535
246 711
246 737
246 832
246 897
247 269
247 424
247 494
247 521
247 555
247 694
247 719
247 805
247 852
247 907
247 998
248 301
248 368
248 407
248 411
248 757
248 868
248 905
248 979
249 424
249 569
249 747
249 809
249 816
250 779
251 450
251 513
251 533
251 619
251 639
251 662
251 753
251 775
251 824
252 271
252 444
252 468
252 597
252 672
252 793
252 825
252 876
253 724
254 266
254 285
254 308
254 379
254 441
254 684
254 998
255 276
255 460
255 665
255 725
255 794
255 998
256 284
256 346
256 666
256 760
256 790
256 802
256 823
256 830
256 960
257 304
257 309
257 400
257 498
257 660
257 864
257 940
258 417
258 485
258 487
258 507
258 726
258 742
258 830
258 893
259 494
259 519
259 603
259 742
259 789
259 914
259 971
260 466
260 473
260 484
260 538
260 580
260 590
260 696
260 720
260 795
260 839
260 919
260 979
261 446
261 539
261 839
261 870
262 530
262 658
262 751
262 992
263 308
263 326
263 358
263 460
263 558
263 648
263 697
263 858
263 995
264 299
264 304
264 377
264 390
264 433
264 538
264 568
264 634
264 820
264 872
264 924
264 983
265 383
265 408
265 412
265 630
265 660
265 763
266 309
266 388
266 459
266 462
266 506
266 638
267 270
267 417
267 590
267 605
267 613
267 714
268 568
268 636
268 653
268 692
268 802
268 861
269 316
269 383
269 397
269 508
269 648
269 739
269 819
269 835
270 285
270 425
270 427
270 627
270 672
270 709
270 941
270 961
270 971
271 290
271 414
271 480
271 557
271 630
271 735
271 759
271 777
271 783
271 798
271 806
271 835
271 981
272 295
272 367
272 564
272 795
272 896
272 916
272 979
273 282
273 301
273 339
273 390
273 538
273 587
273 628
273 898
273 938
274 420
274 542
274 622
274 659
274 745
274 809
274 961
275 447
275 487
275 522
275 582
275 630
275 675
275 860
275 890
276 280
276 671
276 837
276 859
277 307
277 590
277 691
278 292
278 369
278 379
278 411
278 506
278 645
278 662
278 703
278 818
279 319
279 359
279 445
279 467
279 720
279 758
279 874
280 382
280 586
280 700
280 751
280 891
281 320
281 478
281 777
281 944
281 951
282 353
282 591
282 634
282 664
282 770
282 866
282 986
282 995
283 387
283 499
283 687
283 750
283 854
283 864
283 880
283 887
283 893
283 904
283 912
284 376
284 449
284 469
284 700
284 714
284 870
284 955
285 300
285 354
285 363
285 397
285 810
285 876
285 932
285 994
286 289
286 862
287 308
287 323
287 329
287 874
287 983
288 381
288 423
288 444
288 615
288 675
288 945
288 950
289 380
289 491
289 553
289 562
289 739
289 774
289 842
289 897
289 899
290 360
290 608
290 667
290 816
290 981
290 983
291 333
291 485
291 499
291 519
291 582
291 626
291 639
291 655
291 738
291 767
291 772
291 792
291 903
292 425
292 506
292 595
292 641
292 774
292 809
292 874
292 976
293 327
293 381
293 492
293 537
293 544
293 687
293 715
293 718
293 846
293 942
293 954
293 976
293 983
294 375
294 446
294 897
294 985
295 299
295 365
295 707
295 718
295 761
295 902
295 945
296 394
296 426
296 502
296 523
296 560
296 642
296 716
296 725
296 779
296 788
296 952
296 997
297 417
297 475
297 722
297 964
298 332
298 564
298 666
298 676
298 815
299 339
299 401
299 695
299 885
299 926
300 528
300 535
300 567
300 717
300 752
300 788
300 830
300 870
300 907
301 318
301 529
301 562
301 577
301 684
301 747
302 407
302 490
302 980
302 981
303 319
303 409
303 625
303 648
303 705
303 963
304 458
304 541
304 602
304 609
304 711
304 804
304 902
304 914
305 378
305 515
305 544
305 650
305 662
305 671
305 831
305 846
305 852
305 887
305 963
306 320
306 410
306 429
306 667
306 884
307 353
307 471
307 476
307 484
307 535
307 918
307 965
308 624
309 434
309 570
309 596
309 648
309 678
309 829
309 947
310 485
310 493
310 606
310 675
310 747
310 768
310 898
311 395
311 436
311 491
311 634
311 648
311 721
311 747
311 756
311 811
312 397
312 469
312 529
312 578
312 640
312 989
313 446
313 614
313 819
313 873
314 364
314 424
314 791
314 875
315 439
315 479
315 782
315 843
315 901
315 945
316 327
316 395
316 436
316 548
316 576
316 714
317 324
317 361
317 488
317 694
317 706
317 984
317 988
318 503
318 516
318 599
318 634
318 669
318 770
318 881
319 325
319 436
319 571
319 598
319 848
320 776
320 801
321 346
321 410
321 494
321 510
321 537
321 541
321 599
321 916
322 344
322 436
322 473
322 481
322 538
322 606
322 632
322 786
322 922
322 967
323 349
323 467
323 476
323 515
323 651
324 422
324 429
324 577
324 676
324 783
324 845
324 848
324 852
324 915
324 987
325 514
325 726
325 818
325 869
325 981
326 620
326 751
326 760
326 807
326 813
327 334
327 354
327 739
327 768
327 875
327 880
327 920
328 467
328 534
328 556
328 640
328 655
328 802
328 804
328 808
329 339
329 484
329 504
329 706
329 714
329 763
330 399
330 673
330 741
330 787
330 950
330 964
331 603
331 666
331 956
331 989
332 485
332 742
332 836
332 896
333 334
333 401
333 559
333 642
333 725
333 785
333 976
334 368
334 426
334 645
335 361
335 368
335 409
335 474
335 547
335 577
335 776
335 910
335 994
336 415
336 448
336 467
336 524
336 645
336 743
336 763
337 509
337 843
338 358
338 538
338 545
338 586
338 662
338 741
338 774
338 854
339 378
339 509
339 671
339 699
339 702
339 719
339 929
340 508
340 528
340 535
340 599
340 612
340 748
340 993
341 389
341 485
341 569
341 655
342 410
342 496
342 530
342 533
342 567
342 871
342 887
342 893
342 905
343 378
343 570
343 636
343 781
344 534
344 585
344 646
344 661
344 785
345 596
345 779
345 868
345 900
345 967
346 366
346 457
346 549
346 845
347 361
347 382
347 383
347 527
347 579
347 615
347 757
347 809
347 829
347 830
347 846
347 882
347 896
348 402
348 427
348 975
349 426
349 511
349 550
349 686
349 824
349 901
350 368
350 521
350 555
350 627
350 751
350 792
351 436
351 439
351 561
351 843
352 511
352 543
352 774
352 884
352 886
353 413
353 419
353 515
353 597
353 598
353 621
353 670
353 760
353 861
354 391
354 475
354 557
354 698
354 720
354 919
354 925
354 985
355 490
355 531
355 639
355 676
355 699
355 777
355 922
355 958
356 404
356 457
356 536
356 577
356 827
356 846
357 368
357 534
357 555
357 588
357 659
357 893
358 704
358 708
358 797
359 367
359 429
359 478
359 480
359 691
359 739
359 773
359 944
360 367
360 375
360 621
360 741
360 817
360 830
360 857
360 910
361 515
361 570
361 733
361 806
361 857
362 433
362 513
362 522
362 611
362 750
362 770
362 799
362 971
363 544
363 821
363 856
363 894
364 401
364 441
365 441
365 463
365 484
365 546
365 794
365 906
366 467
366 611
366 841
366 951
367 424
367 435
367 475
367 491
367 528
367 570
367 737
367 749
367 803
368 533
368 613
368 670
368 703
368 789
368 845
369 405
369 723
369 834
369 904
369 965
369 976
370 547
370 850
370 889
371 385
371 465
371 688
372 416
372 521
372 656
372 866
372 938
373 539
373 569
373 623
373 635
373 636
373 654
373 837
373 844
373 861
373 910
374 680
374 687
374 820
374 907
375 436
375 619
375 630
375 949
376 591
376 624
376 756
376 773
377 452
377 728
377 738
377 910
377 922
378 455
378 697
378 705
378 717
378 975
379 610
379 965
379 971
379 977
380 473
380 568
380 596
380 599
380 601
380 611
380 993
381 403
381 406
381 507
381 546
381 551
381 608
381 837
381 867
381 999
382 418
382 472
382 622
382 669
382 784
382 850
382 864
382 866
382 954
383 561
383 661
383 677
383 735
383 822
383 868
383 967
383 969
384 468
384 744
385 643
385 716
386 429
386 458
386 486
386 489
386 559
386 588
386 775
386 903
387 471
387 473
387 510
387 587
387 673
387 764
387 914
387 945
389 455
389 590
389 606
389 765
389 774
389 927
389 991
390 548
390 592
390 744
390 997
391 479
391 545
391 656
391 757
391 789
391 918
392 442
392 509
392 528
392 798
392 881
393 417
393 508
393 529
393 551
393 572
393 676
393 748
393 928
394 801
394 886
394 902
395 477
395 605
395 676
395 700
395 808
395 810
396 433
396 469
396 510
396 558
396 680
396 725
396 912
396 933
396 995
397 460
397 502
397 507
397 578
397 684
397 799
397 805
397 811
397 822
397 875
397 952
397 990
398 460
398 472
398 632
398 633
399 403
399 624
399 650
399 753
399 756
399 813
399 915
400 530
400 590
400 902
401 474
401 564
401 585
401 743
401 756
401 785
401 999
402 495
402 530
402 636
402 680
402 731
402 821
402 864
402 871
402 915
402 970
403 676
403 776
404 410
404 439
404 601
404 620
404 659
404 721
404 968
405 407
405 408
405 424
405 430
405 599
405 752
405 903
405 941
405 970
406 449
406 892
406 903
407 417
407 562
407 570
407 577
407 597
407 724
407 798
407 997
408 416
408 475
408 759
408 930
409 665
409 758
409 833
409 884
410 467
410 658
410 670
410 694
410 771
410 856
410 901
410 923
410 928
410 987
411 451
411 478
411 560
411 788
411 874
411 925
412 452
412 564
412 801
412 982
413 429
413 445
413 515
413 566
413 837
413 847
414 508
414 695
414 708
414 865
414 894
414 963
414 998
415 671
415 955
416 441
416 468
416 471
416 518
416 695
416 844
416 981
417 464
417 693
417 722
418 449
418 459
418 854
418 950
418 957
419 433
419 628
419 645
419 939
420 455
420 561
420 903
421 569
421 622
421 672
421 788
421 829
422 515
422 575
422 586
422 686
422 732
422 846
422 868
422 952
423 579
424 662
424 717
424 726
424 788
425 617
425 707
425 762
426 447
426 601
426 685
426 700
426 770
426 879
426 919
426 949
427 550
427 671
427 844
427 884
427 921
428 573
428 586
428 602
428 653
428 741
428 819
428 830
428 861
428 931
429 704
430 492
430 604
430 610
430 773
431 462
431 553
431 557
431 581
431 649
432 467
432 473
432 660
432 780
432 828
432 892
432 899
432 927
432 930
433 596
433 600
433 719
433 836
433 840
433 957
434 584
434 594
434 705
434 767
434 881
435 480
435 483
435 506
435 543
435 653
435 783
435 868
435 928
435 974
435 983
436 469
436 527
436 632
436 703
436 720
436 761
436 802
436 849
436 954
436 977
437 693
437 882
438 875
438 963
439 465
439 594
439 617
439 646
439 896
439 967
439 991
440 466
440 613
440 720
440 724
440 771
440 819
441 642
442 481
442 686
442 729
442 816
442 830
442 878
442 912
443 445
443 558
443 596
443 616
443 638
443 684
443 699
443 766
443 776
443 826
443 856
443 865
444 544
444 574
444 894
445 451
445 518
445 673
445 758
445 771
445 811
445 888
445 904
446 589
446 819
446 881
446 882
446 912
446 925
446 971
447 476
447 599
447 648
447 773
447 786
447 865
447 950
448 503
448 505
448 573
448 692
448 796
448 855
448 931
449 462
449 512
449 555
449 672
449 736
449 853
449 905
450 470
450 515
450 520
450 647
450 673
450 701
450 704
450 811
451 521
451 543
451 770
451 874
451 896
452 601
452 654
452 793
452 908
452 988
453 500
453 549
453 695
453 798
454 515
454 687
454 714
454 848
454 936
455 514
455 555
455 621
455 810
455 830
455 855
455 941
456 517
457 467
457 472
457 722
457 791
457 832
457 855
457 893
457 965
458 469
458 563
458 716
458 726
458 834
458 939
458 982
459 527
459 598
459 710
459 876
459 931
459 967
459 978
460 682
460 908
460 910
460 942
461 552
461 636
462 571
462 663
462 795
462 877
462 916
462 967
463 534
463 591
463 659
464 537
464 814
464 845
464 866
464 929
464 956
465 578
465 827
465 859
465 953
466 660
466 709
466 800
466 883
467 608
467 683
467 697
468 485
468 511
468 632
468 644
468 672
468 675
468 764
468 847
468 928
468 968
469 476
469 622
469 949
470 543
470 558
470 598
470 636
470 644
470 658
470 688
470 740
470 822
470 891
470 942
470 971
470 988
471 723
471 730
471 833
471 955
471 969
472 783
472 904
472 974
473 551
473 572
473 702
473 726
473 820
473 938
473 971
474 606
474 920
474 975
475 487
475 562
475 579
475 744
475 756
475 777
475 848
475 995
476 718
476 866
477 541
477 571
477 592
477 599
477 602
477 621
477 709
477 713
477 803
477 839
477 894
477 906
477 964
477 974
478 581
478 646
478 813
479 544
479 721
479 975
480 724
480 783
480 887
480 952
481 588
481 669
481 902
481 934
482 546
482 637
483 488
483 489
483 507
483 558
483 601
483 629
483 639
483 673
483 829
483 903
484 494
484 498
484 522
484 525
484 745
484 794
484 901
484 938
484 943
484 989
484 995
485 596
485 613
485 660
485 815
486 701
486 807
486 841
486 978
487 799
487 871
487 928
488 501
488 586
488 679
489 507
489 603
489 825
489 930
490 635
490 868
490 996
491 532
491 555
491 603
491 657
491 789
491 820
491 846
491 968
491 987
492 854
493 494
493 634
493 720
493 848
494 503
494 505
494 562
494 729
494 846
494 861
494 926
494 944
495 541
495 581
495 613
495 744
495 764
496 677
496 719
496 801
496 882
496 944
497 551
497 582
497 632
497 638
497 747
497 769
497 788
498 647
498 895
498 902
498 920
499 513
499 631
499 679
499 817
499 850
499 853
499 866
499 919
499 995
500 514
500 691
500 831
500 930
500 958
501 516
501 566
501 659
501 711
501 729
501 735
501 883
501 975
502 676
502 918
502 948
503 892
504 662
504 701
504 825
504 846
504 885
504 937
506 521
506 537
506 555
506 653
506 824
506 967
507 706
507 760
507 827
507 889
507 902
507 914
508 572
508 605
508 644
508 703
508 718
508 750
508 793
508 941
509 702
509 717
510 596
510 674
510 751
510 912
511 844
511 919
511 925
512 584
512 636
512 691
512 925
512 994
513 642
513 721
513 788
513 952
514 755
514 764
515 571
515 810
515 823
515 997
516 541
516 546
516 551
516 704
516 790
516 805
516 824
516 866
516 952
517 590
517 686
517 827
517 849
517 854
517 880
517 957
518 524
518 869
518 948
518 982
518 996
519 523
519 581
519 608
519 724
519 843
519 901
520 608
520 716
520 821
520 870
521 608
521 637
521 654
521 759
521 960
521 975
522 611
522 626
522 645
523 631
523 709
523 733
523 856
524 792
525 561
525 669
525 845
525 956
526 544
526 577
526 623
526 634
526 659
526 705
527 797
527 911
527 986
527 996
528 579
528 721
528 875
528 961
528 996
529 547
529 629
529 637
529 676
529 697
529 730
529 737
529 758
529 786
529 787
529 789
529 815
529 842
529 983
530 600
530 665
531 708
531 751
531 855
531 906
531 958
532 537
532 560
532 678
533 804
533 819
533 926
534 798
535 681
535 743
535 823
535 871
535 905
536 619
536 630
536 805
537 597
537 629
537 699
537 753
538 627
538 756
538 771
538 784
538 812
538 841
538 855
538 925
538 948
539 721
539 894
539 940
540 617
540 630
540 921
540 955
540 994
541 663
541 685
541 740
541 879
542 548
542 723
542 757
542 809
542 815
542 937
543 782
543 819
543 820
543 893
543 912
543 957
544 831
544 974
545 590
545 644
545 759
545 879
545 936
546 590
546 670
546 730
546 896
547 621
547 769
547 781
547 797
547 800
547 853
547 870
547 921
547 966
547 981
548 989
549 629
549 672
549 837
549 862
549 889
549 960
549 984
550 610
550 706
550 868
550 930
550 968
551 712
551 768
551 782
551 873
551 885
551 892
551 952
552 660
552 675
553 648
553 741
553 774
553 785
553 809
553 927
554 584
554 654
555 868
555 885
556 558
556 579
556 606
556 666
556 735
556 799
556 866
556 873
556 944
556 953
557 568
557 657
557 877
557 884
557 885
557 903
557 967
558 749
558 786
558 910
558 916
559 634
559 790
559 815
559 973
560 585
561 595
561 669
561 688
561 732
561 733
561 878
562 605
562 802
562 836
563 706
563 711
563 723
563 994
564 855
564 929
564 948
565 611
565 694
565 725
565 776
565 780
565 841
565 856
565 876
565 924
566 658
566 698
566 999
567 666
567 786
567 802
567 993
568 840
568 899
569 615
569 754
569 788
569 813
570 671
570 700
570 821
570 976
571 608
571 626
571 723
571 863
572 655
572 800
572 897
572 914
572 985
573 725
573 764
573 789
573 930
574 719
574 919
574 938
574 970
574 979
574 981
574 989
575 700
575 708
575 775
575 776
575 840
575 862
575 905
575 955
576 764
576 780
576 781
576 910
577 805
577 813
577 953
578 609
578 655
578 747
578 775
578 778
578 888
578 898
579 699
579 779
579 900
580 583
580 642
581 584
581 624
581 651
581 668
581 683
581 772
581 777
581 844
581 949
582 717
582 753
582 789
582 800
582 847
582 975
582 997
583 723
583 941
584 595
584 829
585 670
585 678
585 732
585 797
586 727
586 799
586 852
587 699
587 756
587 852
587 932
587 979
588 704
588 746
588 810
588 877
588 992
589 603
589 659
589 839
590 602
590 634
590 732
590 875
590 995
591 666
591 742
591 760
591 785
591 998
592 629
592 653
592 708
592 738
592 743
592 983
593 804
593 942
594 899
594 912
594 962
595 730
595 737
595 749
595 764
595 841
595 920
595 934
596 697
596 762
596 911
596 978
597 886
597 954
598 642
598 875
598 908
598 972
599 642
599 755
600 623
600 893
600 908
600 928
600 983
601 691
601 860
602 633
602 726
602 755
602 874
602 971
602 996
603 756
603 826
604 902
604 928
604 944
605 760
605 777
605 916
605 954
606 639
606 782
606 835
606 912
607 718
607 799
607 847
607 897
608 716
608 868
609 865
610 627
610 695
610 849
610 862
610 937
611 667
611 763
611 824
611 826
611 900
612 618
612 665
612 687
612 712
612 713
612 728
612 807
613 646
613 678
613 775
614 859
614 923
614 982
614 991
615 662
615 671
615 688
615 981
616 703
616 743
616 817
616 818
616 942
616 946
616 963
617 684
617 687
617 790
618 768
618 819
618 888
618 946
618 986
618 999
619 658
619 676
619 774
619 852
620 801
620 863
620 960
621 696
621 779
621 959
621 998
622 677
622 710
623 659
623 794
623 938
623 999
624 850
624 855
624 890
625 796
625 897
625 906
625 983
625 991
626 646
626 649
626 852
627 766
627 809
627 914
628 753
628 817
628 859
629 772
629 854
630 636
630 655
630 688
630 718
630 821
630 961
631 708
631 796
631 926
631 963
632 701
632 729
632 732
632 800
632 858
632 938
632 958
633 674
633 757
633 840
633 871
633 923
634 822
634 988
634 992
635 657
635 674
635 850
636 648
636 650
636 798
636 889
636 913
636 937
636 969
637 663
637 860
638 919
638 978
639 757
639 843
639 857
640 663
640 680
640 693
640 720
640 789
641 653
641 795
642 699
642 745
642 960
643 663
644 663
644 825
644 899
645 668
645 674
645 736
645 747
645 763
645 924
646 849
647 879
647 943
648 797
648 872
649 799
649 800
649 881
651 721
651 945
652 666
652 688
652 738
652 773
652 816
652 830
652 891
652 918
653 799
654 678
654 916
655 699
655 933
656 699
656 720
656 721
657 732
657 843
658 731
658 765
658 855
659 678
659 683
659 745
659 751
660 716
660 817
660 957
661 984
662 686
662 687
662 917
662 955
662 962
663 744
663 822
664 669
664 698
664 737
664 771
665 802
665 846
666 704
666 864
666 870
667 982
668 856
668 926
668 935
669 690
670 839
670 905
670 995
671 683
671 774
671 950
671 962
672 901
673 688
673 790
673 909
674 699
674 709
674 867
674 899
675 679
675 816
675 928
675 971
676 795
676 806
676 902
676 916
676 979
676 989
677 721
677 989
678 732
678 812
678 837
678 976
679 703
679 708
679 900
679 976
680 709
680 755
680 793
680 805
680 849
680 999
681 710
681 728
681 802
681 873
682 909
682 911
683 734
683 736
683 790
683 797
683 818
683 937
683 947
683 996
684 751
684 859
684 870
684 944
684 978
684 980
685 799
685 881
685 910
687 740
687 899
687 973
688 860
688 877
688 911
688 983
689 695
689 779
689 951
690 707
690 765
690 978
691 721
691 747
692 858
692 915
693 743
693 989
694 773
694 794
694 866
694 948
694 949
695 973
696 907
696 921
697 757
697 918
698 948
700 812
700 955
702 824
702 986
702 994
703 737
703 778
703 888
703 923
703 949
704 729
704 758
704 896
704 944
704 961
705 891
705 906
705 992
706 848
706 856
707 901
708 943
709 715
709 748
709 978
710 821
710 828
710 910
711 761
711 833
711 854
711 924
711 958
712 769
712 955
713 793
713 875
713 942
715 958
716 799
716 948
717 735
717 765
717 776
717 928
717 929
718 757
718 793
718 818
718 857
718 986
719 787
719 871
720 790
720 831
720 943
721 786
721 833
721 928
721 963
721 975
722 799
722 814
722 878
722 898
722 945
723 999
725 767
725 773
725 843
725 889
725 968
726 727
726 847
727 820
727 825
728 881
728 991
729 834
729 905
730 768
731 885
731 921
731 980
731 983
732 779
732 955
732 956
733 955
734 832
734 864
734 986
735 795
735 806
735 809
735 913
736 816
738 750
738 820
738 826
738 937
739 742
739 782
739 870
740 785
740 870
740 924
740 959
741 792
741 808
741 859
741 885
742 921
742 940
744 856
744 861
744 896
744 916
744 979
745 789
745 797
746 808
746 854
746 933
747 779
747 805
747 917
747 981
748 758
748 761
748 841
748 863
748 904
748 948
749 750
749 929
750 769
750 777
750 920
750 929
750 930
750 985
751 764
751 950
751 952
751 956
752 779
752 850
753 802
753 876
754 779
754 986
755 888
756 789
756 947
757 938
758 796
758 964
759 782
759 800
760 795
760 849
760 896
760 934
760 935
761 796
761 866
761 920
761 932
761 989
762 765
762 773
762 805
762 950
762 976
763 881
763 943
764 877
765 849
766 767
766 980
768 919
769 812
769 854
770 842
771 851
771 880
772 944
772 959
772 970
774 906
774 909
774 952
775 807
775 809
775 936
775 949
777 942
777 963
779 898
779 955
780 820
780 873
780 978
781 783
782 811
782 911
782 912
782 936
783 784
783 793
783 808
783 866
783 875
783 926
784 866
785 833
785 965
788 820
788 938
788 998
789 957
790 855
791 864
791 982
791 999
792 830
792 959
792 992
794 799
794 860
794 935
794 948
796 844
796 961
797 884
797 924
797 974
799 804
799 877
800 896
800 912
800 980
801 820
801 954
802 819
802 847
802 850
802 918
802 970
804 915
804 925
804 942
805 973
806 839
806 926
806 971
807 892
807 937
809 955
810 862
811 829
811 915
811 917
811 992
812 824
812 877
812 908
812 934
812 991
813 950
813 954
816 910
816 942
816 982
817 902
818 836
819 824
819 836
819 907
819 966
820 841
820 959
820 969
821 864
821 951
821 998
822 842
822 882
822 965
824 859
824 951
825 911
825 974
826 912
827 883
827 898
827 970
828 842
828 859
828 904
829 962
830 850
831 931
831 935
832 881
832 969
833 842
833 865
833 936
834 879
834 952
836 914
837 840
837 981
838 943
839 880
840 878
840 899
840 933
840 992
841 854
841 859
843 960
843 998
844 850
844 985
845 900
846 863
847 862
847 882
847 884
847 986
848 960
848 980
849 943
849 970
850 877
850 902
850 997
851 907
851 958
852 980
853 944
853 973
854 893
854 987
856 914
857 866
858 930
859 965
860 910
860 992
861 922
862 930
862 963
862 986
862 997
863 922
864 929
864 974
864 976
864 991
865 938
866 884
867 920
870 997
871 876
871 989
871 990
871 997
872 967
873 971
875 966
875 967
876 897
877 927
878 934
879 910
879 953
880 950
881 894
881 944
881 973
882 883
883 928
883 957
883 978
884 909
884 968
884 996
884 999
885 944
885 988
888 967
890 994
891 893
892 929
893 909
893 922
893 995
894 919
895 899
895 982
896 903
896 959
897 961
898 902
899 908
901 961
903 925
903 973
904 954
904 993
906 914
906 938
908 914
908 965
909 943
910 925
911 931
912 965
915 955
916 945
920 950
922 937
923 985
926 985
927 997
931 988
932 938
932 948
932 973
934 968
935 976
936 989
937 956
937 983
938 971
938 974
939 956
941 950
942 980
943 956
944 974
944 980
950 969
951 959
952 998
955 991
957 969
963 997
967 979
967 996
984 985
992 998
996 997
