0
1000
6178
0
1
0
0 25
0 93
0 156
0 170
0 223
0 230
0 538
0 553
0 710
0 736
0 748
0 888
0 929
0 976
0 991
1 129
1 141
1 151
1 223
1 431
1 454
1 663
1 768
1 778
1 822
1 828
1 865
1 976
2 3
2 22
2 34
2 64
2 151
2 348
2 488
2 596
2 727
2 927
3 91
3 105
3 136
3 159
3 234
3 331
3 437
3 480
3 684
3 693
3 721
3 723
3 724
3 741
3 753
3 774
3 796
3 907
4 128
4 197
4 256
4 268
4 346
4 348
4 367
4 415
4 617
4 627
4 708
4 709
4 726
4 894
4 959
5 105
5 180
5 447
5 481
5 483
5 614
5 634
5 684
5 716
5 800
5 861
5 900
5 925
6 31
6 52
6 212
6 233
6 321
6 501
6 570
6 605
6 684
6 695
6 958
7 152
7 160
7 211
7 325
7 347
7 548
7 560
7 582
7 605
7 659
7 861
8 142
8 335
8 530
8 578
8 613
8 711
8 716
8 818
9 96
9 261
9 273
9 285
9 430
9 533
9 867
9 873
10 164
10 232
10 233
10 336
10 532
10 605
10 606
10 676
10 680
10 726
10 742
10 860
10 919
10 930
11 15
11 78
11 192
11 200
11 201
11 227
11 412
11 500
11 578
11 761
11 780
12 61
12 233
12 272
12 423
12 424
12 506
12 954
13 40
13 171
13 231
13 267
13 361
13 378
13 482
13 489
13 717
13 949
14 23
14 103
14 163
14 350
14 470
14 633
14 641
14 782
14 845
14 864
15 322
15 555
15 800
16 30
16 304
16 396
16 506
16 546
16 556
16 684
16 695
16 785
16 813
16 851
16 877
16 919
16 948
16 993
17 88
17 113
17 407
17 434
17 436
17 439
17 479
17 512
17 649
17 663
17 676
17 710
17 782
17 783
17 798
17 893
17 910
17 954
17 979
18 48
18 50
18 102
18 136
18 161
18 176
18 189
18 192
18 264
18 402
18 403
18 577
18 596
18 606
18 624
18 675
18 695
18 739
18 813
18 841
18 923
19 33
19 75
19 158
19 179
19 223
19 293
19 309
19 368
19 372
19 534
19 608
19 614
19 848
19 986
20 251
20 328
20 382
20 386
20 433
20 489
20 607
20 639
20 689
20 691
20 745
20 771
20 787
20 794
20 811
20 848
20 934
21 99
21 146
21 274
21 279
21 293
21 379
21 578
21 641
21 651
21 793
21 826
21 933
22 90
22 136
22 266
22 291
22 315
22 708
22 780
22 787
22 872
22 989
23 45
23 204
23 221
23 226
23 269
23 489
23 505
23 510
23 532
23 538
23 755
23 782
23 817
23 852
24 43
24 272
24 327
24 385
24 395
24 419
24 449
24 738
24 774
24 881
24 960
25 191
25 198
25 274
25 318
25 383
25 529
25 531
25 563
25 596
25 600
25 606
25 722
25 873
25 952
25 969
25 996
26 30
26 119
26 201
26 208
26 250
26 368
26 386
26 472
26 534
26 612
26 633
26 656
26 739
26 838
26 879
26 943
26 997
27 282
27 335
27 370
27 587
27 591
27 866
27 913
27 928
28 98
28 149
28 167
28 257
28 289
28 485
28 593
28 678
28 793
28 798
28 920
29 87
29 175
29 252
29 368
29 556
29 567
29 779
29 815
29 834
29 926
29 947
29 972
30 94
30 139
30 238
30 345
30 360
30 371
30 430
30 510
30 669
30 892
30 943
31 64
31 108
31 179
31 386
31 426
31 434
31 476
31 510
31 565
31 567
31 763
32 55
32 140
32 176
32 275
32 277
32 325
32 483
32 849
32 965
32 992
33 72
33 158
33 240
33 256
33 346
33 446
33 612
33 721
33 858
33 910
33 983
34 44
34 88
34 149
34 210
34 211
34 278
34 306
34 309
34 405
34 511
34 585
34 646
34 764
34 781
34 784
34 798
34 924
34 936
35 44
35 95
35 109
35 241
35 463
35 497
35 500
35 507
35 542
35 668
35 698
35 795
35 920
36 127
36 225
36 336
36 342
36 478
36 501
36 523
36 690
36 879
36 937
36 946
37 116
37 145
37 299
37 305
37 379
37 510
37 514
37 597
37 609
37 624
37 648
37 656
37 800
38 99
38 122
38 135
38 155
38 205
38 366
38 372
38 488
38 498
38 525
38 593
38 662
38 756
38 973
39 113
39 136
39 153
39 281
39 367
39 517
39 582
39 637
39 705
39 762
39 906
39 919
39 989
40 146
40 151
40 319
40 454
40 460
40 472
40 543
40 548
40 661
40 736
40 816
40 872
40 901
40 976
41 58
41 94
41 226
41 397
41 438
41 460
41 510
41 811
41 823
41 833
41 890
41 981
42 106
42 114
42 217
42 219
42 238
42 288
42 440
42 478
42 708
42 860
42 901
42 974
42 978
43 123
43 149
43 297
43 299
43 397
43 649
43 729
44 82
44 111
44 396
44 421
44 469
44 801
44 872
45 80
45 275
45 369
45 456
45 463
45 470
45 521
45 640
45 810
45 844
45 906
46 66
46 174
46 179
46 214
46 326
46 330
46 377
46 587
46 711
46 773
46 948
47 103
47 118
47 380
47 554
47 905
48 86
48 99
48 243
48 287
48 453
48 503
48 609
48 644
48 889
49 128
49 196
49 301
49 307
49 337
49 427
49 474
49 485
49 584
49 680
49 767
49 822
49 845
50 120
50 199
50 351
50 500
50 626
50 691
50 861
50 928
50 942
51 300
51 425
51 492
51 496
51 513
51 538
51 594
51 598
51 702
51 771
51 800
51 820
51 847
51 854
51 899
51 913
52 115
52 191
52 267
52 299
52 344
52 533
52 639
52 662
52 669
52 702
52 763
52 777
52 930
52 943
53 147
53 189
53 265
53 273
53 305
53 354
53 364
53 554
53 641
53 751
53 936
53 975
54 87
54 150
54 157
54 208
54 221
54 290
54 312
54 512
54 563
54 578
54 804
54 848
54 920
54 994
55 203
55 269
55 288
55 419
55 551
55 753
55 789
55 804
55 931
55 984
55 993
56 115
56 172
56 247
56 315
56 380
56 512
56 516
56 593
56 616
56 689
56 717
56 857
56 865
56 886
56 925
57 200
57 222
57 470
57 574
57 648
57 662
57 683
57 703
57 738
57 832
57 989
58 348
58 399
58 437
58 602
58 631
58 668
58 721
58 830
59 71
59 97
59 114
59 124
59 125
59 128
59 256
59 371
59 435
59 487
59 548
59 556
59 562
59 590
59 593
59 657
59 916
60 188
60 220
60 263
60 395
60 544
60 563
60 602
60 639
60 798
60 849
60 887
61 136
61 205
61 211
61 278
61 319
61 528
61 691
61 693
61 712
61 815
61 894
61 953
62 85
62 93
62 171
62 267
62 514
62 558
62 636
62 768
62 810
62 948
62 958
62 966
63 120
63 154
63 171
63 349
63 430
63 517
63 575
63 621
63 623
63 759
63 793
63 826
63 935
64 139
64 219
64 280
64 376
64 521
64 631
64 711
64 764
64 886
64 932
64 993
65 69
65 154
65 480
65 615
65 714
65 902
65 903
66 84
66 101
66 321
66 343
66 630
66 769
66 776
67 236
67 260
67 322
67 337
67 339
67 379
67 431
67 477
67 498
67 592
67 709
67 830
67 880
68 145
68 383
68 434
68 444
68 548
68 586
68 639
68 876
68 890
69 232
69 241
69 581
69 617
69 981
70 76
70 496
70 541
70 723
70 735
70 763
70 766
70 861
71 103
71 120
71 153
71 328
71 379
71 480
71 539
71 628
71 686
71 692
71 698
71 724
71 740
71 841
71 935
72 86
72 194
72 220
72 241
72 280
72 428
72 433
72 547
72 553
72 572
72 613
72 619
72 645
72 700
72 734
72 800
72 828
72 831
72 878
72 968
73 178
73 346
73 490
73 496
73 503
73 511
73 537
73 551
73 576
73 638
73 795
73 829
73 931
73 966
74 122
74 194
74 309
74 319
74 358
74 539
74 541
74 731
74 771
74 786
74 834
74 843
74 895
74 966
75 195
75 353
75 361
75 413
75 636
75 678
75 713
75 726
75 738
75 754
75 765
75 789
75 798
75 825
75 901
75 916
76 108
76 122
76 239
76 276
76 315
76 378
76 423
76 831
76 859
76 862
76 877
76 911
77 92
77 650
77 731
77 888
77 892
78 198
78 227
78 439
78 471
78 488
78 536
78 711
78 883
78 927
79 223
79 302
79 432
79 458
79 565
79 587
79 661
79 690
79 715
79 756
79 809
79 909
79 913
79 918
80 145
80 191
80 316
80 341
80 442
80 481
80 518
80 522
80 554
80 922
81 330
81 490
81 545
81 698
81 709
81 751
82 154
82 190
82 233
82 281
82 305
82 329
82 337
82 391
82 438
82 872
82 930
82 982
83 98
83 218
83 250
83 293
83 530
83 575
83 610
83 763
83 777
83 780
83 901
84 114
84 299
84 300
84 359
84 483
84 614
84 705
84 713
84 757
84 781
85 170
85 313
85 323
85 405
85 675
85 690
85 713
85 984
86 462
86 464
86 552
86 685
86 772
86 947
86 996
87 136
87 177
87 179
87 285
87 380
87 475
87 756
87 785
87 803
87 896
88 322
88 335
88 637
88 700
88 722
88 994
89 112
89 115
89 121
89 137
89 327
89 508
89 699
89 719
89 727
89 754
89 814
89 861
89 875
89 895
90 94
90 129
90 192
90 323
90 444
90 562
90 607
90 637
90 642
90 664
90 823
90 885
91 130
91 145
91 158
91 293
91 300
91 329
91 379
91 450
91 639
91 680
91 713
91 763
91 878
91 969
92 100
92 123
92 159
92 185
92 198
92 199
92 260
92 261
92 267
92 326
92 392
92 460
92 634
92 713
92 923
93 146
93 186
93 309
93 340
93 476
93 485
93 699
93 816
94 135
94 158
94 199
94 244
94 259
94 309
94 312
94 316
94 438
94 538
94 564
94 734
94 780
94 925
94 970
94 986
95 145
95 213
95 225
95 245
95 423
95 491
95 649
95 661
95 663
95 681
95 712
95 739
95 796
95 951
96 185
96 299
96 400
96 504
96 591
96 599
96 907
96 940
96 982
97 255
97 257
97 292
97 339
97 400
97 475
97 513
97 708
97 717
97 774
97 871
98 123
98 184
98 206
98 228
98 265
98 369
98 559
98 601
98 814
98 850
98 909
98 952
99 111
99 120
99 129
99 143
99 174
99 289
99 844
99 895
99 914
100 526
100 529
100 826
100 945
100 952
100 957
101 384
101 453
101 515
101 537
101 593
101 606
101 640
101 679
101 772
102 275
102 414
102 426
102 433
102 488
102 529
102 602
102 635
102 637
102 698
102 722
103 177
103 251
103 335
103 437
103 517
103 541
103 596
103 623
103 676
103 752
103 771
103 773
103 853
103 907
104 132
104 190
104 257
104 386
104 511
104 554
104 624
104 805
104 824
105 168
105 175
105 208
105 240
105 346
105 412
105 475
105 495
105 520
105 587
105 621
105 735
105 914
106 107
106 220
106 350
106 458
106 469
106 645
106 670
106 801
106 934
107 214
107 219
107 352
107 377
107 411
107 419
107 490
107 514
107 628
108 183
108 306
108 409
108 417
108 428
108 757
108 774
108 894
109 218
109 398
109 883
109 935
109 975
109 978
110 261
110 625
110 753
110 827
110 938
111 207
111 289
111 467
111 530
111 534
111 676
111 801
111 931
112 136
112 142
112 221
112 345
112 369
112 492
112 624
112 641
112 777
112 856
112 919
112 967
112 992
113 578
113 594
113 798
114 628
114 693
114 779
114 878
114 973
114 983
115 128
115 170
115 171
115 504
115 532
115 553
115 560
115 575
115 691
115 702
115 907
115 912
115 918
116 131
116 140
116 156
116 246
116 262
116 267
116 472
116 542
116 611
116 693
116 711
116 774
116 793
116 828
116 841
116 859
116 905
116 943
116 947
116 972
116 984
117 261
117 347
117 361
117 464
117 474
117 488
117 528
117 777
117 783
117 907
117 919
117 935
117 938
117 962
118 240
118 309
118 311
118 507
118 547
118 618
118 828
118 831
119 360
119 596
119 606
119 682
119 802
119 867
120 147
120 227
120 241
120 348
120 386
120 475
120 540
120 586
120 683
120 758
120 861
120 915
120 950
120 977
121 125
121 217
121 276
121 327
121 455
121 537
121 554
121 843
121 885
121 897
122 223
122 251
122 254
122 309
122 375
122 382
122 384
122 388
122 430
122 613
122 694
122 733
122 785
122 885
122 919
122 953
123 171
123 224
123 239
123 348
123 420
123 479
123 649
123 661
123 735
123 800
124 185
124 258
124 424
124 462
124 471
124 685
124 734
124 977
125 194
125 338
125 376
125 442
125 710
125 717
125 770
125 801
125 840
126 261
126 305
126 559
126 824
127 425
127 515
127 574
127 624
127 717
127 870
127 937
128 180
128 249
128 298
128 417
128 424
128 429
128 552
128 601
128 638
128 683
128 778
128 959
128 987
129 228
129 285
129 338
129 487
129 498
129 540
129 575
129 596
129 601
129 608
129 653
129 722
129 876
129 896
129 897
129 983
130 163
130 213
130 249
130 350
130 477
130 514
130 518
130 598
130 797
130 930
131 185
131 261
131 334
131 386
131 772
131 810
132 134
132 249
132 308
132 447
132 501
132 680
132 812
132 867
132 892
133 372
133 467
133 582
133 607
133 849
133 910
133 918
133 966
133 994
134 173
134 184
134 300
134 302
134 418
134 507
134 535
134 703
134 712
134 920
134 962
134 981
135 190
135 255
135 266
135 298
135 417
135 427
135 475
135 498
135 522
135 532
135 593
135 598
135 618
135 640
135 654
135 713
135 730
135 757
135 817
135 886
135 958
136 266
136 443
136 613
136 615
136 659
136 781
136 890
137 244
137 319
137 320
137 411
137 415
137 489
137 541
137 683
137 774
137 863
137 870
137 922
138 175
138 268
138 270
138 321
138 368
138 407
138 560
138 755
138 757
138 765
138 906
138 943
138 964
139 304
139 319
139 364
139 400
139 410
139 430
139 507
139 520
139 679
139 736
139 860
139 914
140 143
140 144
140 213
140 252
140 398
140 443
140 449
140 477
140 480
140 548
140 683
140 693
140 768
140 785
140 900
141 168
141 257
141 410
141 444
141 487
141 613
141 631
141 919
141 933
142 360
142 375
142 394
142 470
142 492
142 516
142 522
142 584
142 625
142 626
142 785
142 871
143 184
143 189
143 404
143 482
143 565
143 611
143 707
143 794
143 797
143 827
143 987
143 997
144 279
144 362
144 458
144 484
144 497
144 538
144 613
144 621
144 650
144 706
144 713
144 723
144 761
144 826
145 197
145 424
145 570
145 697
145 746
145 765
145 782
145 812
145 847
145 884
145 931
146 272
146 286
146 505
146 510
146 574
146 616
146 624
146 630
146 704
146 956
146 984
146 987
147 402
147 508
147 614
147 727
147 827
147 970
147 988
148 442
148 506
148 663
148 675
148 688
148 747
148 830
148 875
149 234
149 280
149 328
149 346
149 456
149 495
149 516
149 593
149 648
150 211
150 462
150 632
150 637
150 718
150 750
150 758
150 954
151 170
151 281
151 470
151 538
151 624
151 657
151 810
151 834
152 207
152 333
152 367
152 473
152 490
152 654
152 781
152 916
152 950
152 954
152 965
153 230
153 300
153 404
153 449
153 544
153 572
153 575
153 695
154 364
154 383
154 483
154 524
154 707
154 814
154 830
154 840
154 878
154 916
154 933
154 966
154 978
155 283
155 288
155 440
155 455
155 504
155 522
155 774
155 895
156 169
156 184
156 340
156 469
156 493
156 512
156 579
156 686
156 787
156 878
156 883
156 924
156 932
157 183
157 213
157 253
157 264
157 287
157 345
157 828
157 852
158 337
158 400
158 449
158 555
158 556
158 596
158 674
158 731
158 791
158 868
158 884
159 178
159 253
159 291
159 436
159 505
159 520
159 532
159 632
159 645
159 659
159 956
159 993
160 265
160 395
160 518
160 529
160 699
160 844
160 846
160 913
160 921
161 214
161 273
161 435
161 448
161 449
161 533
161 542
161 576
161 581
161 598
161 690
161 748
161 877
162 244
162 600
162 677
162 703
162 772
162 940
163 186
163 188
163 278
163 427
163 469
163 472
163 510
163 603
163 624
163 821
163 850
164 471
164 607
164 849
164 871
164 996
165 166
165 258
165 315
165 375
165 475
165 479
165 494
165 532
165 533
165 590
165 743
165 761
165 782
165 796
165 910
166 197
166 339
166 359
166 523
166 678
166 696
166 736
166 814
166 905
166 937
167 217
167 250
167 251
167 261
167 293
167 343
167 449
167 528
167 573
167 630
167 635
167 792
167 831
167 877
167 900
168 202
168 242
168 248
168 325
168 399
168 418
168 419
168 446
168 449
168 510
168 671
168 826
169 248
169 282
169 320
169 584
169 614
169 775
169 859
169 895
169 926
170 183
170 194
170 440
170 454
170 577
170 663
170 969
171 245
171 320
171 562
171 786
171 832
171 850
171 862
172 233
172 244
172 273
172 416
172 427
172 472
172 760
172 780
172 786
172 790
172 846
172 934
172 938
172 991
173 240
173 351
173 366
173 502
173 565
173 582
173 656
173 745
173 785
173 821
173 914
173 916
173 940
174 185
174 386
174 481
174 502
174 654
174 741
174 847
174 927
174 989
175 204
175 370
175 504
175 598
175 607
175 620
175 695
175 702
175 779
175 925
176 218
176 264
176 390
176 692
176 728
176 763
176 867
176 877
176 881
176 885
176 892
177 272
177 305
177 343
177 516
177 539
177 595
177 617
177 706
177 877
177 878
177 884
178 359
178 384
178 402
178 440
178 482
178 518
178 574
178 579
178 642
178 654
178 691
178 797
178 868
178 936
179 265
179 297
179 333
179 477
179 540
179 609
179 646
179 750
179 755
179 797
179 886
179 913
179 931
180 264
180 339
180 556
180 629
180 640
180 707
180 906
180 955
180 985
181 237
181 288
181 337
181 353
181 453
181 551
181 567
181 638
181 726
181 821
181 824
181 941
181 974
182 205
182 291
182 340
182 406
182 421
182 455
182 495
182 599
182 713
182 774
182 811
182 968
183 386
183 433
183 579
183 591
183 619
183 662
183 762
183 831
183 893
183 958
183 977
183 990
184 224
184 325
184 570
184 597
184 618
184 681
184 814
184 874
184 980
185 187
185 203
185 233
185 322
185 360
185 455
185 509
185 523
185 575
185 746
185 755
185 855
185 865
185 870
185 913
185 935
185 981
186 436
186 455
186 556
186 636
186 731
186 850
186 890
186 959
187 211
187 247
187 398
187 445
187 573
187 604
187 702
187 708
187 758
187 802
187 849
187 866
187 890
188 218
188 272
188 370
188 456
188 501
188 549
188 611
188 622
188 801
188 838
189 206
189 370
189 371
189 373
189 405
189 574
189 594
189 731
189 796
189 906
189 955
189 990
190 255
190 295
190 325
190 679
190 712
190 724
190 817
190 916
190 932
191 253
191 332
191 445
191 478
191 511
191 651
191 685
191 761
191 771
191 781
191 836
192 364
192 405
192 418
192 472
192 548
192 622
192 644
192 669
192 928
192 968
193 269
193 302
193 421
193 573
193 689
193 794
193 846
193 901
193 913
193 972
193 977
194 209
194 275
194 368
194 377
194 379
194 432
194 728
194 779
194 802
194 940
195 512
195 647
195 800
196 233
196 256
196 444
196 469
196 516
196 749
196 769
196 826
196 978
197 219
197 311
197 315
197 496
197 517
197 518
197 560
197 860
197 872
197 954
198 266
198 312
198 379
198 419
198 486
198 505
198 532
198 553
198 567
198 573
198 593
198 621
198 650
198 657
198 881
198 913
198 983
199 201
199 299
199 332
199 342
199 532
199 906
199 966
199 991
200 259
200 501
200 691
200 701
200 721
200 760
200 795
200 813
200 822
200 851
200 894
200 957
200 982
201 279
201 299
201 792
201 841
201 903
201 947
201 948
202 498
202 598
202 716
202 778
202 867
202 964
202 992
202 995
203 291
203 330
203 347
203 512
203 550
203 657
203 671
203 723
203 786
203 832
203 849
203 869
203 878
203 879
203 906
204 219
204 229
204 266
204 276
204 424
204 463
204 501
204 506
204 572
204 647
204 775
204 842
204 976
205 377
205 432
205 463
205 476
205 483
205 560
205 674
205 766
205 815
205 818
205 876
205 961
206 216
206 246
206 371
206 411
206 495
206 506
206 576
206 608
206 671
206 835
207 242
207 244
207 525
207 547
207 728
207 845
207 850
207 927
207 996
208 270
208 349
208 381
208 527
208 667
208 758
208 885
208 996
209 331
209 499
209 508
209 561
209 664
209 670
209 787
209 829
209 872
209 911
209 929
210 324
210 341
210 351
210 518
210 529
210 672
210 762
210 774
210 971
210 988
211 353
211 398
211 417
211 503
211 508
211 604
211 666
211 723
211 741
211 744
211 880
211 914
211 968
211 996
211 997
212 365
212 375
212 436
212 474
212 733
212 907
212 983
213 302
213 375
213 427
213 504
213 511
213 679
213 712
213 722
213 853
213 858
213 871
214 259
214 293
214 323
214 328
214 563
214 628
214 666
214 842
214 936
215 243
215 244
215 316
215 358
215 384
215 407
215 532
215 561
215 596
215 629
215 653
215 732
215 778
215 878
215 889
215 900
216 259
216 328
216 329
216 388
216 543
216 758
216 773
216 774
217 241
217 340
217 419
217 512
217 667
218 325
218 448
218 508
218 582
218 716
218 771
218 961
219 266
219 397
219 460
219 493
219 507
219 751
219 854
219 947
220 240
220 267
220 298
220 309
220 377
220 489
220 680
220 725
220 769
220 923
220 943
220 967
221 419
221 424
221 546
221 561
221 699
221 768
221 789
221 801
221 862
221 886
221 942
221 958
222 590
222 617
222 699
222 704
222 778
222 868
222 990
223 328
223 746
223 796
223 834
223 871
223 937
223 972
224 287
224 323
224 343
224 653
224 813
224 826
225 239
225 364
225 522
225 558
225 606
225 698
225 883
225 885
225 912
225 922
225 944
226 268
226 344
226 699
226 729
227 434
227 469
227 470
227 476
227 485
227 559
227 593
227 687
227 714
227 721
227 748
227 848
227 884
227 914
227 936
227 997
228 467
228 513
228 514
228 641
228 675
228 917
228 952
228 965
229 502
229 527
229 576
229 603
229 694
229 755
229 822
229 935
230 263
230 501
230 633
230 659
230 685
230 827
230 883
231 315
231 432
231 476
231 581
231 792
232 277
232 376
232 404
232 407
232 445
232 496
232 572
232 592
232 599
232 669
232 701
232 824
232 906
233 297
233 383
233 409
233 535
233 539
233 568
233 678
233 694
233 698
233 904
233 924
234 243
234 408
234 459
234 465
234 511
234 543
234 643
234 786
234 816
234 840
234 962
234 981
235 247
235 266
235 294
235 489
235 552
235 612
235 666
235 680
235 684
235 708
235 846
235 933
235 980
236 309
236 342
236 441
236 476
236 527
236 528
236 688
236 730
236 785
236 847
236 929
237 492
237 675
237 935
237 965
237 975
238 277
238 324
238 403
238 618
238 630
238 756
238 905
238 921
238 938
239 290
239 322
239 332
239 378
239 455
239 495
239 582
239 834
239 995
240 307
240 312
240 562
240 641
240 695
240 755
240 810
240 833
241 298
241 362
241 406
241 601
241 622
241 631
241 658
241 677
241 739
241 958
241 970
242 361
242 466
242 467
242 477
242 533
242 581
242 687
242 819
242 880
243 252
243 339
243 388
243 450
243 475
243 587
243 685
243 715
243 747
243 781
243 824
243 830
243 860
244 382
244 513
244 667
244 741
244 807
244 815
244 893
244 986
244 997
245 269
245 440
245 855
246 420
246 464
246 533
246 804
246 926
246 930
246 966
247 281
247 339
247 508
247 656
247 731
247 732
247 884
247 983
248 438
248 491
248 872
249 778
249 881
250 286
250 429
250 464
250 988
251 295
251 369
251 484
251 506
251 987
252 351
252 448
252 498
252 502
252 616
252 621
252 688
252 839
252 840
252 992
253 478
253 643
253 649
253 664
253 718
253 857
253 912
254 296
254 375
254 397
254 471
254 475
254 558
254 705
254 737
254 762
254 782
254 869
254 903
255 323
255 333
255 349
255 449
255 458
255 555
255 616
255 646
255 757
255 776
255 894
256 345
256 381
256 391
256 393
256 433
256 691
256 825
256 907
256 940
256 981
257 332
257 344
257 355
257 370
257 588
257 604
257 608
257 823
257 841
257 850
257 921
257 989
258 318
258 332
258 428
258 437
258 573
258 588
258 599
259 449
259 530
259 597
259 635
259 763
259 785
259 826
259 851
259 899
259 935
260 272
260 306
260 360
260 457
260 471
260 549
260 668
260 686
260 886
260 888
260 903
261 308
261 332
261 355
261 374
261 845
261 869
261 978
261 997
262 336
262 338
262 435
262 492
262 508
262 654
262 707
262 776
262 964
262 974
263 333
263 411
263 497
263 534
263 548
263 647
263 658
263 704
263 738
263 842
263 984
264 271
264 411
264 446
264 536
264 659
264 708
264 862
264 898
264 899
264 906
264 937
264 996
265 351
265 417
265 479
265 489
265 568
265 574
265 638
265 661
265 680
265 754
265 858
266 461
266 500
266 516
266 640
266 952
266 992
267 289
267 350
267 456
267 499
267 518
267 534
267 692
267 699
267 926
267 961
268 356
268 451
268 468
268 472
268 552
268 736
268 751
268 827
268 959
268 978
269 358
269 408
269 501
269 615
269 627
269 751
270 370
270 404
270 465
270 587
270 615
270 715
270 722
270 830
270 965
271 437
271 509
271 555
271 556
271 629
271 679
271 743
271 877
271 900
272 292
272 322
272 340
272 372
272 392
272 463
272 723
272 763
272 820
272 905
272 993
273 339
273 407
273 410
273 446
273 463
273 562
273 715
273 765
273 819
273 869
273 941
274 369
274 461
274 520
274 633
274 819
274 827
274 843
274 878
275 281
275 559
275 564
275 620
275 628
275 734
275 810
275 862
275 877
275 895
275 936
275 981
276 366
276 377
276 417
276 487
276 565
276 614
276 886
276 918
277 366
277 373
277 570
277 593
277 648
277 781
277 861
277 958
277 992
278 346
278 578
278 604
278 784
278 790
278 910
278 927
279 306
279 340
279 487
279 658
279 826
279 843
279 967
279 980
280 382
280 400
280 447
280 460
280 653
280 789
280 823
280 894
281 287
281 396
281 419
281 482
281 544
281 614
281 636
281 727
281 794
281 920
282 388
282 499
282 562
282 611
283 298
283 378
283 456
283 511
283 727
283 789
283 823
283 870
283 891
283 910
284 314
284 466
284 493
284 767
284 784
284 849
284 864
284 899
284 921
284 931
285 463
285 475
285 571
285 656
285 687
285 852
285 853
285 910
285 970
286 359
286 363
286 395
286 430
286 602
286 626
286 728
286 807
286 897
286 962
286 993
287 307
287 314
287 530
287 568
287 597
287 672
287 726
287 737
287 858
287 901
287 949
288 291
288 364
288 366
288 421
288 553
288 661
288 692
288 693
288 714
288 947
289 624
289 659
289 764
289 881
289 909
290 301
290 311
290 384
290 444
290 447
290 487
290 574
290 594
290 609
290 610
290 687
290 699
290 780
290 865
291 310
291 403
291 605
291 728
291 766
292 388
292 453
292 523
292 555
292 619
292 672
292 750
292 998
293 322
293 417
293 516
293 532
293 572
293 582
293 953
294 464
294 595
294 724
294 893
294 941
294 963
295 324
295 374
295 630
295 730
295 807
295 817
295 842
295 987
296 341
296 363
296 369
296 449
296 713
296 851
296 889
296 924
296 946
297 329
297 344
297 392
297 394
297 408
297 409
297 428
297 562
297 819
297 948
297 964
298 341
298 502
298 871
299 326
299 545
299 638
299 737
299 745
299 826
299 846
299 871
299 880
299 931
300 474
300 498
300 681
300 728
300 763
300 810
300 847
301 324
301 327
301 467
301 574
301 837
301 887
302 373
302 397
302 433
302 468
302 480
302 634
302 714
302 748
302 808
302 830
302 982
303 338
303 385
303 402
303 456
303 559
303 639
303 716
303 792
303 883
303 894
303 997
304 365
304 658
304 685
304 754
304 811
304 853
304 936
304 953
304 981
304 984
305 355
305 361
305 442
305 505
305 580
305 714
305 791
305 936
305 948
306 340
306 349
306 438
306 680
306 719
306 879
306 929
306 985
307 359
307 426
307 556
307 584
307 587
307 868
307 973
307 988
308 361
308 387
308 403
308 405
308 411
308 661
308 684
308 708
308 915
308 930
309 398
309 504
309 597
309 616
309 720
309 737
309 820
309 845
309 871
310 338
310 364
310 373
310 512
310 557
310 579
310 599
311 344
311 487
311 493
311 583
311 593
311 639
311 652
311 757
311 776
311 777
311 833
311 905
311 917
312 437
312 475
312 576
312 662
312 685
312 779
312 805
312 828
312 990
313 329
313 641
313 658
313 711
313 873
313 900
313 969
314 352
314 457
314 638
314 806
314 954
315 386
315 393
315 529
315 531
315 617
315 794
316 412
316 428
316 623
316 784
317 327
317 607
317 789
317 827
317 892
317 907
317 962
318 605
318 687
318 727
318 800
318 822
318 837
318 873
318 897
318 917
318 954
319 491
319 504
319 508
319 541
319 582
319 594
319 738
319 913
319 985
319 987
320 335
320 357
320 391
320 441
320 593
320 818
320 936
321 387
321 458
321 512
321 528
321 637
321 732
322 328
322 383
322 439
322 465
322 524
322 575
322 607
322 660
322 754
322 869
322 920
322 932
322 949
322 951
323 325
323 539
323 541
323 765
323 801
323 806
323 815
323 820
323 827
323 859
323 953
324 341
324 369
324 421
324 483
324 605
324 678
324 742
324 868
324 967
324 973
325 342
325 459
325 581
325 632
325 708
325 804
325 830
325 878
326 458
326 748
326 840
326 890
326 968
327 744
327 748
327 751
327 820
328 454
328 480
328 490
328 512
328 514
328 648
328 730
328 770
328 775
328 827
328 832
328 852
328 952
329 543
329 588
329 731
329 787
329 847
329 922
329 969
330 428
330 440
330 635
330 787
330 950
330 954
330 961
331 335
331 362
331 377
331 383
331 412
331 577
331 805
331 827
331 896
331 989
332 408
332 455
332 485
332 504
332 608
332 636
332 637
332 703
332 855
332 866
333 388
333 404
333 492
333 830
333 895
333 996
334 354
334 382
334 430
334 511
334 533
334 570
334 651
334 703
334 710
334 772
334 843
334 947
335 437
335 553
335 637
335 669
335 693
335 701
335 722
335 764
335 774
335 806
335 977
336 347
336 372
336 377
336 418
336 456
336 553
336 642
336 799
336 839
336 910
336 920
337 488
337 537
337 708
337 709
337 750
337 813
337 836
337 904
338 444
338 566
338 618
338 692
338 741
338 781
338 792
338 839
339 457
339 468
339 486
339 496
339 499
339 510
339 577
339 725
339 842
339 897
339 970
340 360
340 438
340 496
340 660
340 769
340 780
341 572
341 670
341 712
341 785
341 838
341 891
341 900
342 401
342 410
342 565
342 577
342 775
342 959
342 960
343 371
343 397
343 441
343 520
343 548
343 551
343 580
343 607
343 676
343 918
343 946
344 408
344 436
344 438
344 504
344 584
344 708
344 730
344 778
344 802
344 832
344 852
344 862
344 865
344 941
345 469
345 664
345 739
345 818
345 820
345 825
345 838
345 909
345 938
346 420
346 591
346 669
346 760
346 827
346 910
347 350
347 474
347 511
347 601
347 709
347 797
347 847
347 884
348 398
348 438
348 541
348 586
348 604
348 642
348 737
348 893
348 982
349 369
349 370
349 563
349 620
349 672
349 827
349 829
349 848
349 925
350 385
350 446
350 576
350 801
351 369
351 456
351 466
351 612
351 709
351 847
351 866
351 873
351 955
351 976
352 386
352 424
352 445
352 513
352 542
352 624
352 662
352 729
352 837
352 855
353 432
353 451
353 559
353 647
354 446
354 491
354 570
354 599
354 602
354 635
354 700
354 805
354 821
354 899
355 370
355 433
355 448
355 629
355 673
355 732
355 745
355 915
356 549
357 704
357 801
357 822
357 871
357 971
358 459
358 513
358 570
358 608
358 619
358 737
358 871
359 360
359 402
359 423
359 504
359 606
359 621
359 691
359 696
359 809
359 847
359 922
360 545
360 672
360 685
360 686
360 697
360 876
361 419
361 501
361 571
361 609
361 637
361 751
361 780
361 836
361 871
361 926
362 529
362 550
362 559
362 721
362 788
362 792
362 830
362 838
362 854
363 479
363 520
363 618
363 629
363 660
363 699
363 758
363 801
363 882
363 919
363 948
363 955
363 980
364 471
364 504
364 621
364 642
364 776
365 390
365 758
365 887
365 905
365 927
365 933
366 379
366 435
366 496
366 733
366 751
366 927
366 945
367 372
367 465
367 680
367 695
367 709
367 763
367 813
367 814
367 884
367 932
367 979
367 992
368 497
368 508
368 541
368 569
368 572
368 613
368 665
368 929
368 936
369 486
369 507
369 512
369 631
369 663
369 770
369 794
369 870
369 901
369 912
369 917
369 969
370 476
370 525
370 531
370 542
370 601
370 722
370 754
370 802
370 850
370 864
370 894
371 414
371 568
371 629
371 691
371 788
371 819
372 501
372 563
372 584
372 681
372 687
372 732
372 796
372 853
372 876
372 973
373 708
373 859
373 902
373 957
373 996
374 486
374 523
374 525
374 534
374 606
374 878
375 380
375 386
375 429
375 519
375 601
375 757
375 857
376 409
376 411
376 434
376 476
376 643
376 818
376 858
376 945
376 989
377 483
377 489
377 523
377 533
377 618
377 644
377 665
377 684
377 690
377 747
377 851
378 498
378 622
378 643
378 664
378 732
378 932
378 938
379 412
379 451
379 644
379 779
379 792
379 942
380 413
380 468
380 491
380 609
380 694
380 799
380 888
380 927
381 502
381 592
381 689
381 704
381 774
381 816
381 957
381 979
382 407
382 435
382 438
382 439
382 446
382 483
382 512
382 588
382 707
382 721
382 728
382 741
382 762
382 872
383 400
383 753
383 837
383 925
383 986
384 441
384 511
384 528
384 624
384 640
384 648
384 732
385 386
385 426
385 467
385 512
385 532
385 562
385 778
385 874
385 929
385 936
386 388
386 400
386 423
386 563
386 566
386 637
387 497
387 511
387 615
387 625
387 672
387 890
387 992
388 390
388 394
388 689
388 694
388 819
388 960
389 506
389 631
389 682
389 736
389 826
389 907
389 995
390 603
390 894
391 426
391 474
391 538
391 619
391 700
391 742
391 851
392 407
392 410
392 470
392 700
392 776
392 810
392 849
392 868
392 961
393 495
393 500
393 528
393 531
393 555
393 572
393 598
394 424
394 652
394 778
395 417
395 639
395 755
395 857
395 945
395 973
395 976
396 413
396 452
396 498
396 711
396 842
396 942
396 971
396 977
397 540
397 606
397 697
397 702
397 724
397 831
397 893
397 908
398 406
398 526
398 550
398 741
398 860
398 939
398 968
399 404
399 759
399 791
399 816
399 913
399 928
399 934
400 464
400 494
400 513
400 683
400 701
400 713
400 723
400 769
400 861
400 887
401 418
401 434
401 459
401 589
401 700
401 790
401 990
402 424
402 644
402 680
402 713
402 741
402 744
402 874
403 423
403 665
403 691
403 724
403 746
403 819
403 901
403 915
403 962
404 412
404 444
404 544
404 896
404 971
405 423
405 452
405 555
405 659
405 855
405 893
405 899
405 967
406 483
406 499
406 515
406 524
406 525
406 552
406 582
406 631
406 708
406 739
406 897
406 929
406 972
406 985
407 541
407 547
407 576
407 596
407 706
407 711
407 718
407 729
407 766
407 777
407 818
407 839
407 842
407 940
407 951
407 956
408 478
408 559
408 668
408 698
408 738
408 905
408 935
409 424
409 433
409 463
409 493
409 603
409 608
409 706
409 716
409 743
409 746
409 789
409 812
409 888
409 956
410 662
411 621
411 756
411 844
411 967
412 446
412 637
412 649
412 788
412 801
412 823
412 843
413 654
414 511
414 565
414 628
414 732
414 754
414 825
414 836
414 842
414 865
414 957
415 547
415 562
415 595
415 814
415 932
415 964
415 972
416 556
416 558
416 617
416 713
416 810
416 822
416 873
416 971
416 972
416 973
416 983
417 418
417 421
417 541
417 557
417 723
417 777
417 781
417 898
417 994
418 623
418 675
418 815
418 888
418 912
418 998
419 435
419 492
419 618
419 703
420 497
420 553
420 776
420 818
420 970
420 972
420 980
420 998
421 423
421 441
421 553
421 567
421 578
421 708
421 727
421 771
421 776
421 807
421 825
422 443
422 467
422 490
422 574
422 639
422 651
422 686
422 697
422 721
422 792
422 795
422 970
423 749
423 806
423 872
424 515
424 630
424 637
424 664
424 733
424 928
425 562
425 667
425 720
425 773
426 531
426 610
426 671
426 941
426 945
426 975
427 602
427 777
427 909
427 928
427 929
427 951
428 478
428 493
428 603
428 621
428 628
428 650
428 871
429 503
429 505
429 907
430 830
430 843
430 883
430 983
431 540
431 685
431 803
431 816
432 470
432 632
432 690
432 856
432 968
433 559
433 634
433 720
433 812
433 966
433 996
434 555
434 587
434 682
434 723
434 753
434 775
434 799
435 542
435 648
435 649
435 715
436 584
436 585
436 602
436 641
436 658
436 711
436 759
436 806
437 468
437 573
437 667
437 693
437 744
437 931
437 960
438 766
438 794
438 824
438 901
438 924
438 967
439 471
439 567
439 618
439 636
439 650
440 469
440 526
440 547
440 585
440 609
440 791
440 804
440 822
441 498
441 529
441 641
441 726
441 765
441 929
441 940
441 992
442 484
442 569
442 575
442 608
442 629
442 702
442 772
442 887
443 486
443 510
443 643
443 743
443 798
443 827
443 831
443 861
443 899
443 902
443 904
444 461
444 466
444 527
444 566
444 648
444 726
444 756
444 844
444 937
444 973
445 691
445 815
446 538
446 563
446 564
446 704
446 831
446 943
447 513
447 674
447 699
447 841
447 875
447 924
447 996
448 472
448 477
448 499
448 692
448 716
448 839
448 852
449 582
449 585
449 765
449 879
449 927
450 613
450 617
450 686
450 695
450 759
450 794
450 858
450 926
451 457
451 495
451 512
451 546
451 554
451 711
451 766
451 867
451 872
452 529
452 597
452 615
452 718
452 828
452 915
453 554
453 626
453 681
453 825
454 543
454 553
454 805
454 822
454 997
455 680
455 774
455 953
455 965
456 615
456 663
456 748
456 828
456 870
456 872
456 877
456 885
456 977
457 478
457 607
457 665
457 736
457 794
457 999
458 543
458 572
458 600
458 626
458 934
458 958
459 602
459 795
459 803
459 838
459 854
459 907
459 937
459 977
460 539
460 662
460 758
460 791
460 856
460 879
460 935
460 978
461 659
461 737
461 766
461 846
462 464
462 537
462 550
462 561
462 614
462 664
462 874
462 926
462 942
463 664
463 880
463 976
464 515
464 608
464 729
464 803
464 811
464 876
464 915
464 936
464 956
465 491
465 897
466 502
466 553
466 605
466 607
466 662
466 701
466 722
466 742
466 781
466 908
466 961
466 965
466 983
467 479
467 481
467 584
467 653
467 697
467 748
467 772
467 794
467 890
467 891
467 909
467 926
468 500
468 689
468 827
468 977
469 505
469 519
469 671
469 735
469 746
469 799
469 889
469 932
470 677
470 881
470 882
470 890
471 481
471 548
471 604
471 748
471 861
471 873
471 895
471 941
471 942
471 977
471 986
472 573
472 603
472 832
472 924
472 933
473 609
473 619
473 644
473 817
473 883
474 519
474 748
475 634
475 642
475 729
475 764
475 773
475 774
476 490
476 595
476 681
476 686
476 892
476 930
477 554
477 636
477 681
477 702
477 771
477 881
477 905
478 643
478 684
478 802
478 842
478 890
478 969
479 482
479 534
479 641
479 661
479 768
479 776
479 819
479 893
480 492
480 677
480 691
480 701
480 744
480 845
481 493
481 603
481 671
481 729
481 828
481 953
482 545
482 565
482 574
482 680
482 691
482 733
482 753
482 775
482 810
482 868
482 883
482 893
483 531
483 677
483 797
483 867
484 649
484 772
485 490
485 495
485 630
485 752
485 805
485 818
485 985
486 531
486 593
486 622
486 837
486 860
487 768
487 944
487 994
488 566
488 757
488 863
488 943
489 582
489 756
489 764
489 850
489 875
490 884
490 962
491 502
491 708
491 776
491 832
491 838
491 916
492 593
492 611
492 823
492 873
492 992
493 676
493 832
493 875
493 939
493 959
493 970
494 643
494 647
494 711
494 736
494 795
494 815
494 833
495 501
495 509
495 516
495 559
495 617
495 622
495 634
495 823
495 853
495 952
496 594
496 714
496 833
496 917
497 534
497 953
498 503
498 510
498 516
498 547
498 612
498 666
498 698
498 763
498 872
498 883
498 934
498 944
499 558
499 579
499 588
499 625
499 637
499 827
499 871
499 945
499 982
500 511
500 514
500 568
500 937
501 561
501 704
501 757
501 785
501 787
501 881
502 522
502 630
502 790
502 824
502 904
502 988
503 505
503 559
503 667
503 694
503 854
503 882
504 783
504 861
504 862
504 919
505 546
505 590
505 599
505 643
505 814
505 986
506 529
506 936
507 957
507 971
508 560
508 702
508 747
508 824
508 841
508 892
508 984
509 665
509 896
510 635
510 882
511 735
511 750
511 804
511 826
511 867
511 900
512 662
512 667
512 721
512 783
512 902
512 908
513 533
513 549
513 566
513 620
513 633
513 684
513 714
513 734
513 765
513 837
513 989
514 535
514 540
514 546
514 622
514 663
514 747
514 891
514 931
515 590
515 596
515 597
515 683
515 696
515 770
515 902
515 948
516 744
516 772
516 775
516 789
516 838
516 920
516 936
517 769
517 832
517 940
517 967
517 975
518 579
518 654
518 672
518 682
518 696
518 972
519 520
519 523
519 531
519 561
519 653
519 768
519 942
520 778
520 802
520 840
520 918
521 759
522 686
522 710
522 775
522 779
522 811
522 885
522 939
522 963
523 533
523 617
523 633
523 648
523 662
523 736
523 802
523 840
523 844
523 892
524 634
524 688
524 698
524 820
524 842
524 844
524 997
525 621
525 664
525 785
525 938
526 591
526 660
526 780
526 823
526 852
526 891
527 655
527 734
527 743
527 744
527 788
527 791
527 813
527 847
527 956
528 541
528 696
528 799
528 828
528 855
528 876
528 880
529 614
529 637
529 761
529 815
529 842
530 542
530 613
530 644
530 785
530 812
530 860
530 874
530 909
531 691
531 973
532 653
532 669
532 678
532 692
533 538
533 677
533 747
533 792
533 815
533 859
533 925
533 951
534 592
534 603
534 834
534 938
534 961
534 970
535 536
535 625
535 703
535 751
535 785
535 862
535 904
535 940
535 946
535 955
535 959
536 652
536 771
536 796
536 807
536 839
537 810
537 820
537 826
537 842
537 898
537 920
538 599
538 672
538 818
538 912
538 958
538 997
539 609
539 622
539 694
539 743
539 859
539 961
540 558
540 611
540 674
540 865
540 868
540 878
540 915
541 711
541 848
542 565
542 569
542 623
542 686
542 762
543 577
543 582
543 589
543 617
543 637
543 669
543 767
544 761
544 897
544 969
545 650
545 657
545 743
545 769
545 816
545 865
545 986
546 581
546 631
546 636
546 697
546 713
546 719
546 787
546 830
546 843
546 878
546 889
547 561
547 743
547 807
547 949
548 775
548 788
548 852
548 987
548 998
549 762
549 792
549 847
549 881
549 892
550 557
550 709
550 865
550 877
550 899
552 599
552 604
552 753
552 939
552 987
553 568
553 573
553 640
553 644
553 656
553 705
553 833
553 882
553 982
554 614
554 676
554 709
554 879
554 967
555 583
555 598
555 632
555 730
555 790
555 816
556 582
556 696
556 728
556 758
556 794
556 859
556 865
556 874
556 966
557 589
557 608
557 679
557 734
557 807
557 858
557 893
557 913
557 929
558 620
558 628
558 655
558 814
558 829
558 918
559 631
559 917
560 590
560 718
560 788
560 828
561 600
561 668
561 859
561 877
561 984
562 650
562 683
562 753
562 789
562 922
562 951
563 617
563 855
564 602
564 613
564 670
564 745
564 780
564 842
564 864
564 939
565 589
565 766
565 791
565 808
565 906
566 572
566 690
566 768
566 795
566 848
567 896
567 953
567 958
568 616
568 854
568 962
568 964
569 607
569 780
570 637
570 650
570 681
570 702
570 772
570 822
570 869
570 871
570 882
570 918
570 927
570 945
571 612
571 624
571 634
571 689
571 725
571 750
571 802
571 859
571 861
571 960
572 592
572 661
572 683
572 712
572 806
572 870
572 872
572 910
572 943
573 635
573 718
573 924
574 606
574 696
574 867
574 971
574 990
575 598
575 739
575 740
575 767
575 770
575 973
576 753
576 829
576 863
576 946
577 591
577 836
578 909
579 625
579 658
579 702
579 723
579 780
579 884
580 609
580 686
580 836
580 884
580 921
580 972
581 808
582 635
582 720
583 627
583 654
583 685
583 686
584 710
584 864
584 870
585 661
585 802
585 835
585 927
585 937
585 960
585 993
586 625
586 680
586 698
586 828
586 856
586 859
587 688
587 898
588 608
588 633
588 849
589 605
589 642
589 773
589 817
589 832
589 917
590 646
590 674
590 677
590 695
590 922
590 986
591 602
591 833
591 841
591 878
591 920
592 707
592 745
592 836
592 885
592 919
592 927
592 992
593 657
593 661
593 669
593 717
593 718
593 769
593 848
593 877
593 954
593 977
593 997
594 605
594 649
594 698
594 735
594 743
594 826
594 882
594 934
595 640
595 896
595 902
595 994
596 613
596 637
596 664
596 943
597 718
597 786
597 979
598 617
598 717
598 739
598 749
598 829
598 857
598 921
599 627
599 775
599 782
599 867
600 649
600 831
601 987
602 667
602 808
602 819
602 863
602 989
603 611
603 700
603 709
603 874
603 994
604 608
604 622
604 673
604 784
604 930
604 991
605 635
605 763
605 773
605 815
605 853
605 875
605 889
606 733
606 801
606 895
606 959
607 629
607 802
607 952
608 754
608 827
608 837
608 895
608 940
609 750
610 635
610 782
610 784
610 980
610 982
611 634
611 826
611 877
611 927
612 694
612 736
612 754
612 817
612 921
612 930
612 970
612 975
613 618
613 622
613 650
613 735
613 752
613 888
614 654
614 698
614 727
614 740
614 784
614 847
615 628
615 698
615 750
615 870
615 951
615 961
615 999
616 737
616 869
616 874
616 926
617 679
617 802
617 886
617 955
617 997
618 679
618 957
618 966
619 723
619 807
619 857
619 950
619 951
619 994
620 648
620 705
620 715
620 817
621 652
621 709
621 916
621 961
622 825
622 851
622 974
623 648
623 659
623 665
623 691
623 695
623 736
623 839
623 872
623 873
623 975
624 711
624 722
624 806
624 915
625 702
625 719
625 731
625 771
625 979
626 751
626 854
626 873
626 965
627 653
627 692
627 779
627 877
628 739
628 817
628 941
628 960
628 991
629 892
629 915
630 735
630 778
630 786
630 791
630 843
630 949
631 831
631 832
631 865
631 944
631 953
632 712
632 742
633 951
633 992
634 742
634 766
634 885
634 927
635 654
635 671
635 715
635 773
635 941
636 649
636 651
636 663
636 673
636 695
636 715
636 842
636 886
636 895
636 957
637 774
637 775
637 824
637 915
637 975
638 690
638 772
638 797
638 880
639 827
639 895
639 923
640 641
640 703
640 799
640 922
640 965
640 973
640 998
641 702
641 710
641 745
641 780
641 931
641 949
641 951
641 982
642 672
642 711
642 813
642 814
642 815
642 862
642 946
642 963
643 762
643 814
643 892
643 963
643 975
644 795
644 830
644 912
644 980
644 997
645 671
645 697
645 911
646 673
646 709
646 874
646 915
647 705
647 769
647 888
647 917
647 942
648 683
648 690
648 707
648 713
649 674
649 686
649 860
649 871
649 965
649 982
650 660
650 687
650 795
650 862
650 882
650 912
651 656
651 817
652 798
652 840
652 916
652 956
652 957
652 996
653 768
653 875
653 929
653 969
654 977
655 702
655 739
656 715
656 717
656 739
656 880
656 890
656 928
657 660
657 777
657 796
657 909
657 991
657 999
658 774
658 853
658 863
658 916
659 669
659 680
659 947
659 961
660 864
660 884
660 962
661 680
661 684
661 713
661 752
661 788
661 850
661 889
661 939
662 824
662 925
662 951
662 993
663 911
663 925
664 679
664 767
664 768
664 886
665 675
665 744
665 783
665 859
665 945
666 698
666 852
666 903
667 756
667 764
667 914
667 953
668 681
668 699
668 745
668 864
668 869
668 973
669 725
669 825
669 982
670 788
670 881
671 732
671 935
672 742
672 852
672 913
673 781
673 961
674 707
674 723
674 764
674 779
674 820
674 941
674 958
675 920
675 941
676 691
676 760
676 985
677 732
677 809
677 874
677 938
678 948
678 972
679 739
679 771
679 847
679 849
680 797
680 954
680 969
681 827
681 877
681 972
682 727
682 742
682 876
682 925
683 776
684 713
684 767
684 800
684 831
684 961
685 748
685 783
685 927
686 727
686 759
686 764
686 786
686 821
687 725
687 758
687 808
687 821
687 963
687 991
688 811
688 836
688 847
688 919
688 952
689 784
689 843
689 901
689 942
690 806
691 706
691 805
691 819
691 929
692 738
692 964
693 864
693 915
694 697
694 704
694 740
694 987
695 838
695 844
695 885
695 921
695 937
695 969
696 799
696 932
696 976
697 942
697 956
698 702
698 805
698 836
698 885
698 960
699 765
699 801
700 794
700 813
700 833
700 845
700 941
701 725
701 792
701 872
701 986
702 835
703 788
703 800
703 813
703 835
703 854
704 840
704 931
705 938
706 924
706 980
707 723
707 847
707 873
707 894
708 720
708 753
708 813
708 896
708 909
708 986
709 725
709 766
710 759
710 782
710 877
711 797
711 810
711 856
711 931
712 786
712 788
712 990
713 769
713 770
713 876
713 979
714 729
714 790
714 846
714 894
714 924
714 963
714 980
715 924
715 929
716 740
716 831
716 977
717 726
717 873
717 883
718 790
718 847
718 898
718 972
719 791
719 928
719 940
720 760
720 813
720 921
721 736
721 785
721 864
721 903
721 916
721 940
721 945
722 741
722 760
722 843
722 870
722 875
722 991
723 776
723 855
723 857
723 986
724 727
724 943
725 970
725 990
726 765
726 775
726 843
726 890
726 960
727 895
727 933
727 966
727 985
728 737
728 913
728 923
729 739
729 752
729 828
729 836
729 864
729 867
730 737
730 826
730 907
730 909
730 937
731 757
731 787
731 926
731 941
731 961
731 992
732 862
732 975
733 759
733 909
733 997
734 753
734 785
734 937
734 956
735 812
736 978
737 819
737 833
737 938
737 939
738 757
738 916
738 968
739 782
739 815
739 842
739 893
739 928
739 992
740 761
740 852
740 985
740 986
740 994
741 818
741 836
741 853
741 958
741 962
742 760
742 771
742 813
742 828
742 932
742 943
742 945
742 958
742 974
743 847
743 891
744 750
744 788
744 920
744 925
744 945
744 963
745 885
745 915
745 958
746 869
746 909
746 924
746 950
747 776
748 755
748 821
748 902
748 939
748 963
748 996
749 762
749 845
749 937
749 938
750 836
750 864
750 894
750 934
750 962
750 968
751 840
751 870
751 911
752 770
752 849
752 927
753 833
753 835
753 926
754 764
754 917
754 999
755 815
755 919
755 930
756 783
757 819
757 849
757 855
757 879
757 976
758 786
758 821
758 973
760 822
761 879
761 919
761 920
761 930
761 945
762 777
762 846
762 847
762 930
763 848
763 966
763 967
763 979
764 825
764 926
765 859
765 952
766 768
766 798
766 811
766 912
766 930
766 936
766 937
767 793
767 912
768 797
768 847
768 930
769 812
769 942
770 785
770 962
771 775
771 814
771 893
772 923
772 965
773 837
773 869
773 931
774 826
774 949
776 828
777 810
778 835
779 871
779 933
781 865
781 880
781 934
782 867
782 876
782 878
783 865
783 876
783 902
783 990
784 863
785 868
785 934
785 941
785 958
785 968
786 833
786 897
786 908
786 942
787 833
787 835
787 939
787 942
787 975
788 841
788 897
788 904
789 849
789 854
789 895
790 809
790 822
790 943
790 959
791 947
792 827
792 833
792 853
792 857
793 888
793 951
794 955
794 998
795 820
795 867
795 873
795 876
795 954
796 801
796 894
796 935
796 963
797 836
797 862
797 889
798 853
798 929
799 855
799 869
799 879
799 943
799 947
799 962
800 804
800 820
801 854
801 937
801 950
801 952
802 825
802 930
802 954
802 990
802 994
803 925
803 950
803 961
804 859
804 864
804 881
804 942
805 823
805 849
805 886
806 822
808 833
808 905
809 886
809 918
809 976
810 832
810 871
810 883
810 935
810 944
811 851
811 865
811 958
811 969
811 988
812 834
812 837
813 872
813 969
814 864
814 936
814 966
815 848
815 884
815 913
817 875
817 955
817 964
817 994
818 868
819 826
821 826
821 931
821 957
821 965
821 983
821 985
821 988
822 911
822 924
822 979
823 835
823 858
824 909
824 961
825 894
825 970
825 985
826 827
826 854
826 875
827 829
827 842
827 904
827 986
828 995
829 857
829 859
829 982
830 869
830 897
830 900
830 961
831 839
831 856
831 927
831 956
831 999
832 845
832 884
833 923
834 852
834 860
834 864
834 904
834 963
835 949
835 962
836 911
836 943
836 961
837 856
839 879
839 883
840 849
840 948
840 963
841 907
841 936
841 992
842 954
842 962
843 881
844 851
844 931
845 915
845 967
846 851
846 907
847 913
847 954
849 856
849 875
849 907
849 926
849 990
850 911
850 935
850 949
850 952
851 857
852 930
852 951
853 907
853 928
854 921
854 947
854 957
854 987
855 979
856 882
857 905
857 922
857 991
858 882
858 924
859 938
859 980
860 861
860 875
861 907
861 909
861 941
862 906
862 939
863 932
863 992
864 896
864 962
865 890
865 926
865 942
866 886
866 939
866 961
866 975
866 981
867 960
868 942
868 984
869 870
869 914
869 916
869 930
870 927
870 992
871 893
871 977
871 982
872 942
872 960
873 879
874 905
874 951
874 996
875 891
875 991
875 998
876 916
876 996
877 940
878 901
879 887
879 988
880 934
880 970
881 956
881 988
883 923
883 998
884 913
884 919
888 953
889 943
889 950
889 960
891 898
891 899
891 917
891 918
892 933
892 935
894 900
898 904
898 927
899 916
901 923
901 947
903 924
903 939
905 915
906 981
908 971
910 916
911 962
911 986
912 938
912 996
915 976
916 973
917 983
918 989
919 997
920 930
920 971
921 972
921 981
924 955
925 988
926 929
928 981
928 989
929 932
929 997
930 984
932 945
932 951
933 952
934 941
934 996
935 938
937 977
937 979
939 981
940 949
940 986
941 997
943 971
944 977
944 988
945 980
950 983
952 984
955 977
955 979
955 990
957 970
958 963
967 986
974 985
975 995
977 996
978 990
980 984
982 998
986 998
991 994
