0
1000
6313
0
1
0
0 2
0 93
0 115
0 390
0 458
0 592
0 601
0 828
0 842
0 936
0 986
1 123
1 340
1 381
1 426
1 521
1 522
1 622
1 663
1 789
1 960
1 981
2 33
2 197
2 242
2 292
2 378
2 435
2 471
2 597
2 684
2 727
2 761
2 861
2 928
2 971
3 4
3 206
3 228
3 271
3 283
3 345
3 389
3 444
3 718
3 754
3 784
3 986
4 35
4 484
4 496
4 633
4 672
4 766
5 171
5 245
5 540
5 603
5 684
5 715
5 772
5 801
5 820
5 857
5 905
6 98
6 180
6 252
6 358
6 497
6 634
6 648
6 773
6 782
6 831
6 845
7 101
7 240
7 247
7 321
7 390
7 430
7 519
7 582
7 682
7 868
7 909
7 965
7 987
8 35
8 92
8 210
8 304
8 370
8 443
8 458
8 486
8 988
9 27
9 44
9 153
9 272
9 359
9 364
9 403
9 467
9 577
9 730
9 781
10 22
10 35
10 109
10 243
10 259
10 270
10 277
10 321
10 368
10 377
10 405
10 408
10 420
10 450
10 820
10 824
10 832
10 835
10 905
10 918
10 964
10 983
10 999
11 78
11 254
11 279
11 285
11 295
11 317
11 333
11 383
11 416
11 513
11 542
12 110
12 203
12 211
12 289
12 321
12 533
12 764
12 873
12 896
12 898
12 937
13 23
13 153
13 224
13 368
13 380
13 523
13 628
13 710
13 711
13 734
13 775
13 935
14 194
14 238
14 260
14 282
14 367
14 380
14 418
14 546
14 601
14 654
14 796
14 851
14 924
14 979
15 63
15 64
15 172
15 202
15 397
15 406
16 32
16 165
16 562
16 635
16 656
16 665
16 722
16 762
16 771
16 781
16 792
16 899
16 960
17 77
17 143
17 150
17 230
17 251
17 508
17 596
17 615
17 693
17 720
17 736
17 756
18 121
18 264
18 400
18 454
18 516
18 548
18 588
18 595
18 618
18 660
18 679
18 693
18 782
18 874
18 991
19 61
19 123
19 244
19 361
19 376
19 383
19 469
19 548
19 672
19 674
19 851
19 872
19 917
19 964
19 983
19 991
20 66
20 281
20 323
20 341
20 530
20 605
20 622
20 737
20 820
20 871
21 76
21 171
21 269
21 377
21 480
21 491
21 627
21 687
21 714
21 735
21 769
21 940
22 61
22 77
22 135
22 241
22 260
22 271
22 490
22 513
22 514
22 734
22 820
22 892
22 934
22 952
22 977
23 80
23 118
23 133
23 198
23 303
23 363
23 560
23 693
23 829
24 59
24 256
24 325
24 409
24 411
24 599
24 609
24 626
24 737
24 767
24 900
24 922
24 989
25 28
25 72
25 220
25 423
25 486
25 565
25 576
25 598
25 656
25 704
25 715
25 720
25 792
25 887
25 890
25 895
25 972
26 191
26 242
26 320
26 358
26 523
26 557
26 566
26 602
26 659
26 693
26 838
26 866
26 869
26 877
27 92
27 121
27 135
27 257
27 283
27 423
27 429
27 464
27 539
27 591
27 628
27 757
27 806
27 852
27 881
27 907
27 972
28 61
28 84
28 230
28 327
28 393
28 496
28 753
28 768
28 817
28 852
28 978
29 97
29 277
29 368
29 765
30 40
30 56
30 61
30 137
30 144
30 212
30 374
30 442
30 788
30 862
30 880
30 898
31 195
31 263
31 663
31 671
31 790
31 801
31 830
31 865
32 60
32 164
32 200
32 261
32 668
32 687
32 722
32 743
32 758
32 804
32 884
33 71
33 107
33 112
33 249
33 328
33 410
33 411
33 603
33 717
33 745
33 775
33 916
33 930
34 234
34 362
34 440
34 495
34 719
34 791
34 912
34 994
35 50
35 99
35 131
35 230
35 383
35 390
35 418
35 435
35 469
35 514
35 546
35 990
35 996
36 158
36 189
36 209
36 344
36 489
36 506
36 589
36 639
36 735
36 778
36 832
36 898
36 990
37 42
37 82
37 105
37 106
37 157
37 409
37 458
37 532
37 544
37 635
37 825
37 906
37 976
38 59
38 70
38 96
38 120
38 242
38 355
38 388
38 444
38 513
38 626
38 664
38 760
38 932
39 120
39 272
39 341
39 366
39 385
39 430
39 448
39 465
39 479
39 503
39 551
39 621
39 675
39 705
39 738
39 751
39 789
39 832
40 233
40 293
40 360
40 392
40 418
40 438
40 444
40 547
40 666
40 669
40 742
40 859
40 877
40 882
40 962
41 99
41 374
41 415
41 542
41 690
41 789
41 917
41 993
42 60
42 84
42 137
42 206
42 229
42 286
42 296
42 456
42 469
42 482
42 590
42 686
42 797
42 826
42 840
42 960
43 104
43 127
43 202
43 246
43 329
43 356
43 481
43 623
43 660
43 670
44 139
44 175
44 420
44 698
44 746
45 63
45 134
45 344
45 583
45 642
45 693
45 917
46 111
46 199
46 521
46 543
46 595
46 600
46 613
46 638
46 683
46 724
46 727
46 797
46 816
46 849
46 924
46 976
47 70
47 130
47 189
47 273
47 315
47 460
47 538
47 604
47 711
47 715
47 736
47 864
47 920
47 974
48 59
48 69
48 155
48 189
48 352
48 945
49 55
49 185
49 214
49 291
49 295
49 332
49 367
49 426
49 509
49 604
49 607
49 679
49 722
49 733
49 749
49 868
49 960
49 969
50 274
50 290
50 441
50 524
50 670
50 721
50 853
50 916
50 949
51 63
51 87
51 127
51 448
51 507
51 620
51 631
51 793
51 883
51 919
51 956
52 121
52 198
52 247
52 271
52 399
52 643
52 690
52 795
52 854
52 864
52 876
52 904
53 102
53 128
53 151
53 175
53 191
53 219
53 254
53 404
53 455
53 460
53 508
53 570
53 655
53 665
53 709
53 825
53 840
54 274
54 427
54 552
54 570
54 608
54 693
54 873
54 926
55 85
55 90
55 377
55 486
55 539
55 588
55 632
55 716
55 717
55 770
55 807
55 820
55 868
55 869
55 876
55 973
55 983
56 90
56 149
56 192
56 202
56 250
56 321
56 412
56 428
56 534
56 552
56 596
56 698
56 732
56 761
56 891
56 941
57 183
57 206
57 368
57 562
57 635
57 644
57 648
57 663
57 666
57 670
57 699
57 730
57 748
57 759
57 801
57 837
57 856
57 861
57 984
58 69
58 123
58 143
58 200
58 208
58 269
58 664
58 749
58 795
58 903
58 907
58 927
58 931
58 934
58 944
59 150
59 225
59 288
59 299
59 335
59 390
59 502
59 503
59 574
59 705
60 111
60 263
60 282
60 442
60 468
60 606
60 677
60 920
60 994
61 72
61 79
61 109
61 146
61 176
61 188
61 221
61 295
61 355
61 369
61 407
61 452
61 531
61 539
61 572
61 661
61 754
62 119
62 214
62 251
62 412
62 448
62 490
62 709
62 715
62 883
62 990
63 93
63 140
63 201
63 221
63 222
63 240
63 563
63 643
63 677
63 732
63 866
63 933
63 963
64 153
64 247
64 300
64 383
64 440
64 462
64 576
64 578
64 873
64 920
64 994
65 212
65 275
65 351
65 356
65 480
65 562
65 615
65 638
65 706
65 763
65 767
65 791
65 867
65 899
65 970
66 95
66 144
66 276
66 304
66 321
66 532
66 556
66 773
66 838
66 935
67 267
67 295
67 526
67 740
67 806
67 825
67 832
67 838
67 862
67 887
68 79
68 340
68 378
68 399
68 449
68 510
68 523
68 622
68 811
69 77
69 88
69 129
69 212
69 214
69 239
69 251
69 259
69 370
69 408
69 418
69 453
69 824
69 861
69 931
69 973
70 115
70 319
70 335
70 427
70 495
70 670
70 776
70 849
70 856
70 999
71 84
71 96
71 141
71 162
71 216
71 218
71 223
71 398
71 436
71 527
71 576
71 578
71 592
71 609
71 621
71 685
71 792
71 812
71 840
71 869
71 887
71 899
71 982
72 345
72 481
72 522
72 549
72 594
72 688
72 787
72 802
72 943
73 94
73 112
73 117
73 134
73 210
73 331
73 399
73 413
73 418
73 470
73 573
73 584
73 592
73 599
73 608
73 746
73 809
73 843
74 88
74 117
74 231
74 276
74 306
74 365
74 374
74 426
74 447
74 610
74 612
74 613
74 688
74 786
74 887
74 960
75 82
75 262
75 267
75 365
75 426
75 485
75 544
75 715
75 843
76 83
76 188
76 222
76 294
76 317
76 333
76 371
76 415
76 489
76 792
76 833
76 903
76 938
77 127
77 187
77 237
77 296
77 329
77 349
77 525
77 737
77 739
77 806
77 823
78 106
78 270
78 309
78 314
78 334
78 347
78 494
78 505
78 584
78 656
78 721
78 983
79 191
79 210
79 348
79 355
79 435
79 542
79 574
79 647
79 680
79 722
79 754
79 797
79 846
79 922
79 934
80 262
80 366
80 416
80 501
80 509
80 592
80 612
80 708
80 714
80 947
80 961
81 146
81 154
81 173
81 193
81 490
81 520
81 524
81 705
81 739
81 782
81 915
81 978
82 91
82 138
82 146
82 205
82 501
82 513
82 525
82 643
82 775
82 905
82 961
83 293
83 420
83 477
83 700
83 794
83 806
83 916
84 320
84 425
84 479
84 480
84 732
84 774
84 814
84 829
84 906
84 939
84 984
84 997
85 148
85 362
85 409
85 455
85 514
85 537
85 604
85 847
85 873
85 899
86 167
86 175
86 240
86 409
86 476
86 745
86 767
86 951
86 960
86 991
87 117
87 217
87 338
87 342
87 432
87 459
87 462
87 533
87 627
87 651
87 791
87 806
87 829
87 848
88 284
88 334
88 342
88 528
88 618
88 645
88 673
88 676
88 757
88 801
88 811
88 864
89 118
89 329
89 336
89 404
89 410
89 425
89 617
89 760
89 767
89 776
89 841
89 860
89 880
89 894
89 970
89 986
90 123
90 326
90 469
90 470
90 490
90 536
90 671
90 705
90 746
90 945
91 110
91 181
91 257
91 277
91 315
91 322
91 330
91 619
91 838
91 845
91 875
91 947
91 954
92 138
92 299
92 350
92 400
92 464
92 471
92 497
92 544
92 659
92 664
92 696
92 698
92 861
93 155
93 205
93 209
93 320
93 380
93 415
93 433
93 446
93 466
93 498
93 567
93 670
93 881
93 939
93 967
94 451
94 543
94 547
94 731
94 865
94 927
94 959
94 997
95 114
95 122
95 220
95 234
95 271
95 678
95 815
95 819
95 858
96 110
96 557
96 565
96 585
96 619
96 688
96 851
97 341
97 396
97 438
97 482
97 570
97 690
97 697
97 840
97 855
97 869
97 887
97 966
98 194
98 337
98 511
98 560
98 590
98 727
98 728
98 768
98 935
98 944
98 995
99 123
99 126
99 386
99 584
99 625
99 670
99 681
99 759
99 801
99 818
99 831
100 133
100 210
100 245
100 250
100 271
100 287
100 377
100 439
100 443
100 452
100 684
100 763
100 927
101 258
101 303
101 317
101 451
101 493
101 523
101 863
101 904
101 925
101 986
102 154
102 159
102 286
102 304
102 359
102 444
102 511
102 549
102 550
102 596
102 642
102 702
102 821
102 829
102 902
102 971
103 225
103 308
103 443
103 640
103 734
103 835
103 884
103 889
103 977
103 988
104 163
104 174
104 299
104 389
104 556
104 630
104 686
104 710
104 728
104 743
104 770
104 840
104 876
105 163
105 195
105 212
105 222
105 240
105 243
105 258
105 314
105 431
105 539
105 549
105 703
105 786
105 852
105 854
105 881
106 141
106 248
106 263
106 287
106 362
106 495
106 665
106 694
106 796
106 809
106 968
107 126
107 242
107 375
107 448
107 453
107 602
107 635
107 660
107 677
107 678
107 715
107 755
107 797
107 808
107 830
107 900
108 309
108 419
108 459
108 536
108 624
108 791
108 852
108 888
109 147
109 210
109 571
109 719
109 733
109 782
109 945
109 988
110 155
110 483
110 515
110 564
110 599
110 686
110 945
111 224
111 243
111 304
111 411
111 670
111 730
111 956
112 131
112 157
112 254
112 271
112 272
112 293
112 714
112 796
112 913
112 925
112 996
113 158
113 169
113 197
113 200
113 245
113 274
113 603
113 709
113 860
113 895
113 896
113 918
113 981
113 982
114 181
114 241
114 368
114 407
114 540
114 636
114 684
114 721
114 758
115 270
115 286
115 338
115 350
115 360
115 398
115 446
115 485
115 606
115 631
115 710
115 722
115 733
115 798
115 802
116 146
116 243
116 269
116 520
116 535
116 627
116 790
116 794
117 139
117 173
117 177
117 212
117 276
117 376
117 434
117 603
117 855
117 869
117 932
118 234
118 281
118 467
118 598
118 626
118 667
118 679
118 731
119 368
119 392
119 426
119 517
119 656
119 764
119 773
119 780
119 842
119 860
119 884
119 939
119 991
119 993
119 994
120 189
120 236
120 475
120 513
120 543
120 606
120 612
120 648
120 657
120 813
120 848
120 852
120 862
120 999
121 122
121 182
121 243
121 249
121 284
121 297
121 812
121 815
121 828
121 890
121 901
121 926
122 223
122 279
122 338
122 345
122 355
122 385
122 387
122 417
122 509
122 525
122 540
122 753
122 927
123 331
123 346
123 392
123 408
123 413
123 415
123 429
123 461
123 466
123 503
123 518
123 605
123 616
123 768
123 984
124 190
124 281
124 375
124 391
124 444
124 462
124 571
124 646
124 661
124 667
124 897
124 927
124 997
125 443
125 496
125 583
125 623
125 637
125 796
125 940
125 967
125 969
126 133
126 407
126 706
126 782
126 800
126 892
126 897
127 148
127 188
127 228
127 302
127 382
127 445
127 455
127 474
127 484
128 133
128 139
128 223
128 253
128 256
128 332
128 388
128 490
128 522
128 680
128 709
128 750
128 794
128 896
128 924
129 168
129 260
129 416
129 556
129 719
129 949
129 953
129 954
129 988
129 993
130 132
130 242
130 258
130 332
130 418
130 430
130 476
130 582
130 965
131 155
131 164
131 242
131 520
131 718
131 738
131 802
131 819
132 274
132 436
132 471
132 526
132 530
132 553
132 710
132 711
132 792
132 847
132 855
132 912
132 922
132 991
133 233
133 284
133 285
133 482
133 484
133 595
133 722
133 750
133 753
133 799
133 884
134 136
134 250
134 299
134 346
134 431
134 432
134 440
134 452
134 703
134 717
134 904
134 941
134 967
135 178
135 227
135 237
135 391
135 488
135 508
135 577
135 868
135 930
136 153
136 159
136 293
136 424
136 525
136 686
136 736
136 887
136 899
137 146
137 172
137 252
137 329
137 351
137 355
137 524
137 577
137 601
137 646
137 679
137 687
137 787
137 839
137 856
137 929
138 268
138 391
138 492
138 539
138 658
138 730
138 821
138 851
138 886
138 929
138 968
139 278
139 329
139 484
139 551
139 567
139 620
139 700
139 800
139 810
139 882
140 190
140 233
140 240
140 252
140 254
140 397
140 401
140 416
140 479
140 506
140 537
140 593
140 705
140 741
140 846
140 851
140 930
141 225
141 370
141 375
141 376
141 429
141 435
141 571
141 759
141 764
141 856
141 908
141 970
142 291
142 350
142 400
142 405
142 470
142 496
142 519
142 673
142 677
142 686
142 739
142 744
142 783
142 816
142 837
142 848
142 849
142 903
143 202
143 219
143 256
143 257
143 328
143 351
143 370
143 507
143 603
143 627
143 714
143 896
144 170
144 200
144 410
144 726
144 796
144 812
144 838
144 897
144 958
144 973
144 979
144 980
145 157
145 200
145 247
145 268
145 279
145 302
145 469
145 501
145 508
145 745
145 778
145 858
145 948
145 979
146 235
146 336
146 393
146 493
146 635
146 706
146 729
146 803
146 878
147 197
147 243
147 307
147 347
147 354
147 412
147 469
147 479
147 506
147 636
147 644
147 921
148 237
148 323
148 478
148 489
148 657
148 750
149 476
149 493
149 674
149 847
149 862
149 914
149 939
150 573
150 579
150 650
150 748
150 770
150 772
150 848
150 994
151 219
151 223
151 276
151 470
151 559
151 585
151 843
151 954
152 183
152 211
152 214
152 249
152 262
152 314
152 335
152 433
152 580
152 581
152 607
152 619
152 641
152 667
152 908
153 156
153 192
153 208
153 277
153 336
153 405
153 459
153 547
153 583
153 597
153 615
153 632
153 711
153 842
153 846
153 957
154 232
154 582
154 592
154 623
154 722
154 736
154 779
154 843
154 864
154 909
154 951
154 965
154 974
154 975
155 201
155 267
155 385
155 399
155 408
155 715
155 730
155 776
155 841
155 939
155 976
155 996
156 208
156 319
156 385
156 413
156 542
156 619
156 663
156 728
156 757
156 784
156 910
156 926
156 981
156 982
156 999
157 158
157 269
157 288
157 556
157 621
157 640
157 709
157 714
157 764
157 809
157 870
158 277
158 547
158 589
158 657
158 672
158 759
158 763
158 902
158 950
158 963
158 980
159 218
159 255
159 344
159 389
159 491
159 578
159 580
159 612
159 937
159 945
160 209
160 341
160 363
160 368
160 400
160 474
160 525
160 675
160 856
160 878
160 914
160 926
161 268
161 372
161 390
161 424
161 679
161 715
161 762
161 821
161 917
161 965
162 181
162 245
162 255
162 272
162 309
162 427
162 438
162 548
162 593
162 634
162 683
162 684
162 812
162 938
162 944
163 445
163 517
163 523
163 535
163 560
163 583
163 599
163 621
163 650
163 712
163 948
164 225
164 507
164 581
164 600
164 602
165 229
165 250
165 266
165 276
165 374
165 536
165 573
165 574
165 677
165 713
165 756
165 797
165 820
165 865
165 999
166 211
166 216
166 292
166 481
166 505
166 511
166 515
166 596
166 625
166 679
166 794
166 941
166 956
166 982
167 171
167 307
167 358
167 444
167 548
167 564
167 641
167 667
167 708
167 779
167 825
167 878
167 923
167 980
167 986
168 256
168 265
168 360
168 385
168 532
168 597
168 598
168 748
168 752
168 811
168 818
168 863
168 867
168 885
168 947
169 207
169 208
169 299
169 352
169 437
169 521
169 565
169 626
169 632
169 648
169 661
169 795
169 872
169 885
170 219
170 224
170 252
170 323
170 327
170 344
170 527
170 541
170 672
170 708
170 717
170 870
170 929
170 999
171 222
171 255
171 395
171 428
171 442
171 641
171 690
171 830
171 991
172 225
172 232
172 322
172 376
172 490
172 498
172 569
172 788
172 935
173 222
173 435
173 848
173 875
174 333
174 364
174 446
174 515
174 519
174 542
174 545
174 559
174 695
174 791
174 898
175 244
175 254
175 366
175 423
175 433
175 561
175 609
175 632
175 633
175 656
175 665
175 669
175 816
175 928
175 930
176 280
176 401
176 431
176 447
176 451
176 564
176 669
176 698
176 914
176 922
177 317
177 324
177 483
177 556
177 662
177 869
177 977
177 982
178 263
178 479
178 549
178 852
178 906
178 978
179 249
179 269
179 285
179 452
179 461
179 487
179 597
179 607
179 630
179 721
179 734
179 743
179 864
179 882
179 901
179 993
180 235
180 353
180 354
180 499
180 543
180 548
180 669
180 818
180 882
181 275
181 276
181 440
181 507
181 520
181 566
181 632
181 783
181 928
182 213
182 247
182 258
182 329
182 445
182 511
182 529
182 595
182 604
182 708
182 820
182 836
182 890
183 228
183 241
183 243
183 255
183 262
183 377
183 543
183 614
183 643
183 726
183 744
183 748
183 803
183 941
183 944
183 955
184 200
184 243
184 275
184 390
184 394
184 425
184 430
184 471
184 580
184 632
184 702
184 747
184 837
184 929
184 963
184 981
184 987
185 197
185 404
185 416
185 631
185 676
185 781
186 210
186 234
186 282
186 340
186 363
186 487
186 524
186 687
186 704
186 745
186 796
186 858
186 870
187 244
187 288
187 346
187 431
187 594
187 718
187 733
187 740
187 766
187 833
187 842
188 205
188 260
188 348
188 394
188 416
188 468
188 548
188 586
188 603
188 650
188 891
188 939
188 970
189 227
189 312
189 336
189 386
189 578
189 669
189 685
189 693
189 727
189 734
189 844
189 868
190 216
190 221
190 254
190 298
190 313
190 350
190 358
190 364
190 460
190 498
190 609
190 640
190 759
190 803
190 915
191 251
191 255
191 281
191 398
191 551
191 705
191 853
192 198
192 364
192 381
192 463
192 528
192 548
192 736
192 787
192 837
193 319
193 505
193 703
193 857
193 867
193 891
193 946
193 958
193 990
194 253
194 270
194 300
194 382
194 423
194 546
194 555
194 672
194 704
194 722
194 858
194 896
194 962
195 240
195 241
195 279
195 384
195 513
195 552
195 641
195 657
195 675
195 764
195 807
195 847
195 879
195 891
195 981
196 250
196 261
196 403
196 488
196 539
196 544
196 553
196 644
196 667
196 831
196 951
197 257
197 591
197 612
197 655
197 776
197 868
198 388
198 390
198 411
198 431
198 496
198 543
198 546
198 586
198 679
198 811
198 834
198 861
198 863
198 992
199 271
199 291
199 323
199 339
199 343
199 350
199 440
199 523
199 527
199 914
199 987
200 268
200 307
200 542
200 550
200 609
200 665
200 688
200 944
201 251
201 284
201 476
201 645
201 798
201 819
201 821
201 995
202 231
202 233
202 271
202 335
202 341
202 353
202 357
202 409
202 845
202 978
203 266
203 288
203 488
203 521
203 542
203 681
203 993
204 214
204 264
204 287
204 293
204 407
204 434
204 520
204 562
204 587
204 600
204 721
204 869
204 873
205 271
205 296
205 353
205 400
205 505
205 514
205 730
205 775
205 822
205 844
205 926
205 939
205 973
206 281
206 458
206 535
206 544
206 631
206 661
206 751
206 927
206 957
206 994
207 359
207 397
207 398
207 416
207 609
207 792
207 807
207 841
207 890
207 927
207 930
207 958
207 961
208 296
208 328
208 455
208 527
208 584
208 617
208 743
208 819
208 914
208 963
208 975
209 315
209 354
209 474
209 485
209 534
209 601
209 607
209 608
209 784
209 841
209 949
209 979
209 985
210 235
210 299
210 577
210 740
210 794
210 828
210 935
210 943
211 307
211 434
211 493
211 536
211 566
211 600
212 291
212 423
212 426
212 717
212 775
212 795
212 950
213 344
213 458
213 641
213 758
213 808
213 883
214 226
214 309
214 380
214 471
214 528
214 606
214 634
214 637
214 873
214 897
215 241
215 510
215 713
215 767
215 812
215 826
215 868
216 255
216 260
216 283
216 286
216 393
216 432
216 481
216 509
216 512
216 678
216 807
217 226
217 239
217 293
217 315
217 317
217 427
217 472
217 510
217 591
217 625
217 758
217 866
217 983
218 301
218 374
218 427
218 516
218 569
218 666
218 673
218 677
218 805
218 893
218 973
219 271
219 326
219 652
219 679
219 742
219 746
219 894
219 945
220 232
220 307
220 313
220 435
220 461
220 471
220 473
220 546
220 673
220 710
220 801
220 841
220 870
220 918
220 969
221 231
221 270
221 285
221 325
221 370
221 509
221 627
221 706
221 763
221 784
221 910
221 965
221 995
222 424
222 431
222 510
222 581
222 870
222 917
223 231
223 242
223 307
223 404
223 502
223 557
223 585
223 588
223 608
223 706
223 833
223 843
223 927
223 999
224 303
224 448
224 596
224 645
224 752
224 812
224 877
225 243
225 369
225 381
225 404
225 451
225 699
225 835
225 839
225 949
226 245
226 257
226 415
226 501
226 521
226 533
226 545
226 576
226 592
226 625
226 769
226 878
226 965
227 232
227 238
227 325
227 371
227 401
227 455
227 547
227 666
227 726
227 922
228 254
228 523
228 551
228 554
228 588
228 909
229 314
229 364
229 400
229 737
229 794
229 898
229 931
229 973
229 994
229 999
230 374
230 402
230 462
230 538
230 619
230 653
230 870
230 995
231 248
231 341
231 431
231 443
231 642
231 725
232 238
232 346
232 362
232 584
232 704
232 779
232 910
233 238
233 262
233 276
233 298
233 306
233 522
233 559
233 677
233 742
233 916
234 355
234 505
234 618
234 730
234 851
234 956
234 984
235 250
235 311
235 352
235 595
235 648
235 700
235 773
235 791
235 914
236 356
236 407
236 415
236 475
236 484
236 668
236 712
236 810
236 825
236 978
237 295
237 502
237 592
237 623
237 686
237 792
237 930
237 937
237 980
238 346
238 353
238 413
238 462
238 469
238 656
238 712
238 791
238 863
238 912
239 253
239 338
239 374
239 841
239 848
239 889
239 896
239 909
240 338
240 346
240 371
240 434
240 503
240 566
240 636
240 833
240 919
241 423
241 427
241 459
241 646
241 725
241 760
241 885
242 407
242 518
242 573
242 677
242 768
242 890
242 998
243 309
243 318
243 347
243 418
243 504
243 530
243 684
243 758
243 846
243 851
243 918
244 438
244 463
244 620
244 710
244 770
244 858
244 869
244 871
244 882
244 884
244 927
245 308
245 319
245 333
245 386
245 529
245 678
245 735
246 313
246 368
246 392
246 403
246 410
246 697
246 831
246 911
246 913
247 285
247 392
247 428
247 513
247 599
247 622
247 837
247 849
247 904
248 271
248 677
248 711
248 734
248 741
248 969
249 329
249 417
249 727
249 747
249 866
249 983
249 988
249 993
250 310
250 335
250 388
250 463
250 511
250 541
250 602
250 660
250 710
250 725
250 827
250 858
250 874
250 890
250 938
250 975
251 332
251 358
251 421
251 554
251 606
251 608
251 626
251 736
251 940
251 952
252 305
252 342
252 611
252 854
252 899
252 949
253 283
253 348
253 357
253 440
253 473
253 540
253 541
253 657
253 761
254 295
254 311
254 577
254 585
254 635
254 711
254 732
254 848
254 872
254 959
255 263
255 439
255 453
255 483
255 564
255 616
255 756
255 878
255 938
256 258
256 420
256 434
256 482
256 488
256 594
256 761
256 872
256 976
256 989
257 262
257 351
257 594
257 620
257 813
257 903
257 955
257 985
258 350
258 355
258 406
258 434
258 484
258 534
258 570
258 576
258 596
258 791
259 460
259 520
259 651
259 687
259 738
260 470
260 514
260 546
260 564
260 664
260 686
260 769
260 942
260 970
260 991
261 271
261 361
261 406
261 480
261 503
261 784
262 316
262 340
262 418
262 448
262 536
262 700
262 870
262 883
262 944
263 312
263 448
263 463
263 503
263 597
263 693
263 727
263 817
263 898
264 266
264 304
264 778
264 823
264 893
264 912
264 924
264 936
265 287
265 381
265 421
265 432
265 720
265 750
265 811
265 866
265 901
265 920
265 947
266 394
266 602
266 844
266 863
267 305
267 358
267 459
267 581
267 598
267 608
267 621
267 832
267 897
267 950
267 987
268 286
268 299
268 448
268 691
268 728
268 730
268 799
268 885
268 972
269 401
269 441
269 488
269 709
269 724
269 738
269 741
269 783
269 821
269 856
269 888
269 902
269 976
270 355
270 397
270 509
270 718
270 875
270 900
271 406
271 510
271 576
271 753
271 887
271 936
271 967
272 274
272 304
272 488
272 544
272 553
272 729
272 809
272 857
272 933
273 306
273 417
273 451
273 502
273 547
273 751
274 324
274 349
274 629
274 759
274 902
274 985
275 309
275 329
275 391
275 465
275 501
275 519
275 739
275 782
275 817
275 853
276 339
276 365
276 387
276 425
276 504
276 517
276 529
276 543
276 594
276 687
276 715
276 989
277 388
277 402
277 574
277 734
277 857
277 877
277 930
277 941
278 600
278 628
278 631
278 673
278 716
278 832
279 282
279 383
279 426
279 495
279 935
279 968
279 976
280 378
280 592
280 640
280 863
280 985
281 383
281 475
281 492
281 519
281 590
281 591
281 636
281 638
281 780
281 796
281 812
281 871
281 884
281 946
282 344
282 637
282 654
282 768
282 783
282 793
282 813
282 883
283 330
283 335
283 480
283 485
283 493
283 664
283 745
283 780
283 825
283 887
283 935
283 989
284 356
284 358
284 411
284 653
284 676
284 749
284 801
284 901
285 294
285 343
285 424
285 532
285 717
285 770
285 949
285 982
286 389
286 475
286 569
286 846
286 876
286 901
287 316
287 366
287 383
287 405
287 458
287 480
287 490
287 536
287 708
287 849
287 945
287 965
288 385
288 614
288 785
288 787
288 913
288 964
289 603
289 654
289 700
289 797
289 869
290 361
290 524
290 567
290 627
290 865
290 966
291 405
291 621
291 635
291 669
291 765
291 815
291 821
291 830
291 977
291 978
291 992
292 315
292 419
292 559
292 597
292 788
292 882
292 938
292 945
293 305
293 529
293 693
293 777
293 899
293 962
293 975
294 454
294 480
294 740
294 748
294 961
294 966
295 324
295 351
295 459
295 638
295 665
295 728
295 763
295 764
295 890
295 981
296 446
296 505
296 644
296 650
296 734
296 829
296 861
296 890
296 901
296 965
297 314
297 360
297 381
297 384
297 458
297 571
297 628
297 660
297 686
297 795
297 801
297 827
297 968
298 327
298 329
298 389
298 497
298 564
298 767
299 316
299 323
299 326
299 510
299 589
299 629
299 635
299 666
299 743
300 322
300 458
300 602
300 661
300 749
300 764
300 804
300 823
300 829
300 956
300 984
300 987
301 399
301 444
301 489
301 550
301 583
301 606
301 666
302 336
302 360
302 398
302 491
302 619
302 676
302 766
302 778
302 827
302 971
302 979
303 500
303 721
303 828
303 990
303 998
304 374
304 612
304 624
304 810
305 316
305 414
305 425
305 465
305 468
305 479
305 581
305 700
305 722
305 765
305 885
305 959
306 314
306 557
306 571
306 756
306 786
306 945
306 963
307 336
307 414
307 429
307 475
307 598
307 638
307 819
307 848
307 918
308 328
308 477
308 592
308 768
308 850
308 960
308 972
309 321
309 382
309 417
309 448
309 484
309 761
309 776
309 789
309 840
309 935
309 987
310 369
310 409
310 420
310 619
310 641
310 644
310 711
310 863
310 916
310 989
311 323
311 654
311 744
311 788
311 861
311 936
312 350
312 380
312 458
312 564
312 585
312 619
312 652
312 691
312 703
312 704
312 783
312 918
313 397
313 512
313 545
313 546
313 643
313 695
313 775
313 814
313 900
313 945
314 399
314 443
314 449
314 712
314 752
314 792
314 796
314 932
314 983
315 319
315 338
315 351
315 371
315 387
315 445
315 754
315 802
315 840
315 860
315 901
315 977
316 621
316 644
316 660
316 796
316 832
317 335
317 565
317 622
317 682
317 709
317 906
317 907
317 931
317 945
318 459
318 581
318 635
318 649
318 758
318 761
318 804
318 886
319 390
319 436
319 442
319 568
319 576
319 675
319 686
319 697
319 976
320 390
320 412
320 684
320 693
320 911
320 989
321 483
321 670
321 769
321 968
322 398
322 411
322 594
322 632
322 645
322 690
322 731
323 338
323 423
323 589
323 683
323 754
323 796
323 902
324 352
324 451
324 504
324 737
324 853
324 893
325 387
325 642
325 831
325 843
325 855
325 873
325 940
325 956
325 977
326 421
326 429
326 484
326 543
326 562
326 712
326 749
326 775
326 949
327 331
327 373
327 437
327 585
327 706
327 775
327 849
327 866
327 929
328 395
328 551
328 630
328 906
329 339
329 409
329 481
329 594
329 625
329 799
329 884
329 921
330 373
330 403
330 464
330 483
330 515
330 590
330 594
330 614
330 699
330 851
330 852
330 863
330 874
330 896
330 979
331 576
331 681
331 689
331 769
331 858
331 951
331 988
332 344
332 661
332 705
332 717
332 775
332 803
332 875
332 890
332 996
333 336
333 395
333 460
333 514
333 630
333 721
333 748
333 879
333 952
334 447
334 532
334 624
334 748
334 801
334 842
335 367
335 389
335 401
335 454
335 535
335 652
335 738
335 750
335 762
335 902
335 943
335 948
336 436
336 462
336 583
336 586
336 622
336 783
336 823
336 835
336 918
337 347
337 412
337 448
337 467
337 510
337 586
337 592
337 601
337 752
337 754
337 792
337 840
337 940
337 975
337 988
338 342
338 344
338 345
338 365
338 501
338 521
338 556
338 568
338 613
338 720
338 832
338 848
338 910
338 927
338 983
338 990
339 367
339 417
339 496
339 674
339 697
339 758
339 862
339 872
339 988
339 993
340 346
340 369
340 509
340 545
340 563
340 574
340 645
340 700
340 740
340 757
340 956
341 476
341 554
341 636
341 665
341 834
341 854
341 880
342 353
342 370
342 582
342 588
342 639
342 643
342 702
342 784
342 828
342 914
342 928
342 979
343 419
343 721
343 723
343 806
343 861
343 933
344 390
344 573
344 600
344 693
344 789
344 822
344 828
344 879
344 930
344 938
344 960
345 443
345 560
345 642
345 913
345 917
345 925
345 957
346 426
346 463
346 472
346 648
346 659
346 661
347 358
347 404
347 523
347 650
347 741
347 936
347 995
348 377
348 423
348 497
348 558
348 613
348 688
348 700
348 738
348 916
349 586
349 625
349 630
349 658
349 886
349 970
350 351
350 380
350 466
350 680
350 833
350 880
350 970
351 573
351 583
351 619
351 664
351 788
351 842
351 936
351 938
352 374
352 504
352 523
352 638
352 696
352 740
352 757
352 828
353 380
353 426
353 447
353 474
353 482
353 546
353 548
353 558
353 569
353 616
353 646
353 732
353 758
353 822
353 874
353 946
354 369
354 393
354 513
354 834
354 844
354 893
354 912
354 931
354 999
355 450
355 500
355 557
355 561
355 769
356 463
356 524
356 526
356 591
356 667
356 682
356 693
356 808
356 809
356 867
356 902
357 444
357 480
357 483
357 611
357 625
357 699
357 711
357 804
357 924
357 945
357 991
358 442
358 468
358 488
358 510
358 573
358 583
358 685
358 694
358 921
358 929
359 418
359 455
359 468
359 533
359 548
359 602
359 734
359 744
359 751
359 890
359 933
360 402
360 434
360 559
360 578
360 759
360 801
360 876
360 899
360 918
361 394
361 610
361 647
361 656
361 755
361 785
361 839
361 943
362 370
362 417
362 506
362 641
362 717
362 731
362 747
362 764
362 854
362 924
363 467
363 495
363 640
363 648
363 657
363 816
364 606
364 717
364 780
364 810
364 851
364 964
365 366
365 562
365 567
365 708
365 757
365 925
365 945
365 984
365 998
366 537
366 679
366 955
367 509
367 517
367 528
367 681
367 718
367 849
367 932
367 970
368 433
368 523
368 538
368 634
368 650
368 858
368 885
368 913
368 922
368 976
369 399
369 439
369 626
369 707
369 729
369 744
369 897
369 943
369 962
369 976
370 457
370 515
370 558
370 609
370 632
370 660
370 663
370 738
370 775
370 868
370 992
371 391
371 508
371 557
371 628
371 685
371 733
371 820
371 871
371 939
371 973
372 661
372 786
372 809
372 858
373 419
373 481
373 605
373 730
373 818
373 885
374 585
374 594
374 617
374 844
374 854
374 892
374 926
375 484
375 542
375 661
375 796
375 815
375 848
375 895
375 918
375 983
376 388
376 415
376 426
376 440
376 454
376 465
376 481
376 537
376 658
376 757
376 761
376 824
377 414
377 479
377 718
377 760
377 783
377 849
377 919
377 926
378 416
378 475
378 555
378 573
378 603
378 638
378 648
378 701
378 815
378 916
379 458
379 709
379 758
379 837
379 875
379 946
379 965
379 969
380 481
380 532
380 542
380 616
380 646
380 809
380 945
381 464
381 485
381 489
381 523
381 546
381 551
381 554
381 649
381 684
381 688
381 703
381 714
381 784
381 805
381 814
381 878
381 977
381 999
382 401
382 605
382 687
382 699
382 716
382 796
382 823
383 398
383 784
383 839
383 921
384 436
384 464
384 575
384 600
384 837
384 884
384 999
385 514
385 542
385 545
385 577
385 640
385 641
385 722
385 855
385 936
385 957
386 389
386 452
386 559
386 568
386 719
386 756
386 926
386 988
387 463
387 638
387 868
387 874
387 921
387 947
388 468
388 485
388 507
388 526
388 769
388 780
388 813
388 856
388 867
389 406
389 434
389 446
389 469
389 664
389 727
389 824
389 860
390 645
390 694
390 725
390 781
390 969
390 983
391 394
391 427
391 465
391 519
391 574
391 578
391 582
391 661
391 697
391 831
391 837
391 841
391 883
391 895
391 911
391 959
392 395
392 501
392 581
392 903
392 975
393 432
393 454
393 631
393 729
394 397
394 486
394 558
394 712
394 730
394 798
394 878
394 923
394 966
395 434
395 609
395 634
395 704
395 722
395 793
395 878
395 955
395 960
396 403
396 503
396 505
396 522
396 567
396 580
396 618
396 630
396 657
396 715
396 776
396 911
397 432
397 645
397 792
397 803
397 842
397 855
397 903
397 992
398 464
398 480
398 593
398 745
398 955
399 485
399 608
399 612
399 689
399 841
399 900
400 507
400 550
400 560
400 689
400 713
400 749
400 772
400 878
401 446
401 600
401 612
401 623
401 645
401 844
402 430
402 463
402 601
402 646
402 651
402 687
402 698
402 706
402 721
402 777
402 849
402 912
402 972
403 730
403 750
403 854
403 862
403 908
404 495
404 553
404 649
404 681
404 736
404 985
405 430
405 490
405 550
405 551
405 690
405 794
405 840
405 862
406 423
406 555
406 736
406 863
406 879
407 422
407 480
407 661
407 732
407 912
408 478
408 527
408 631
408 685
408 775
408 956
409 503
409 592
409 635
409 733
409 931
409 984
410 554
410 700
410 782
410 886
410 907
411 460
411 598
411 677
411 685
411 898
411 910
411 960
411 984
412 437
412 487
412 733
412 757
412 762
412 872
413 441
413 484
413 508
413 560
413 588
413 591
413 628
413 636
413 669
413 736
413 787
413 804
413 905
413 941
414 472
414 510
414 672
414 686
414 702
414 768
414 786
414 797
414 901
414 930
415 539
415 650
415 770
415 883
415 964
415 980
416 511
416 543
416 887
417 425
417 430
417 669
417 729
417 885
417 965
417 966
418 469
418 482
418 604
418 724
418 740
418 837
418 892
418 906
418 945
418 974
418 987
419 497
419 513
419 804
420 477
420 555
420 634
420 686
420 805
420 866
420 935
420 944
420 945
420 991
421 585
421 679
421 740
421 805
421 867
421 979
422 469
422 471
422 562
422 585
422 610
422 664
422 684
422 751
422 856
422 864
422 983
422 994
423 701
423 754
423 873
423 886
423 920
424 531
424 654
424 661
425 573
425 790
425 841
425 936
426 481
426 659
426 740
426 768
426 778
426 795
426 855
426 899
426 915
426 953
426 971
426 985
426 993
427 788
427 869
427 890
427 966
428 563
428 613
428 701
428 704
428 905
429 452
429 553
429 587
429 642
429 690
429 842
429 889
430 602
430 847
430 882
430 917
430 931
431 698
431 747
431 825
431 861
431 918
431 970
432 443
432 601
432 743
432 762
432 805
432 853
432 925
433 651
433 660
433 704
433 881
434 454
434 541
434 651
434 838
434 854
434 882
435 439
435 610
435 633
435 639
435 726
435 762
435 780
435 829
435 834
435 835
435 846
435 847
436 439
436 457
436 518
436 548
436 577
436 579
436 630
436 672
436 683
436 721
436 780
436 821
436 900
436 908
436 948
437 549
437 595
437 671
437 711
437 870
438 602
438 674
438 768
439 449
439 611
439 624
439 649
439 698
439 709
439 891
439 895
439 919
439 995
440 542
440 548
440 549
440 592
440 607
440 655
440 704
440 815
441 533
441 584
441 764
441 995
442 488
442 787
442 832
442 880
442 922
443 482
443 520
443 615
443 635
443 849
443 883
443 955
444 457
444 524
444 619
444 677
444 730
444 772
444 782
444 883
444 957
445 587
445 606
445 627
445 828
445 965
446 566
446 599
446 817
446 938
447 632
447 722
447 754
447 816
447 934
448 458
448 510
448 526
448 556
448 575
448 635
448 731
448 766
448 800
448 818
448 881
449 478
449 713
449 780
449 787
449 835
449 850
449 917
449 963
450 544
450 785
450 849
450 871
450 981
451 604
451 624
451 777
451 795
451 814
451 852
451 915
451 917
452 488
452 682
452 724
452 925
452 973
453 570
453 578
453 649
453 871
454 455
454 534
454 567
454 766
454 845
454 878
454 999
455 791
455 795
455 878
455 912
455 945
456 483
456 653
456 881
456 941
456 973
457 561
457 595
457 646
457 799
457 843
457 850
458 722
458 773
458 971
459 471
459 472
459 487
459 509
459 591
459 600
459 646
459 680
459 750
459 825
460 544
460 564
460 779
460 877
460 942
460 967
460 969
461 516
461 534
461 635
461 791
461 838
461 904
461 939
462 530
462 603
462 667
462 712
462 718
462 729
462 732
462 735
462 768
462 775
462 881
462 916
463 485
463 509
463 641
463 682
463 697
463 759
463 880
463 907
463 958
464 474
464 548
464 569
464 751
464 979
465 621
465 680
465 820
465 864
465 867
466 567
466 619
466 637
466 984
467 492
467 559
467 565
467 583
467 606
467 699
467 711
467 733
467 786
467 882
467 914
468 478
468 501
468 516
468 731
468 894
468 938
469 812
469 860
469 972
469 989
470 534
470 743
470 769
470 770
470 814
470 849
470 923
470 940
470 943
470 986
471 483
471 499
471 541
471 637
471 717
471 806
471 931
471 959
471 966
472 488
472 550
472 601
472 617
472 675
472 795
472 978
473 621
473 708
473 733
473 772
473 785
473 872
473 930
473 963
473 976
473 981
474 519
474 521
474 525
474 634
474 674
474 866
474 922
474 993
475 517
475 652
475 679
475 747
475 829
475 830
475 869
475 935
476 561
476 716
476 800
476 812
477 546
477 627
477 651
477 713
477 773
477 869
477 924
477 967
478 654
478 749
478 801
478 926
478 927
479 647
479 707
479 714
479 804
479 856
479 923
479 950
480 505
480 680
480 684
480 709
480 833
480 852
480 869
480 898
480 920
480 955
481 568
481 597
481 693
481 815
481 887
482 533
482 554
482 631
482 729
482 787
482 933
483 702
483 792
483 812
483 881
483 974
484 514
484 597
484 627
484 700
484 845
484 899
485 518
485 633
485 832
485 864
485 924
486 705
486 713
486 779
486 802
486 825
486 857
486 962
486 967
487 505
487 574
487 596
487 797
487 818
487 990
488 691
488 723
488 799
488 870
489 503
489 675
489 786
489 797
490 735
490 955
491 529
491 533
491 582
491 624
491 816
491 874
491 878
491 953
492 547
492 641
492 690
492 842
493 590
493 663
493 675
493 730
493 835
494 621
494 681
494 859
494 904
494 924
495 783
495 877
495 956
496 501
496 536
496 565
496 665
496 683
496 717
496 729
496 847
496 854
496 858
496 975
497 600
497 614
497 724
497 742
497 772
497 780
497 818
497 926
498 538
498 606
498 791
498 849
498 920
498 995
499 584
499 626
499 768
499 926
499 949
500 552
500 820
500 831
500 863
500 889
500 982
501 562
501 571
501 589
501 682
501 692
501 739
501 805
501 935
501 962
502 600
502 628
502 634
502 724
502 841
502 912
503 572
503 684
503 695
503 854
503 858
503 891
503 904
504 524
504 581
504 601
504 621
504 625
504 789
504 833
504 889
504 999
505 563
505 671
505 674
505 775
505 819
505 850
505 948
506 564
506 630
506 759
506 789
506 852
506 932
506 945
507 522
507 557
507 571
507 622
507 751
507 757
507 953
508 524
508 564
508 589
508 612
508 618
508 715
508 722
508 873
509 514
509 528
509 604
509 610
509 646
509 749
509 807
509 814
509 853
509 861
509 923
509 965
510 513
510 567
510 695
510 711
510 876
510 973
511 722
511 732
511 785
511 947
511 997
512 537
512 546
512 551
512 617
512 646
512 756
512 911
512 927
512 981
513 670
513 720
513 757
513 775
513 809
514 612
514 634
514 657
514 771
514 849
515 520
515 673
515 699
515 801
515 862
515 901
516 537
516 562
516 592
516 612
516 800
516 873
517 630
517 679
517 781
517 787
517 789
518 541
518 574
518 707
518 900
518 920
518 955
519 521
519 567
519 604
519 617
519 680
519 718
520 719
520 746
520 876
520 970
521 577
521 616
521 694
521 702
521 829
521 831
521 902
521 982
522 840
522 877
522 901
522 997
523 528
523 572
523 598
523 712
524 537
524 584
524 651
524 728
524 851
524 856
524 929
525 559
525 572
525 593
525 602
525 673
525 804
525 887
525 897
525 898
525 916
526 546
526 626
526 645
526 658
526 960
527 535
527 819
527 845
528 670
528 687
528 711
528 747
528 779
529 634
529 828
529 990
530 553
530 566
530 581
530 736
530 812
530 975
531 604
531 654
531 861
531 882
532 536
532 565
532 649
532 759
532 963
532 995
533 777
533 791
533 822
533 852
533 875
534 660
534 799
534 890
534 938
535 631
535 729
535 746
535 882
535 891
535 912
535 962
536 556
536 760
536 784
536 818
536 838
536 849
536 972
536 973
537 583
537 682
537 747
537 765
537 859
537 873
537 884
537 975
538 721
538 752
538 817
538 876
538 923
539 636
539 681
539 757
539 892
539 897
539 945
539 950
540 706
540 817
540 830
540 986
541 577
541 647
541 682
541 708
542 775
542 788
542 840
542 860
543 572
543 577
543 678
543 771
543 832
543 870
543 889
543 926
544 611
544 635
544 724
544 918
544 923
544 982
545 659
545 672
545 678
545 727
545 745
545 902
545 908
545 911
545 921
545 943
546 567
546 640
546 688
546 952
547 636
547 638
547 744
548 550
548 569
548 576
548 632
548 784
549 587
549 626
549 648
549 689
549 735
549 760
549 793
549 799
549 996
550 554
550 664
550 688
550 802
550 994
551 565
551 605
551 806
551 883
552 563
552 701
552 805
552 887
553 914
553 957
554 682
554 704
554 740
554 883
554 960
554 965
555 587
555 626
555 646
555 686
555 701
555 726
555 740
555 959
556 558
556 574
556 605
556 659
556 846
556 865
556 890
556 987
557 625
557 638
557 658
557 773
557 845
557 852
558 836
558 894
558 899
558 915
559 719
559 759
559 844
559 943
560 673
560 710
560 799
560 809
560 854
560 910
560 935
561 625
561 884
562 617
562 676
562 678
562 705
562 712
562 738
562 910
563 566
563 569
563 613
563 694
563 704
563 720
563 804
564 587
564 633
564 704
564 797
565 589
565 611
565 861
565 871
566 634
566 645
566 715
566 743
566 746
566 832
566 850
567 638
567 672
567 699
567 756
567 809
567 826
567 883
567 970
568 747
568 751
568 778
568 799
568 801
568 817
568 826
568 914
568 919
568 939
569 699
570 821
571 611
571 626
571 724
571 916
571 921
572 580
572 583
572 641
572 657
572 678
572 765
572 841
572 854
572 975
573 589
573 783
573 792
573 809
574 706
574 798
575 707
575 750
575 862
575 922
576 624
576 875
576 911
577 658
578 584
578 598
578 605
578 660
578 918
578 976
579 807
579 939
580 676
580 979
581 664
581 693
581 726
581 742
581 746
581 843
581 950
582 720
582 812
582 913
582 980
583 593
583 620
583 689
583 770
583 785
583 816
583 842
584 698
584 823
584 834
584 923
585 654
585 667
585 722
585 761
585 762
585 837
585 867
585 892
585 908
585 923
586 748
586 799
586 891
587 692
587 817
587 874
587 876
588 786
588 906
588 913
588 918
588 930
588 935
588 948
589 690
589 691
589 717
589 757
589 782
589 876
590 722
590 825
591 631
591 740
591 748
591 754
591 808
592 607
592 656
592 849
593 679
593 753
593 813
593 879
593 889
593 947
594 688
594 728
594 743
594 776
594 915
594 957
594 970
595 656
595 665
595 669
595 671
595 841
595 938
595 946
595 956
596 622
596 651
596 866
596 922
596 924
596 954
596 968
597 666
597 673
597 727
597 748
597 786
597 913
597 915
598 612
598 760
598 787
598 936
599 651
599 698
599 797
599 942
600 700
600 718
600 747
600 899
600 949
600 950
601 669
601 691
601 757
601 775
601 782
601 808
601 861
602 858
602 922
602 957
602 965
603 640
603 657
603 760
603 874
604 621
604 731
604 857
604 960
605 628
605 729
605 773
605 811
605 855
605 929
606 759
606 867
606 892
607 687
607 856
607 913
608 740
608 765
608 783
609 707
609 752
609 803
609 992
610 705
610 808
611 715
611 720
611 774
611 995
612 742
612 790
612 796
612 857
612 901
612 940
613 692
613 719
613 766
613 794
613 878
613 946
613 952
614 652
614 659
614 702
614 705
614 794
614 958
615 821
615 949
615 959
616 643
616 650
616 676
616 749
616 800
616 943
617 739
617 919
618 770
618 842
618 941
619 714
619 717
619 767
619 777
619 785
619 795
619 799
619 855
619 957
620 702
620 748
620 935
620 950
620 977
621 694
621 791
621 961
622 664
622 693
622 721
622 724
622 752
622 883
622 890
623 646
623 727
623 814
623 991
624 631
624 636
624 639
624 694
625 638
625 710
625 802
625 860
626 633
626 652
626 680
626 683
626 720
626 733
626 849
627 660
627 806
627 936
628 772
628 863
628 900
628 943
629 685
629 800
630 657
630 796
630 851
630 902
631 693
631 824
631 867
631 882
631 980
631 986
631 999
632 643
632 794
632 824
632 950
632 965
632 974
633 744
633 755
633 848
633 910
633 953
634 777
634 805
634 842
634 981
634 992
635 768
635 804
635 879
635 908
635 961
635 963
636 689
636 740
636 749
636 770
636 924
636 953
636 990
637 661
637 892
637 985
638 690
638 795
638 887
639 710
639 729
639 930
639 959
640 698
640 743
640 778
640 955
641 677
641 775
641 879
641 942
642 727
642 814
642 830
642 970
643 654
643 771
643 779
643 853
643 869
644 648
644 665
644 759
644 773
644 852
644 982
644 988
645 656
645 659
645 689
645 693
645 698
645 726
645 802
645 894
646 649
646 697
646 738
646 921
646 942
647 667
647 749
647 830
647 834
648 705
648 751
648 858
648 904
648 922
648 923
648 959
649 669
649 917
649 937
650 692
650 800
650 817
650 866
650 964
650 969
650 988
651 687
651 736
651 762
651 763
651 780
651 836
651 858
651 915
652 676
652 871
653 678
653 707
654 656
654 808
654 905
654 918
655 744
655 748
655 913
655 926
655 974
656 673
656 674
656 864
656 884
656 908
656 922
656 943
657 682
657 709
657 721
657 930
657 966
657 986
658 711
658 776
659 774
659 794
659 848
659 973
660 671
660 809
661 790
661 799
661 887
661 888
661 934
661 999
662 703
662 879
662 891
662 936
663 672
663 700
663 768
663 832
663 888
663 934
664 782
664 816
664 899
665 749
666 759
666 801
666 897
666 917
667 805
667 830
667 876
667 928
667 934
668 826
669 690
669 730
669 873
670 707
670 717
670 749
670 751
671 743
671 792
671 854
671 873
671 874
671 886
671 914
672 737
672 909
672 948
673 839
674 800
674 817
674 823
674 866
674 882
675 736
675 771
675 834
676 726
677 710
677 761
678 750
678 763
678 787
678 842
678 946
678 985
679 727
679 742
679 798
679 821
679 899
679 985
679 995
680 691
680 789
680 966
681 826
681 992
682 878
682 954
682 998
683 809
683 830
683 940
684 750
684 761
684 789
684 807
684 829
684 866
684 872
684 944
684 959
685 788
685 862
686 687
686 808
687 905
688 703
688 914
688 986
689 764
689 879
689 933
689 934
690 705
690 827
690 881
690 949
691 782
691 922
691 937
691 941
692 735
692 736
692 761
692 836
693 734
693 762
693 872
693 955
694 697
695 729
695 790
695 869
696 708
696 741
696 778
696 818
696 963
697 751
697 915
698 744
698 759
698 797
698 801
698 908
698 920
698 994
699 793
699 832
699 842
699 890
699 900
699 954
700 988
701 703
701 785
701 847
701 851
701 877
701 939
702 953
702 991
703 764
703 792
703 798
703 894
703 939
703 943
703 958
703 992
704 761
704 866
704 930
704 934
705 754
705 894
706 743
706 794
706 834
706 946
707 855
707 861
707 866
707 987
708 715
708 754
708 817
709 741
709 785
710 806
710 962
711 749
711 762
711 764
711 928
711 966
712 729
712 784
712 802
712 861
713 738
715 808
715 832
715 856
715 881
715 984
716 734
716 821
716 980
717 749
717 844
717 884
718 721
718 725
718 740
718 746
718 778
718 792
718 835
718 887
718 904
718 953
719 797
719 876
720 793
720 933
721 839
721 872
722 735
722 775
722 807
722 852
722 884
722 897
723 744
724 894
724 974
724 987
724 997
725 844
725 901
725 917
726 750
726 843
726 901
727 810
727 845
728 781
729 969
731 777
731 796
731 870
731 883
732 785
732 813
732 830
733 741
733 780
733 788
733 824
734 890
735 898
735 994
736 788
736 965
737 910
737 960
737 999
738 780
738 921
739 866
739 986
740 975
741 751
741 795
741 798
741 810
741 850
741 973
742 767
742 795
742 921
742 951
743 801
743 969
744 775
744 929
745 816
745 878
746 750
746 769
746 900
746 915
746 980
747 837
747 838
748 756
748 798
748 856
749 826
750 789
750 809
750 858
750 879
750 895
751 777
751 882
751 904
751 948
751 955
752 857
753 829
753 909
754 912
754 949
754 950
754 962
755 756
755 873
755 972
755 988
755 999
756 764
756 806
756 942
756 955
756 998
757 836
757 960
758 929
759 783
759 940
760 765
760 912
761 786
761 803
761 884
762 828
762 836
762 877
762 892
762 929
763 942
763 955
763 987
764 777
764 827
764 843
764 873
764 891
764 902
765 834
765 849
765 858
765 888
765 922
765 932
766 798
766 829
767 981
768 791
768 986
768 993
769 866
769 996
770 788
770 835
770 906
770 981
771 808
771 809
771 852
771 880
771 883
771 923
772 776
772 868
772 890
772 904
773 907
773 932
773 952
773 975
773 981
773 991
774 867
775 790
775 871
775 927
775 946
775 957
776 784
776 885
776 938
777 939
777 946
778 801
778 958
779 784
779 865
780 979
781 987
782 839
783 844
783 950
783 959
784 806
784 867
784 892
784 905
784 913
784 970
785 913
786 791
786 874
786 884
786 900
786 916
786 933
787 806
787 823
787 869
788 838
788 850
788 940
788 997
789 980
790 825
790 869
790 944
790 962
790 998
791 828
791 928
792 803
792 814
792 816
792 825
792 840
792 947
793 803
793 894
794 972
795 846
795 971
795 986
795 987
796 802
796 904
796 997
797 832
797 935
797 981
798 913
799 847
799 918
799 919
800 986
802 818
802 969
803 823
803 848
803 865
803 929
803 970
805 879
805 982
806 841
807 849
807 928
808 906
808 938
809 890
809 942
810 868
810 869
810 873
811 901
811 960
812 870
812 887
812 906
812 976
813 841
813 938
813 960
813 962
814 842
815 885
815 889
815 906
815 912
815 930
816 824
816 907
816 970
817 930
818 820
818 867
818 909
818 991
820 866
820 870
820 919
820 955
820 975
821 883
821 894
821 914
821 928
821 939
822 865
822 868
822 930
822 982
823 826
823 840
823 937
823 966
823 987
824 993
827 848
827 958
828 948
829 859
829 936
829 956
830 887
830 899
831 991
832 931
834 971
836 923
836 949
836 974
837 839
837 856
838 849
838 884
838 885
838 960
838 987
840 908
840 951
841 955
842 878
842 892
842 916
842 921
842 938
842 950
843 850
843 899
845 960
846 901
846 926
846 946
846 956
847 951
848 991
850 909
850 995
850 999
851 874
851 942
853 862
853 968
853 972
854 857
854 899
854 948
855 885
855 929
856 894
856 903
856 928
856 974
857 926
857 972
858 882
858 904
859 935
859 990
862 935
863 929
864 875
865 962
865 990
866 881
866 900
866 958
866 991
867 901
867 927
867 950
868 889
868 931
869 908
869 924
869 964
870 893
870 901
870 939
870 966
871 900
871 919
874 883
874 980
875 919
877 880
878 887
878 926
879 895
880 986
881 944
882 897
882 956
883 971
884 970
886 921
886 956
886 983
886 998
887 957
887 968
888 897
888 916
888 942
888 960
890 895
890 981
891 956
892 905
895 953
896 928
896 972
897 902
897 912
899 944
899 994
900 903
901 982
902 913
902 943
904 979
905 957
906 926
906 965
907 972
908 966
912 981
913 981
914 960
915 963
915 966
916 969
916 990
916 992
918 940
920 924
924 942
924 950
924 952
925 973
925 977
926 955
928 955
935 938
935 939
935 955
935 967
935 970
936 956
936 968
937 969
938 941
939 953
940 958
940 960
941 970
941 974
947 956
949 979
953 957
954 967
954 972
955 971
956 971
958 971
959 999
969 980
970 992
972 999
