0
1000
3788
0
1
0
0 122
0 407
0 466
0 622
0 678
0 702
0 708
0 887
0 961
0 988
1 51
1 231
1 534
1 763
1 963
2 215
2 254
2 316
2 329
2 498
2 985
3 83
3 271
3 304
3 326
3 678
3 699
3 725
3 805
3 855
3 986
4 28
4 142
4 143
4 480
4 482
4 540
4 668
4 781
4 851
5 99
5 146
5 303
5 390
5 674
5 961
6 69
6 265
6 277
6 324
6 325
6 340
6 372
6 393
6 517
6 730
6 788
6 922
7 43
7 147
7 159
7 533
7 667
7 701
7 823
7 990
8 32
8 136
8 311
8 499
8 518
8 608
8 642
8 792
8 825
8 828
9 70
9 170
9 439
9 549
9 564
9 687
9 826
9 849
10 158
10 429
10 651
10 900
10 908
11 164
11 382
11 532
11 574
11 630
11 720
11 748
11 751
11 945
12 101
12 380
12 502
12 854
12 882
13 28
13 43
13 85
13 100
13 278
13 417
13 478
13 751
13 809
14 247
14 421
14 481
14 543
14 557
14 658
14 778
14 874
14 891
14 937
14 943
15 278
15 333
15 344
15 588
15 746
15 830
16 63
16 131
16 165
16 314
16 534
16 898
16 949
17 126
17 191
17 249
17 274
17 282
17 426
17 434
17 445
17 453
17 530
17 704
18 316
18 404
18 452
18 620
18 652
18 856
18 985
19 177
19 362
19 810
19 966
20 84
20 320
20 348
20 351
20 374
20 579
20 613
21 112
21 351
21 364
21 428
21 446
21 578
21 811
22 105
22 328
22 473
22 502
22 521
22 861
22 960
23 60
23 257
23 415
23 432
23 570
23 738
23 832
23 879
23 893
23 953
24 332
24 337
24 371
24 482
24 607
24 747
24 826
24 858
24 920
24 930
25 147
25 326
25 362
25 481
25 671
25 718
25 826
25 832
26 148
26 203
26 233
26 451
26 799
26 805
26 810
27 102
27 271
27 337
27 344
27 430
27 447
27 591
27 627
27 741
27 778
27 798
27 914
28 118
28 296
28 307
28 354
28 434
28 442
28 483
28 537
28 753
28 867
28 996
29 147
29 205
29 208
29 213
29 242
29 320
29 329
29 366
29 554
29 885
29 896
29 910
29 976
29 992
30 199
30 251
30 261
30 343
30 545
30 696
30 808
30 865
30 933
31 150
31 186
31 602
31 610
31 761
31 769
31 938
32 95
32 279
32 357
32 438
32 475
32 635
32 744
32 751
32 922
32 973
33 36
33 80
33 128
33 225
33 264
33 349
33 384
33 575
33 583
33 794
33 819
33 826
33 840
33 859
33 986
34 36
34 149
34 375
34 455
34 483
34 486
34 495
34 728
34 815
35 274
35 711
36 166
36 357
36 544
36 625
36 647
36 963
37 237
37 557
37 778
37 811
38 77
38 145
38 167
38 185
38 476
38 963
38 975
39 123
39 285
39 357
39 656
39 682
39 690
39 738
39 828
39 902
39 959
40 43
40 52
40 560
40 676
40 774
40 775
40 949
40 952
41 161
41 554
41 594
41 685
41 698
41 903
41 971
42 668
42 715
42 868
42 995
43 168
43 315
43 400
43 551
43 569
43 625
43 778
44 290
44 325
44 431
44 578
44 622
44 745
44 990
45 83
45 158
45 178
45 183
45 184
45 316
45 427
45 524
45 620
46 290
46 390
46 450
46 624
46 840
47 80
47 239
47 305
47 437
47 578
47 615
47 671
47 821
47 984
48 50
48 185
48 277
48 341
48 510
48 558
48 687
48 710
48 764
48 913
48 962
48 993
49 122
49 437
49 490
49 553
49 684
49 758
49 877
49 930
50 102
50 206
50 504
50 949
51 97
51 183
51 227
51 319
51 630
51 691
51 715
51 758
51 930
52 116
52 197
52 621
52 640
52 696
52 897
52 956
52 998
53 69
53 130
53 231
53 442
53 733
53 940
54 77
54 101
54 171
54 179
54 207
54 210
54 302
54 651
54 849
54 914
55 128
55 271
55 304
55 380
55 732
55 832
56 92
56 127
56 165
56 244
56 281
56 360
56 509
56 827
56 829
56 949
56 968
57 63
57 91
57 94
57 412
57 458
57 562
57 878
58 92
58 334
58 373
58 500
58 601
58 928
59 298
59 700
59 717
59 828
59 861
59 881
59 924
59 925
60 156
60 288
60 361
60 369
60 439
60 664
60 779
60 984
61 375
61 499
61 599
61 716
61 761
61 881
61 903
61 905
62 74
62 252
62 410
62 417
62 521
63 199
63 381
63 442
63 612
63 641
63 651
63 704
63 744
63 928
64 203
64 249
64 380
64 625
64 799
65 266
65 339
65 471
65 548
65 771
66 102
66 283
66 316
66 338
66 565
66 641
66 739
66 777
66 870
66 898
66 901
66 968
67 141
67 298
67 863
68 71
68 317
68 322
68 340
68 459
68 624
68 716
69 293
69 301
69 345
69 436
69 698
69 829
70 839
70 872
70 895
70 897
71 98
71 120
71 165
71 368
71 940
72 465
72 671
72 798
72 890
73 146
73 214
73 338
73 354
73 448
73 552
73 607
73 626
73 658
73 681
73 777
73 862
74 285
74 344
74 388
74 566
74 576
74 621
74 671
74 734
74 753
75 97
75 123
75 465
75 478
75 554
75 758
76 186
76 234
76 368
76 451
76 458
76 480
76 481
76 567
76 687
76 925
76 937
77 230
77 286
77 393
77 419
77 574
77 937
78 186
78 243
78 331
78 533
78 672
78 674
78 683
78 790
78 831
78 864
78 882
78 898
79 790
79 859
80 256
80 340
80 445
80 649
80 660
80 719
80 810
80 861
81 376
81 544
81 556
81 565
81 583
81 678
81 930
82 251
82 426
82 756
82 996
83 114
83 228
83 264
83 353
83 629
83 783
83 796
83 832
83 894
83 953
84 107
84 219
84 281
84 554
84 573
84 698
84 738
84 829
84 983
84 987
85 126
85 164
85 332
85 418
85 453
85 536
85 547
85 558
85 789
85 857
85 966
86 125
86 130
86 476
86 533
86 550
86 782
86 809
86 980
87 98
87 109
87 123
87 130
87 682
87 704
87 750
87 791
87 898
88 207
88 343
88 393
89 93
89 131
89 135
89 238
89 285
89 436
89 473
89 477
89 760
89 762
89 884
89 894
89 921
90 253
90 297
90 357
90 572
90 614
90 701
90 722
90 736
90 974
90 989
91 133
91 281
91 649
92 267
92 304
92 498
92 811
92 897
92 905
93 164
93 225
93 429
93 436
93 479
93 486
93 551
93 554
93 694
93 861
93 950
94 119
94 125
94 157
94 176
94 246
94 374
94 392
94 431
94 600
94 616
94 691
94 839
94 849
94 960
95 205
95 283
95 393
95 648
95 742
95 764
95 784
95 853
95 868
96 377
96 810
96 872
97 360
97 505
97 571
97 709
97 713
97 724
98 163
98 574
98 933
98 983
100 288
100 364
100 373
100 420
100 486
100 499
100 642
100 655
100 951
101 102
101 493
101 663
101 717
101 747
101 953
102 196
102 279
102 319
102 399
102 552
102 581
102 623
102 674
102 701
103 374
103 680
103 808
104 119
104 227
104 515
104 658
104 753
104 790
104 839
104 927
104 978
104 985
105 223
105 343
105 425
105 460
105 691
106 355
106 364
106 412
106 424
106 817
106 948
107 160
107 209
107 225
107 250
107 424
107 431
107 641
107 665
107 940
108 290
108 378
108 413
108 420
108 490
108 587
108 687
109 225
109 299
109 471
109 486
109 753
109 775
109 912
109 916
110 181
110 300
110 364
110 538
111 190
111 408
111 482
111 585
111 721
111 782
112 127
112 272
112 433
112 467
112 503
112 667
112 816
112 846
112 852
112 929
112 936
113 165
113 193
113 355
113 431
113 497
113 515
113 552
113 843
113 992
114 172
114 351
114 434
114 442
114 859
114 896
115 266
115 282
115 773
115 809
116 203
116 398
116 717
116 779
116 802
116 967
117 138
117 152
117 183
117 349
117 445
117 912
118 178
118 188
118 307
118 333
118 398
118 463
118 787
118 816
118 903
119 172
120 243
120 293
120 329
120 478
121 315
121 446
121 527
121 586
121 689
121 771
122 148
122 153
122 270
122 303
122 336
122 503
122 581
122 614
122 966
123 464
123 612
123 669
123 843
124 218
124 505
124 516
124 530
124 705
125 176
125 478
125 632
125 677
125 687
125 794
125 854
125 891
126 162
126 326
126 418
126 717
126 834
127 367
127 450
128 165
128 227
128 243
128 529
128 739
128 938
128 969
129 202
129 216
129 497
129 559
129 595
129 727
129 760
129 810
130 138
130 223
130 490
131 586
131 748
131 791
131 978
132 180
132 250
132 548
132 716
133 270
133 349
133 404
133 525
133 635
133 742
133 748
133 975
134 181
134 267
134 327
134 364
134 406
134 535
134 565
134 635
134 636
134 657
134 840
134 845
134 929
135 243
135 409
135 489
135 540
135 983
136 274
136 506
137 258
137 287
137 408
137 488
137 649
137 668
137 692
137 784
137 935
137 958
138 160
138 404
138 443
138 468
138 473
138 534
138 586
139 518
139 532
139 615
139 761
139 769
140 165
140 593
140 617
140 704
140 807
140 897
140 942
141 520
141 730
141 796
142 187
142 229
142 287
142 325
142 460
142 472
142 537
142 587
142 748
142 977
143 234
143 397
143 456
143 590
143 661
143 827
143 962
144 459
144 785
144 787
145 160
145 202
145 228
145 298
145 338
145 399
145 852
145 873
146 189
146 223
146 252
146 682
146 691
146 753
146 883
146 890
147 174
147 266
147 338
147 345
147 488
147 597
147 625
147 792
148 372
148 512
148 644
148 979
149 170
149 272
149 428
149 817
149 862
149 870
149 967
150 152
150 185
150 231
150 286
150 453
150 759
151 886
152 155
152 181
152 204
152 220
152 361
152 378
152 421
152 515
152 563
152 698
152 720
153 291
153 452
153 841
154 301
154 448
154 538
154 698
154 827
155 171
155 191
155 387
155 609
155 693
155 694
155 727
155 887
156 212
156 229
156 567
156 806
156 909
156 937
156 940
156 974
157 188
157 468
157 557
157 682
157 701
157 834
158 321
158 373
158 580
158 690
158 844
158 954
159 206
159 253
159 263
159 274
159 357
159 382
159 573
159 651
159 751
159 761
160 382
160 500
160 559
160 599
160 647
160 953
161 274
161 396
161 603
161 686
161 754
162 243
162 445
162 589
162 663
162 683
162 706
162 780
162 831
163 424
163 447
163 554
163 665
163 673
163 688
163 844
163 901
164 269
164 278
164 361
164 413
164 432
164 472
164 565
164 747
165 273
165 335
165 558
165 904
166 215
166 250
166 295
166 500
166 841
166 963
166 996
167 373
167 411
167 536
167 751
167 775
167 820
167 924
168 187
168 249
168 460
168 597
168 729
168 794
168 885
169 175
169 596
169 614
169 849
169 875
170 426
170 943
170 949
171 354
171 364
171 516
171 597
171 762
171 853
171 998
172 255
172 392
172 540
173 530
173 569
173 764
173 804
173 838
174 340
174 500
174 610
174 628
174 638
174 641
175 355
175 385
175 455
175 465
175 574
175 912
176 251
176 463
176 848
176 965
177 197
177 204
177 308
177 317
177 401
177 410
177 549
177 624
177 810
177 873
177 896
177 929
177 940
178 432
178 862
178 959
179 214
179 839
179 855
179 878
180 216
180 223
180 236
180 289
180 291
180 408
180 464
180 883
181 193
181 210
181 246
181 340
181 997
182 314
182 375
182 709
182 982
183 297
183 573
183 634
183 746
183 828
183 861
183 917
183 980
184 418
184 433
184 545
184 649
184 662
184 667
184 699
184 742
184 806
184 986
185 317
185 527
185 577
185 859
186 381
186 477
186 563
186 576
186 701
186 749
187 448
187 561
187 597
187 612
187 627
187 685
187 952
187 981
188 268
188 409
188 410
188 420
188 449
188 666
188 796
189 333
189 348
189 356
189 437
189 935
190 236
190 368
190 448
191 235
191 577
191 747
191 952
191 964
192 327
192 352
192 452
192 467
192 678
192 773
193 313
193 434
193 613
193 998
194 292
194 351
194 630
194 755
195 461
195 602
196 230
196 245
196 544
197 379
197 518
197 620
197 770
197 848
197 895
197 902
197 964
197 985
198 486
198 907
198 952
199 663
199 761
199 897
199 971
199 981
199 986
200 267
200 465
200 474
200 565
200 570
200 811
200 858
201 387
201 703
201 714
201 823
201 896
201 938
201 984
202 400
202 665
202 735
202 801
202 892
202 991
203 340
203 416
203 488
203 506
203 529
203 643
203 664
203 700
203 831
203 903
204 262
204 283
204 394
204 589
204 840
204 875
204 923
204 933
204 952
205 348
205 588
205 594
205 691
205 715
205 926
206 319
206 424
206 488
206 509
206 581
206 669
206 682
207 667
207 799
207 805
207 953
207 994
208 357
208 409
208 606
208 805
208 830
209 336
209 434
210 348
210 407
210 514
210 713
210 804
211 226
211 309
211 341
211 430
211 582
211 955
211 962
212 252
212 333
212 675
212 806
213 434
213 435
213 463
213 612
213 685
213 864
213 984
213 986
214 283
214 369
214 419
214 680
215 286
215 288
215 444
215 485
215 499
215 899
216 313
216 618
216 656
216 705
216 765
216 802
216 884
217 391
217 561
217 622
217 648
217 732
217 772
217 825
217 857
217 988
218 229
218 371
218 542
218 552
218 947
219 571
219 600
219 674
220 430
220 490
220 574
220 679
220 943
221 290
221 430
221 502
221 618
221 619
221 739
221 840
222 474
222 520
222 650
222 786
222 833
223 236
223 354
223 512
223 599
223 748
223 979
224 405
224 412
224 530
224 632
224 727
224 899
224 911
224 933
225 305
225 387
225 459
225 528
225 543
225 734
225 764
225 954
226 277
226 438
226 528
226 535
226 602
226 720
226 727
226 731
226 778
226 906
227 247
227 385
227 623
227 724
227 764
227 889
228 250
228 602
228 664
228 884
228 890
228 992
229 329
229 365
229 710
229 914
230 372
230 682
230 766
231 639
231 806
231 887
231 933
232 417
232 875
232 898
232 992
233 299
233 324
233 587
233 800
233 873
233 937
233 978
235 621
235 802
235 835
235 876
235 906
236 261
236 986
237 340
237 385
237 578
237 751
238 660
239 355
239 373
239 456
239 497
239 552
239 778
239 991
240 448
240 651
241 454
241 569
241 680
241 837
241 894
242 314
242 554
242 637
242 644
242 893
242 895
242 944
243 258
243 475
243 511
243 562
243 733
243 840
243 924
244 635
244 710
245 446
245 483
245 531
245 593
245 603
245 677
245 747
245 830
246 294
246 314
246 401
246 484
247 602
247 659
247 777
247 780
247 899
248 290
248 737
248 942
248 980
248 995
249 586
249 615
249 653
249 778
249 892
249 909
249 945
249 961
249 971
249 997
250 551
250 723
250 786
251 363
251 436
251 509
251 571
251 655
251 663
251 749
251 829
251 857
251 860
252 359
252 453
252 622
252 705
252 731
252 787
252 789
252 993
253 599
253 764
254 412
254 455
254 591
255 484
255 628
255 815
255 856
256 268
256 458
256 488
256 580
256 620
256 644
256 689
256 912
256 954
257 266
257 315
257 317
257 399
257 427
257 430
257 528
257 689
257 725
257 892
257 963
258 286
258 301
258 371
258 424
258 445
258 573
258 643
258 669
258 913
259 273
259 280
259 348
259 589
259 592
259 754
259 779
259 931
260 359
260 557
260 927
260 995
261 919
262 409
262 452
262 651
262 727
262 765
262 941
262 983
263 326
263 772
264 503
264 863
265 350
265 525
265 742
265 753
265 782
265 836
266 370
266 382
266 405
266 492
266 704
266 864
267 501
267 756
267 953
268 599
268 645
268 896
268 963
269 311
269 728
270 287
270 382
270 463
270 469
270 549
270 697
270 726
270 998
271 436
271 697
272 332
272 350
272 417
272 643
272 952
273 351
273 403
273 526
273 615
273 862
273 975
274 350
274 507
274 704
274 964
275 449
275 527
275 802
276 560
276 657
276 741
276 746
276 785
276 861
277 353
277 387
277 566
277 682
277 704
277 755
277 990
278 320
278 391
278 404
278 788
279 354
279 428
279 518
279 743
279 773
280 370
280 460
280 569
280 634
280 654
280 744
280 868
280 912
281 544
281 689
281 799
281 817
281 890
281 971
282 497
282 596
282 722
282 883
282 980
282 996
283 476
284 315
284 400
284 488
284 548
284 721
284 888
284 915
285 381
285 814
286 486
286 510
286 861
286 926
287 392
288 589
288 754
289 506
289 512
289 792
290 440
290 498
290 549
290 560
290 597
290 655
290 775
291 435
291 437
291 470
291 586
291 589
291 664
291 707
291 775
291 851
291 928
292 301
292 391
292 408
292 491
292 618
292 791
292 830
293 444
293 665
293 915
293 958
293 976
294 392
294 471
294 580
294 600
295 568
295 689
295 700
295 868
296 428
296 521
296 812
296 825
296 898
296 929
297 353
297 361
297 391
297 749
297 759
297 993
298 338
298 340
298 438
298 509
298 533
298 605
298 642
298 817
298 938
299 363
299 505
299 538
299 546
299 762
299 994
300 471
300 490
300 505
300 506
300 601
300 710
300 908
301 492
301 565
301 815
301 817
301 911
301 959
302 310
302 314
302 427
302 553
302 913
302 925
302 949
302 985
303 375
303 529
303 699
303 893
304 424
304 743
304 769
304 809
305 347
305 439
305 637
305 718
305 727
305 840
306 470
307 333
307 337
307 348
307 608
307 633
307 732
307 885
308 334
308 435
308 602
308 964
308 985
309 404
309 472
309 510
309 697
309 788
310 429
310 568
310 830
310 944
311 373
311 640
311 738
311 975
311 983
312 490
312 606
312 641
312 706
312 745
312 959
312 992
313 350
313 389
313 410
313 553
313 919
314 427
314 466
314 479
314 600
314 911
314 918
315 318
315 346
315 403
315 603
315 731
315 924
316 363
316 381
316 678
316 739
316 877
316 983
317 361
317 414
317 636
317 879
318 507
318 687
318 972
319 395
319 441
319 515
319 618
319 648
319 720
319 813
319 942
320 447
320 456
320 474
320 523
320 567
320 612
320 631
320 696
320 883
320 927
321 411
321 445
321 507
321 569
321 626
321 820
321 884
321 977
321 988
322 426
322 774
322 826
322 871
323 418
323 512
323 826
323 881
324 348
324 489
325 571
325 668
325 867
325 990
326 394
326 479
326 621
326 677
326 708
326 949
327 460
327 517
328 336
328 342
328 384
328 408
328 518
328 554
328 627
329 360
329 424
329 643
329 702
329 812
329 817
329 854
329 939
330 343
330 356
330 487
330 669
330 764
330 808
330 819
330 845
330 870
331 663
331 915
332 389
332 411
332 487
332 516
332 550
332 569
332 867
332 957
332 989
333 398
333 473
333 556
333 698
333 794
333 908
334 399
334 628
335 343
335 757
335 786
335 830
336 439
336 494
336 597
336 772
336 827
337 559
337 629
337 657
337 686
337 716
337 901
338 383
338 470
338 528
338 691
338 736
338 794
338 795
338 814
339 354
339 700
339 985
340 687
340 762
340 795
341 407
341 461
341 469
341 655
341 656
341 666
341 692
342 557
342 687
342 957
343 810
343 952
343 963
344 450
344 581
344 614
344 719
344 786
344 904
344 959
345 444
345 592
345 793
345 797
346 382
346 688
346 904
346 984
347 419
347 556
347 582
347 770
348 370
348 512
348 675
348 885
348 887
349 421
349 424
349 522
349 591
349 735
349 812
350 358
350 538
350 617
350 635
350 657
350 686
350 765
350 959
350 973
351 453
351 628
351 757
351 794
351 942
352 599
352 610
352 717
352 800
353 535
353 573
353 643
353 866
353 894
353 924
354 401
354 436
354 718
355 442
355 469
355 728
355 778
355 865
355 890
356 459
356 507
356 597
356 648
357 482
357 497
357 760
357 785
357 879
357 957
358 385
358 440
358 703
358 839
358 883
359 511
359 790
359 792
360 773
360 897
361 383
361 438
361 470
361 602
361 658
361 664
361 824
361 936
361 997
362 660
362 858
363 488
363 881
364 436
364 569
364 741
364 781
365 392
365 515
365 727
365 744
365 782
365 932
366 491
366 528
366 531
366 609
366 693
366 695
367 486
367 560
367 583
367 902
368 400
368 407
368 638
368 796
368 851
368 976
369 559
369 608
369 636
369 639
369 740
369 901
369 903
370 433
370 624
370 626
370 687
370 830
370 855
370 859
370 992
371 481
372 423
372 466
372 494
372 621
372 638
372 809
373 528
373 620
373 628
374 498
374 657
374 865
374 939
374 941
374 949
375 870
376 469
376 657
376 725
376 874
376 941
377 502
377 577
377 662
377 969
378 467
378 493
378 762
378 996
379 530
379 577
379 587
379 891
380 692
380 783
380 866
380 939
380 955
381 608
382 460
382 654
382 927
382 995
383 418
383 503
383 625
383 777
383 914
384 487
384 535
384 747
384 898
384 906
384 958
384 988
385 547
385 652
385 776
385 918
385 941
386 484
386 491
386 554
386 622
386 776
386 881
386 893
386 969
387 540
387 593
387 612
387 691
387 738
387 739
387 847
387 885
387 917
387 931
387 986
388 531
388 542
388 704
388 825
388 861
388 863
388 865
388 895
389 502
389 510
389 523
389 629
389 696
389 717
389 841
389 973
390 624
390 879
390 882
390 890
390 976
391 545
391 593
391 627
391 810
392 402
392 569
392 627
392 834
392 998
393 789
393 978
394 409
394 416
394 491
394 968
395 568
395 583
395 755
395 759
396 473
396 782
396 831
396 916
397 415
397 444
397 497
397 562
397 647
397 711
397 883
397 933
398 438
398 501
398 513
398 546
398 675
398 971
399 448
399 598
399 654
399 715
400 651
400 779
401 574
402 423
402 919
403 404
403 406
403 436
403 777
403 878
403 880
403 984
404 479
404 502
404 581
404 815
404 931
405 478
405 608
405 879
405 889
405 965
406 458
406 551
406 559
406 694
406 695
406 855
406 895
406 922
406 990
407 460
407 464
407 480
407 646
407 694
407 860
408 509
408 519
408 689
409 743
409 992
410 842
410 867
410 897
410 919
411 432
411 439
411 669
411 960
412 489
412 529
412 802
413 454
413 464
413 529
413 677
413 788
414 586
414 677
414 705
414 738
414 753
414 811
414 911
414 955
414 971
415 864
416 440
416 470
416 791
416 820
417 449
417 474
417 577
417 723
417 841
417 911
418 616
418 668
418 731
419 536
419 677
419 735
420 521
420 795
420 949
421 678
421 887
421 975
422 462
422 763
422 981
423 474
423 554
423 697
423 720
423 895
423 900
423 921
424 677
424 909
425 630
425 825
425 877
425 922
425 977
426 744
426 760
426 814
427 487
427 657
427 825
428 441
428 455
428 547
428 656
428 694
429 516
429 754
429 870
429 912
429 960
429 987
430 456
430 508
430 599
430 696
430 719
430 981
431 635
431 902
431 916
431 922
432 493
432 742
432 800
433 738
433 743
433 773
433 943
434 628
434 823
434 968
435 659
435 793
435 914
436 462
436 608
436 745
436 782
436 819
437 465
437 563
437 592
437 846
437 864
437 906
437 970
438 468
438 473
438 528
438 690
438 738
438 830
438 961
438 995
439 793
439 809
439 824
439 897
440 525
440 550
440 559
440 757
441 532
441 624
441 715
441 834
442 505
442 538
442 921
442 949
442 952
442 959
443 529
443 609
443 801
444 475
444 561
444 567
444 610
444 659
444 849
444 962
445 448
445 476
445 479
445 508
445 538
445 679
445 683
446 615
446 636
446 971
447 472
447 695
447 827
448 681
448 762
448 805
448 885
448 899
449 629
449 670
449 903
450 584
450 955
451 506
451 551
451 614
451 748
451 759
451 786
451 888
451 906
451 939
451 967
451 970
452 940
453 476
453 581
453 641
453 874
453 893
454 800
454 893
455 712
455 722
455 926
455 966
457 490
457 632
457 650
457 799
457 822
457 864
457 874
457 897
458 584
458 958
459 462
460 470
460 755
460 782
460 970
461 601
461 733
461 977
462 464
462 553
462 732
462 757
462 811
462 840
462 895
463 729
463 850
463 886
464 557
464 914
465 466
466 499
466 592
466 864
467 664
467 670
467 816
467 855
467 986
468 489
468 546
468 656
468 767
468 938
468 940
470 725
470 789
470 796
471 778
472 546
472 631
473 657
473 666
473 888
474 480
474 566
474 640
474 853
474 934
474 965
475 627
475 863
475 990
475 996
476 719
476 828
476 975
477 603
477 890
478 502
478 535
478 588
478 591
478 592
478 741
478 765
478 941
479 686
479 912
479 947
479 989
480 485
480 517
481 615
481 764
481 775
481 918
482 559
482 767
482 815
482 908
483 928
484 571
484 668
484 800
484 833
484 844
484 965
485 562
485 676
485 787
485 899
485 919
485 987
486 527
486 665
486 694
486 768
487 611
487 645
487 839
487 864
488 505
488 579
488 674
488 691
488 734
488 742
489 491
489 574
489 667
489 819
489 876
490 539
490 599
490 652
490 738
490 806
491 841
491 882
491 963
491 994
492 903
493 540
493 581
493 631
493 678
493 829
493 899
494 673
495 497
495 524
495 815
495 867
496 639
496 706
496 749
496 810
496 966
497 577
497 869
498 509
498 524
498 588
498 602
498 690
498 738
498 775
498 937
498 962
499 774
499 851
500 586
500 604
500 620
500 670
500 824
501 680
501 958
502 509
502 622
502 903
502 964
502 992
502 995
503 536
503 539
503 585
504 536
504 643
504 707
504 965
504 992
505 758
505 786
505 789
505 946
505 947
506 650
506 917
506 969
507 575
507 667
507 735
507 899
508 707
509 553
509 827
510 523
510 601
510 699
510 984
511 903
512 519
512 829
513 697
513 729
513 818
513 860
513 866
514 581
514 666
514 771
514 849
514 913
514 991
515 536
515 583
515 760
515 906
516 566
516 631
516 920
516 929
517 560
517 617
517 875
517 880
518 653
518 758
518 984
519 578
519 587
519 637
519 724
519 757
519 807
519 833
519 874
519 905
519 960
520 634
520 675
521 940
522 642
523 727
524 586
525 621
525 702
525 912
526 737
527 582
528 619
528 649
528 657
528 661
528 764
528 897
528 902
529 585
529 823
530 635
530 880
530 923
530 952
531 802
531 953
531 960
532 700
532 794
532 806
532 964
533 688
533 970
534 709
534 754
534 807
534 808
534 945
534 978
534 993
535 685
535 692
535 721
535 755
535 774
535 961
536 549
536 689
536 980
537 660
537 781
538 767
538 843
538 892
538 973
538 980
539 552
539 568
539 704
539 809
539 954
540 567
540 600
540 787
541 669
541 746
541 938
542 667
542 818
542 894
543 603
543 854
543 876
544 560
544 830
544 991
545 886
546 549
546 671
546 680
546 751
547 573
547 709
547 923
548 800
549 645
549 667
549 859
550 652
550 723
550 859
550 869
551 645
551 758
552 570
552 631
552 785
552 819
552 885
552 906
552 968
553 689
553 696
553 762
553 769
553 829
553 981
554 578
554 592
554 601
554 661
554 718
554 844
555 616
555 731
555 850
555 940
556 791
556 906
556 986
557 621
557 631
558 628
558 752
558 875
559 905
559 984
560 638
560 765
560 818
560 849
561 630
561 931
561 949
561 963
562 594
562 643
562 669
562 833
562 997
563 616
563 980
564 788
565 798
565 819
565 828
565 932
565 996
566 598
566 681
566 761
566 887
566 997
567 583
567 651
567 728
567 943
568 691
568 716
569 630
569 645
569 723
569 786
569 901
569 921
570 620
570 831
571 722
572 686
572 750
572 850
573 592
573 705
573 891
573 922
574 687
575 702
575 834
576 740
576 804
576 809
576 884
576 949
576 999
577 804
577 834
577 908
578 631
578 780
578 786
578 938
579 830
579 974
580 675
580 749
580 787
580 821
580 831
581 729
581 867
581 876
582 820
582 858
583 796
583 874
584 915
584 956
584 978
585 742
585 860
585 993
586 660
586 791
586 932
587 624
587 747
587 779
588 752
588 969
589 764
589 924
590 638
590 706
590 759
590 856
590 976
591 975
591 989
592 896
593 793
593 979
594 827
594 882
594 934
594 970
594 993
595 746
595 956
596 667
596 764
596 927
597 619
597 814
597 829
597 974
598 611
598 878
599 720
599 735
599 874
600 601
600 617
600 673
601 620
601 650
601 759
601 768
601 957
602 610
602 758
602 781
602 897
603 722
603 745
603 841
603 999
604 646
604 918
605 609
605 692
605 906
605 972
606 663
606 831
607 766
607 772
607 859
607 909
608 732
608 812
608 891
608 916
608 976
609 756
609 758
610 867
610 910
611 752
611 805
612 993
613 778
613 792
613 817
613 822
613 893
613 981
614 791
614 803
614 925
615 672
615 754
616 785
616 881
617 653
617 754
617 903
617 907
617 921
617 931
617 934
617 995
618 689
618 998
619 632
619 765
619 884
619 945
619 989
620 646
620 710
620 851
620 875
620 925
621 709
621 776
621 968
622 735
622 874
622 922
623 641
623 703
623 705
623 717
623 730
623 854
623 901
624 671
624 767
624 984
624 987
625 725
625 811
625 915
626 757
626 846
627 628
627 649
627 731
627 828
627 973
628 988
629 954
630 735
630 855
630 889
631 734
631 864
631 955
632 702
632 722
632 771
632 899
632 923
633 826
633 873
633 928
634 693
635 964
636 830
636 956
637 670
637 814
637 930
638 685
638 765
638 833
638 993
638 998
639 738
639 827
640 924
640 935
641 787
642 936
643 837
643 868
643 931
643 974
644 753
644 769
644 839
644 988
645 695
645 725
645 738
646 712
647 674
647 702
647 720
647 739
647 830
648 735
648 755
648 997
649 690
649 755
649 907
649 957
650 763
650 855
651 656
651 713
651 754
651 814
651 840
651 975
652 661
652 699
652 885
653 680
653 983
653 985
654 686
654 834
654 856
654 922
655 656
655 658
655 932
656 663
656 840
657 861
657 913
657 973
658 761
658 789
658 867
658 934
658 977
658 995
659 893
659 923
659 951
659 962
660 712
661 694
662 714
662 752
662 908
663 685
663 775
663 849
663 944
664 803
665 691
665 772
665 846
665 893
665 944
666 696
666 756
666 830
667 881
667 940
667 987
668 746
668 843
668 955
669 811
669 834
669 907
669 937
670 785
670 951
671 710
671 840
671 922
671 951
673 778
673 796
674 750
675 745
675 818
675 904
675 946
677 720
677 783
677 827
677 958
678 920
678 953
678 966
679 826
680 930
681 911
681 918
682 802
682 818
683 859
683 876
685 836
685 839
685 903
686 748
686 947
687 707
687 955
687 958
688 750
688 789
688 846
688 880
688 958
688 968
689 704
689 905
689 992
691 876
691 985
692 740
692 772
692 790
692 920
693 720
694 875
694 893
695 859
695 880
695 897
696 752
696 792
696 955
697 714
697 784
698 812
698 824
698 999
699 765
699 786
699 853
699 900
700 786
700 823
701 706
701 740
701 947
702 768
704 707
704 750
706 832
706 861
706 907
706 978
707 747
707 782
708 823
708 928
708 936
709 855
709 905
710 841
710 965
711 768
711 850
711 903
712 889
713 765
713 840
713 907
714 841
714 936
715 788
716 921
716 939
718 764
718 833
719 723
720 762
720 790
720 793
720 979
721 913
722 950
723 736
723 750
723 867
723 871
724 750
724 775
724 910
724 981
724 996
725 820
725 972
726 860
726 947
727 749
727 870
728 817
729 922
730 752
730 763
730 842
730 945
731 762
731 809
731 828
731 864
731 887
731 982
731 987
732 822
733 789
734 790
734 821
734 869
735 738
735 835
736 959
736 964
736 988
737 926
737 988
738 922
739 740
739 930
740 844
740 846
740 995
741 790
743 819
743 853
744 823
744 895
745 788
746 867
747 828
750 802
750 803
750 902
751 810
751 932
752 852
752 943
753 803
754 855
754 927
755 776
755 864
755 890
756 766
756 835
756 991
759 770
759 901
759 918
759 975
760 854
760 908
761 849
761 933
761 982
762 777
762 938
762 982
763 779
763 957
764 770
764 846
765 785
765 837
766 862
767 983
768 790
769 904
770 956
770 973
771 807
771 974
772 838
772 859
772 880
773 784
773 810
774 875
774 949
774 955
775 863
775 911
776 823
777 840
779 824
780 958
781 985
782 871
783 915
784 856
784 911
784 926
785 926
785 989
786 906
786 971
787 967
788 872
788 921
788 967
789 850
791 863
792 911
793 892
794 943
795 853
795 901
796 872
796 941
797 804
797 938
798 935
799 863
800 881
800 898
800 920
801 968
802 904
802 997
803 818
803 947
803 973
804 862
810 852
810 936
810 962
811 983
812 863
812 934
812 963
812 998
813 857
813 871
814 994
815 976
816 842
816 879
816 891
818 972
819 893
820 892
820 923
821 836
823 849
823 917
825 942
828 829
829 870
829 940
829 950
830 862
830 932
831 847
831 894
831 976
835 854
835 901
835 918
835 977
836 874
837 952
838 842
838 920
838 978
839 971
839 997
840 880
841 889
843 887
844 942
844 976
845 931
848 962
851 859
851 900
851 929
851 948
852 860
852 877
853 866
853 896
854 895
854 915
855 860
855 897
857 895
857 908
857 916
859 865
860 907
861 934
862 976
866 880
867 950
869 943
870 937
871 886
873 931
873 949
873 967
874 884
875 917
876 891
876 990
878 942
880 881
880 906
880 915
882 941
883 891
883 967
888 903
889 921
889 982
891 893
891 985
892 895
892 956
893 897
893 950
893 990
894 926
894 998
895 961
895 971
897 899
897 906
897 924
898 977
898 996
899 903
899 938
900 937
905 978
906 940
908 921
908 989
911 942
912 930
913 925
914 959
915 934
915 962
915 982
915 992
921 961
922 954
924 951
926 947
927 948
928 937
930 991
933 940
934 935
934 962
939 999
940 946
941 977
943 955
943 971
945 998
951 977
951 986
953 980
956 969
958 984
960 969
966 999
984 998
989 995
