0
100
598
0
1
0
0 11
0 12
0 24
0 36
0 37
0 43
0 46
0 60
0 61
0 76
0 81
0 85
0 89
1 3
1 4
1 5
1 12
1 15
1 26
1 27
1 75
1 85
1 86
1 91
1 97
2 6
2 7
2 9
2 14
2 32
2 39
2 52
2 67
2 68
2 72
2 95
2 96
2 97
3 8
3 9
3 18
3 22
3 24
3 37
3 38
3 41
3 45
3 48
3 50
3 54
3 56
3 66
3 67
3 70
3 71
3 80
3 82
3 85
3 86
3 89
3 96
3 99
4 10
4 17
4 23
4 24
4 29
4 42
4 52
4 53
4 55
4 65
4 74
4 78
5 9
5 13
5 30
5 39
5 49
5 50
5 60
5 71
5 72
5 73
5 74
5 83
5 85
6 18
6 21
6 27
6 39
6 47
6 53
6 65
6 77
7 14
7 26
7 29
7 33
7 46
7 59
7 84
8 16
8 17
8 31
8 33
8 34
8 39
8 47
8 64
8 68
8 71
8 76
8 79
8 91
9 13
9 15
9 31
9 32
9 43
9 46
9 49
9 54
9 81
10 20
10 23
10 27
10 28
10 32
10 39
10 48
10 50
10 57
10 58
10 72
10 78
10 80
10 81
11 27
11 30
11 37
11 41
11 45
11 56
11 63
11 67
11 92
11 99
12 14
12 28
12 32
12 33
12 37
12 48
12 67
12 88
12 91
12 94
13 37
13 53
13 59
13 80
13 82
13 96
14 18
14 22
14 28
14 43
14 47
14 64
14 71
14 74
14 92
14 93
15 20
15 46
15 53
15 57
15 59
15 67
15 73
15 89
15 92
16 20
16 22
16 27
16 28
16 32
16 52
16 53
16 58
16 71
16 73
16 83
16 86
16 89
16 92
16 94
17 18
17 40
17 43
17 47
17 50
17 55
17 67
17 92
18 25
18 26
18 63
18 68
18 69
18 74
18 89
18 91
18 94
18 95
19 20
19 23
19 27
19 47
19 74
19 81
19 86
19 91
19 95
19 98
20 39
20 51
20 56
20 69
21 24
21 54
21 64
21 67
21 73
21 78
21 82
21 87
22 32
22 40
22 57
22 58
22 68
22 69
22 70
22 71
22 84
22 92
23 32
23 39
23 40
23 45
23 48
23 52
23 57
23 58
23 61
23 76
24 25
24 46
24 50
24 60
24 81
24 98
25 46
25 81
25 95
25 97
26 38
26 61
26 63
26 68
26 93
27 28
27 41
27 42
27 46
27 51
27 55
27 56
27 80
27 95
27 96
28 30
28 41
28 43
28 45
28 52
28 55
28 60
28 65
28 66
28 85
28 93
29 38
29 51
29 52
29 55
29 68
29 70
29 74
29 94
29 98
30 32
30 35
30 36
30 39
30 40
30 45
30 51
30 52
30 77
30 81
30 88
30 90
30 95
31 43
31 44
31 52
31 66
31 67
31 68
31 79
31 84
31 90
31 94
31 97
32 35
32 39
32 44
32 46
32 50
32 55
32 63
32 69
32 84
32 86
33 34
33 42
33 43
33 55
33 66
33 70
33 82
34 59
34 72
34 74
34 87
34 94
34 95
35 37
35 63
35 67
35 75
35 83
35 85
35 86
36 38
36 39
36 42
36 46
36 56
36 63
36 71
36 79
36 84
36 86
36 87
36 90
36 93
36 99
37 38
37 40
37 45
37 48
37 60
37 64
37 66
37 67
37 69
37 93
37 94
37 97
37 99
38 44
38 55
38 60
38 62
38 63
38 70
38 71
38 81
38 85
39 56
39 57
39 75
39 81
39 84
39 90
39 95
40 58
40 64
40 69
40 72
40 82
40 87
40 90
40 92
40 93
40 95
41 47
41 51
41 58
41 67
41 81
41 88
42 58
42 82
42 87
43 85
44 45
44 49
44 50
44 51
44 71
44 77
44 80
44 85
44 99
45 46
45 48
45 59
45 65
45 70
45 75
45 80
45 82
45 87
45 90
46 47
46 49
46 99
47 61
47 81
47 90
48 61
48 74
48 84
48 93
49 55
49 64
49 71
49 76
49 77
49 78
49 95
50 56
50 59
50 76
50 85
50 88
50 92
50 96
51 52
51 63
51 84
51 89
51 94
51 96
52 56
52 62
52 64
52 77
52 81
52 99
53 57
53 62
53 64
53 66
53 67
53 68
53 77
53 78
53 89
54 71
54 73
54 76
54 80
54 81
54 89
54 97
55 72
55 73
55 74
55 99
56 71
56 89
56 96
57 73
57 80
57 93
58 73
58 84
58 86
58 88
58 90
58 98
59 74
59 77
59 84
59 85
59 87
59 93
59 96
60 70
60 75
60 79
60 92
60 96
61 70
61 88
62 75
62 77
62 85
62 89
62 98
63 74
63 91
63 93
63 97
63 99
64 69
64 70
65 69
65 70
65 75
65 78
65 86
66 69
66 91
66 92
67 77
67 81
67 90
67 99
68 79
68 85
69 73
69 85
69 90
69 96
69 98
70 73
70 78
70 80
70 86
71 72
71 90
72 74
72 75
72 86
73 77
73 80
73 93
74 75
74 91
74 93
76 88
76 89
76 94
77 83
77 84
77 87
77 91
78 86
78 87
78 89
78 99
80 82
80 88
80 89
80 93
81 82
82 87
82 94
82 95
83 99
84 86
84 87
84 94
85 94
89 90
90 98
91 92
91 97
92 99
93 96
94 97
