0
100
596
0
1
0
0 1
0 7
0 10
0 32
0 44
0 60
0 63
0 77
0 81
0 83
0 86
1 4
1 21
1 22
1 29
1 42
1 44
1 50
1 51
1 54
1 71
1 74
1 91
2 13
2 27
2 41
2 45
2 58
2 61
2 69
2 70
2 72
2 78
3 7
3 33
3 36
3 55
3 56
3 64
3 67
4 12
4 18
4 23
4 29
4 45
4 52
4 56
4 59
4 67
4 75
4 87
4 88
4 90
4 93
5 10
5 38
5 41
5 53
5 59
5 73
5 79
5 82
5 94
5 96
6 9
6 15
6 23
6 27
6 52
6 60
6 66
6 85
6 86
6 87
7 22
7 25
7 31
7 37
7 42
7 50
7 62
7 70
7 73
8 17
8 28
8 30
8 31
8 39
8 44
8 47
8 49
8 52
8 66
8 71
8 76
8 88
8 99
9 24
9 28
9 33
9 34
9 36
9 40
9 41
9 42
9 51
9 65
9 68
9 81
9 85
9 89
10 11
10 13
10 14
10 18
10 56
10 57
10 65
10 69
10 70
10 81
10 83
10 85
10 89
10 93
11 12
11 31
11 42
11 51
11 63
11 75
11 77
11 85
11 90
11 92
11 94
12 15
12 17
12 24
12 32
12 38
12 43
12 45
12 61
12 62
12 73
12 87
12 89
12 95
12 97
13 16
13 21
13 37
13 39
13 40
13 42
13 63
14 29
14 31
14 37
14 40
14 41
14 46
14 50
14 56
14 72
14 88
15 30
15 33
15 48
15 49
15 91
15 92
15 96
15 97
16 23
16 38
16 55
16 69
16 79
16 83
16 90
16 94
17 18
17 26
17 37
17 60
17 72
18 44
18 46
18 71
18 81
18 86
19 28
19 30
19 38
19 42
19 45
19 47
19 51
19 52
19 53
19 72
19 73
19 78
20 38
20 40
20 50
20 55
20 56
20 62
20 66
20 69
20 80
20 84
20 87
20 96
21 30
21 33
21 42
21 45
21 49
21 57
21 59
21 73
22 29
22 31
22 66
22 70
22 88
23 38
23 42
23 47
23 73
23 85
23 89
23 99
24 57
24 65
24 75
24 76
24 95
25 58
25 64
25 70
25 73
25 75
25 79
25 82
25 83
26 42
26 52
26 54
26 55
26 64
26 68
26 79
26 80
26 81
26 93
26 94
26 97
27 37
27 40
27 48
27 50
27 70
27 76
27 88
28 38
28 45
28 53
28 54
28 61
28 63
28 65
28 75
29 30
29 35
29 57
29 94
29 95
30 52
30 55
30 60
30 61
30 72
30 80
30 97
31 38
31 62
31 82
31 90
31 93
31 96
32 34
32 41
32 53
32 61
32 63
32 67
32 73
32 83
32 91
32 92
33 39
33 43
33 80
33 96
33 97
34 40
34 41
34 47
34 48
34 51
34 59
34 66
34 67
34 68
34 90
34 92
34 96
34 99
35 47
35 51
35 53
35 54
35 57
35 62
35 64
35 65
35 70
35 83
35 93
35 96
36 43
36 47
36 49
36 55
36 76
36 77
37 42
37 43
37 45
37 46
37 53
37 58
37 59
37 62
37 66
37 67
37 85
37 86
37 95
37 97
37 98
37 99
38 44
38 45
38 48
38 57
38 70
38 74
38 81
38 85
38 91
39 43
39 44
39 58
39 68
39 76
39 96
39 99
40 60
40 62
40 63
40 88
40 98
41 56
41 60
41 65
41 67
41 73
41 75
41 83
41 91
41 96
42 43
42 53
42 73
42 79
42 84
42 88
42 99
43 57
43 62
43 64
43 68
43 76
43 86
43 95
43 96
44 48
44 56
44 64
44 65
44 68
44 71
44 76
44 78
44 80
44 94
45 47
45 63
45 76
45 83
45 87
45 96
46 50
46 51
46 52
46 54
46 55
46 61
46 95
47 53
47 61
47 64
47 66
47 82
47 86
47 90
48 56
48 67
48 84
48 96
49 51
49 69
49 72
49 96
49 97
50 68
50 72
50 74
50 78
50 80
50 85
50 92
50 98
51 59
51 66
51 70
51 74
51 76
51 88
51 89
52 55
52 72
52 74
52 90
53 56
53 59
53 61
54 55
54 59
54 65
54 68
54 87
54 88
54 92
54 96
55 66
55 68
55 70
55 71
55 85
55 96
56 57
56 68
56 73
56 74
56 79
56 85
56 86
56 91
56 95
56 98
57 59
57 62
57 71
58 63
58 70
58 75
58 77
58 79
58 85
58 95
59 63
59 64
59 69
59 73
59 75
59 76
59 84
60 66
60 69
60 77
60 92
60 94
60 96
60 97
61 74
61 75
61 78
61 80
61 85
61 91
61 98
62 72
62 77
62 78
62 86
62 96
63 65
63 90
63 96
63 98
63 99
64 65
64 74
64 79
64 83
64 85
65 73
65 76
65 84
65 98
66 80
66 81
66 92
66 97
67 77
67 92
68 73
69 71
69 72
69 74
69 85
69 92
69 96
70 72
70 78
70 86
70 97
71 78
71 80
71 81
71 93
72 74
72 85
72 95
73 84
73 85
73 86
73 87
73 91
73 99
74 90
75 76
75 77
76 84
76 97
76 98
77 95
77 98
78 87
78 93
79 86
79 94
80 83
80 88
80 89
82 88
82 91
83 89
84 85
84 87
85 88
85 94
85 99
86 94
88 97
89 99
95 97
96 99
97 99
