0
100
388
0
1
0
0 20
0 25
0 51
0 57
0 61
0 65
0 67
0 70
0 89
0 91
1 8
1 18
1 25
1 30
1 37
1 46
1 49
1 50
1 56
1 74
1 77
1 80
1 85
2 3
2 18
2 37
2 42
2 47
2 63
2 72
2 93
3 13
3 53
3 59
3 63
3 66
3 70
3 75
3 76
3 85
3 94
4 7
4 8
4 16
4 29
4 34
4 43
4 50
4 53
4 55
4 70
4 77
4 80
5 13
5 21
5 22
5 26
5 29
5 45
5 98
5 99
6 30
6 69
6 71
6 74
6 95
6 97
7 9
7 29
7 33
7 36
7 43
7 47
7 53
7 57
7 58
7 77
7 79
7 85
7 94
7 98
8 21
8 29
8 30
8 79
8 80
8 95
9 49
9 53
9 57
9 67
10 37
10 45
10 65
10 68
10 70
10 78
10 81
11 32
11 40
11 67
11 91
12 19
12 23
12 27
12 32
12 47
12 50
12 72
12 96
13 25
13 26
13 28
13 46
13 80
13 92
13 93
13 98
14 18
14 26
14 39
14 59
14 62
14 68
14 75
14 80
14 85
14 95
15 25
15 28
15 73
15 80
15 88
16 31
16 38
16 42
17 23
17 26
17 30
17 49
17 51
17 54
17 55
17 68
18 21
18 31
18 49
18 54
18 70
18 72
18 82
18 93
18 97
19 24
19 35
19 38
19 40
19 78
19 95
20 32
20 79
20 90
21 30
21 54
21 79
22 26
22 28
22 42
22 43
22 54
22 57
22 63
22 77
22 90
23 40
23 58
23 65
23 69
23 72
23 93
23 96
24 26
24 31
24 44
24 66
24 95
25 46
25 63
25 80
26 54
26 65
26 79
26 89
27 32
27 71
28 43
28 47
28 53
28 63
29 40
29 57
29 90
29 91
29 95
29 99
30 60
30 68
31 45
31 56
31 66
31 80
31 92
32 42
32 61
32 74
32 81
32 88
32 90
33 58
33 60
33 65
33 71
33 85
33 97
34 40
34 55
34 58
35 36
35 38
35 42
35 68
36 62
36 67
36 75
36 90
36 99
37 62
37 71
37 78
37 91
38 40
38 53
38 63
38 65
38 77
38 85
38 93
39 49
39 73
39 78
39 82
39 92
39 97
40 59
40 74
40 80
41 42
41 51
41 55
41 78
41 95
42 43
42 45
42 50
42 77
42 78
42 81
42 82
42 97
43 75
44 57
45 50
46 70
46 94
46 98
47 49
47 58
47 66
47 67
47 68
47 85
47 90
48 61
48 76
48 90
49 52
49 53
49 67
49 71
49 76
50 77
50 86
50 90
51 62
51 85
52 56
52 57
52 65
53 54
53 60
53 63
53 97
54 57
54 74
54 80
54 83
55 82
56 57
56 78
56 83
56 85
56 88
56 92
56 97
57 88
57 90
58 62
58 66
58 74
58 83
58 98
59 63
59 71
59 74
59 87
59 93
60 67
60 82
60 87
60 93
60 94
61 62
61 71
61 90
62 99
63 69
63 75
63 77
64 72
64 74
64 87
64 98
65 92
65 95
66 77
66 86
68 71
68 80
68 87
68 89
68 94
69 70
69 72
69 89
69 91
70 89
71 96
72 81
72 88
72 95
73 80
73 92
73 97
74 75
74 81
75 78
76 77
76 78
77 81
77 85
77 90
77 97
78 98
79 84
81 87
81 92
81 94
81 99
83 87
83 89
83 95
83 96
83 97
86 97
86 99
88 93
92 97
92 98
