0
100
370
0
1
0
0 21
0 24
0 37
0 54
0 81
0 93
0 95
1 32
1 40
1 50
1 64
1 78
2 15
2 18
2 19
2 36
2 85
2 98
3 8
3 9
3 38
3 40
3 74
3 80
3 86
3 94
3 98
4 27
4 30
4 46
4 49
4 54
4 67
4 71
4 83
4 97
5 9
5 37
5 58
5 59
5 65
5 74
5 79
5 93
5 96
6 7
6 15
6 18
6 30
7 9
7 28
7 32
7 36
7 62
7 71
8 23
8 24
8 41
8 67
8 69
8 72
8 89
8 99
9 35
9 62
9 88
10 11
10 55
10 59
10 68
11 41
11 42
11 71
11 90
12 15
12 39
12 47
12 55
12 59
12 74
12 76
12 81
12 91
12 95
12 99
13 22
13 32
13 39
13 42
13 69
13 77
13 99
14 18
14 28
14 35
14 77
14 83
14 85
14 88
14 96
15 33
15 74
16 17
16 20
16 25
16 39
16 54
16 78
16 87
16 98
17 25
17 33
17 40
17 43
17 62
17 73
17 77
17 81
18 27
18 32
18 34
18 36
18 38
18 66
18 80
18 98
19 20
19 40
19 42
19 85
20 26
20 33
20 38
20 40
20 46
20 54
20 57
20 72
20 81
20 88
21 26
21 37
21 44
21 47
21 94
21 99
22 61
22 70
22 76
22 77
22 99
23 29
23 47
23 59
23 78
23 94
23 97
24 32
24 57
24 69
24 73
24 84
24 97
25 26
25 29
25 49
25 61
25 65
25 70
25 84
25 97
26 65
26 91
26 92
26 98
27 29
27 69
27 92
28 29
28 42
28 45
28 47
28 54
28 60
28 63
28 84
28 86
29 62
29 69
29 74
29 85
30 33
30 36
30 45
30 46
30 69
30 71
31 39
31 92
32 37
32 52
32 53
32 56
32 57
32 59
32 81
33 55
33 66
33 72
33 82
33 84
33 88
33 89
34 45
34 48
34 57
34 82
35 37
35 38
35 47
35 60
35 79
35 93
35 95
36 44
36 47
36 56
36 62
36 76
36 84
36 87
36 89
36 92
37 38
37 52
37 69
38 50
38 78
38 87
38 99
39 71
39 83
39 85
40 63
40 72
40 91
41 79
41 92
41 93
42 44
42 47
42 54
42 69
42 97
43 44
43 56
43 58
43 63
43 67
43 83
43 84
43 87
44 54
44 61
44 85
44 98
45 54
45 56
45 59
45 85
45 86
46 55
46 60
46 63
46 66
46 70
46 83
46 86
46 95
47 48
47 83
48 52
48 56
48 60
48 63
48 89
49 62
49 66
49 77
49 98
50 57
50 68
50 97
51 68
51 70
51 81
51 82
51 87
51 89
52 57
52 72
52 91
52 92
53 76
53 82
54 85
55 57
55 59
55 61
55 68
55 76
55 96
56 77
56 80
56 91
57 68
57 81
57 82
57 99
58 85
58 93
58 94
58 96
59 63
59 64
59 70
59 77
59 84
59 87
59 95
60 65
60 94
61 94
62 68
62 75
62 76
62 95
63 72
63 85
63 94
64 74
64 91
66 76
66 77
66 86
67 80
67 95
68 72
68 85
69 82
69 84
69 96
71 95
72 80
72 92
73 85
73 91
73 97
74 78
74 92
76 77
77 94
79 88
85 94
86 89
87 88
87 92
89 90
89 93
96 97
