0
100
606
0
1
0
0 8
0 16
0 26
0 33
0 41
0 63
0 69
0 78
0 81
0 85
0 86
0 93
1 3
1 15
1 23
1 25
1 26
1 29
1 31
1 44
1 45
1 52
1 57
1 60
1 68
1 82
1 85
1 88
2 6
2 12
2 22
2 26
2 28
2 31
2 35
2 36
2 37
2 54
2 57
2 71
2 76
2 84
2 85
2 89
3 7
3 8
3 15
3 19
3 20
3 31
3 32
3 34
3 35
3 37
3 57
3 64
3 66
3 95
4 7
4 17
4 46
4 54
4 70
4 92
4 93
5 11
5 13
5 22
5 25
5 36
5 83
6 10
6 12
6 25
6 30
6 47
6 72
6 83
6 96
6 97
7 21
7 26
7 37
7 38
7 44
7 65
7 68
7 70
7 76
7 89
7 94
8 17
8 28
8 38
8 41
8 43
8 45
8 64
8 92
8 98
9 10
9 12
9 13
9 17
9 26
9 39
9 56
9 73
9 83
9 92
10 23
10 26
10 27
10 29
10 35
10 56
10 75
10 81
10 82
10 97
11 14
11 16
11 29
11 31
11 42
11 45
11 47
11 50
11 73
11 76
11 83
11 90
11 91
12 21
12 22
12 33
12 38
12 46
12 54
12 68
12 71
12 77
12 83
12 96
12 98
13 59
13 69
13 79
13 81
13 90
13 95
13 99
14 31
14 42
14 44
14 45
14 67
14 72
14 75
14 80
14 82
14 86
14 89
14 91
14 99
15 27
15 28
15 32
15 47
15 52
15 69
15 72
15 73
15 87
15 88
15 92
16 48
16 49
16 62
16 63
16 71
16 78
16 83
16 85
16 91
16 92
16 94
16 95
16 99
17 29
17 30
17 32
17 54
17 64
17 65
17 81
17 82
17 87
17 91
18 22
18 23
18 24
18 43
18 46
18 59
18 60
18 64
18 67
18 76
18 80
18 82
19 27
19 46
19 60
19 63
19 67
19 75
19 80
19 90
19 92
20 37
20 42
20 45
20 49
20 50
20 56
20 60
20 63
20 72
20 97
21 44
21 48
21 54
21 57
21 84
21 86
21 95
22 23
22 25
22 32
22 60
22 63
22 67
22 68
22 80
22 88
22 91
23 24
23 29
23 41
23 54
23 55
23 56
23 58
23 84
23 88
23 93
24 26
24 32
24 43
24 53
24 54
24 55
24 66
24 71
24 87
24 99
25 74
25 81
25 88
25 96
26 31
26 38
26 46
26 56
26 67
26 87
26 95
27 30
27 61
27 63
27 64
27 87
27 89
27 92
27 98
27 99
28 36
28 37
28 50
28 59
28 67
28 70
28 72
28 77
28 82
28 83
28 96
29 31
29 47
29 52
29 65
29 78
29 88
29 99
30 31
30 38
30 39
30 60
30 62
30 66
30 67
30 70
30 71
30 80
31 38
31 51
31 54
31 56
31 63
31 64
31 76
31 77
31 86
31 90
31 97
31 98
32 42
32 51
32 52
32 53
32 54
32 57
32 69
32 70
32 73
32 80
32 87
32 92
32 96
33 36
33 40
33 69
33 75
33 77
33 78
33 82
33 84
33 93
33 95
33 96
34 36
34 39
34 51
34 57
34 67
34 74
34 78
34 83
34 85
34 88
34 96
35 38
35 45
35 57
35 73
35 77
35 86
35 92
35 95
36 42
36 47
36 52
36 59
36 64
36 75
36 78
36 79
36 84
36 86
36 91
36 92
37 38
37 48
37 54
37 65
37 74
37 78
37 83
37 86
38 46
38 59
38 90
39 58
39 62
39 64
39 73
39 85
39 98
40 43
40 61
40 65
40 71
40 78
40 87
40 89
40 92
41 60
41 79
41 88
41 90
41 97
41 98
42 49
42 53
42 58
42 65
42 90
43 44
43 63
43 69
43 76
43 87
43 94
44 59
44 71
45 57
45 59
45 64
45 82
46 50
46 52
46 70
46 71
46 72
46 78
46 82
46 99
47 50
47 59
47 65
47 69
47 73
47 74
47 87
47 89
48 49
48 50
48 58
48 67
48 76
48 78
48 85
48 87
48 91
48 98
48 99
49 66
49 71
50 52
50 60
50 69
50 85
50 90
50 94
50 99
51 56
51 63
51 64
51 93
52 57
52 59
52 64
52 71
52 80
52 82
52 93
53 56
53 60
53 63
53 71
53 76
53 81
53 84
54 75
54 80
54 81
54 91
55 57
55 64
55 67
55 72
55 73
55 83
56 64
56 67
56 80
56 84
57 65
57 88
57 92
57 93
57 95
58 59
58 76
58 82
58 84
58 91
59 77
59 83
59 84
59 87
60 63
60 68
60 72
60 74
60 75
61 63
62 69
62 71
63 76
63 77
63 85
64 69
64 75
64 90
65 72
65 81
65 97
66 67
66 70
66 73
66 74
66 78
66 80
66 90
67 71
67 87
67 89
68 70
68 75
68 83
68 89
68 90
68 93
69 92
69 93
69 96
70 81
71 79
71 84
71 99
72 96
73 86
73 88
73 89
73 94
73 99
74 78
74 89
74 92
74 93
75 89
75 90
76 86
76 88
76 90
76 98
77 94
77 97
78 80
78 81
78 83
78 86
78 90
79 81
79 84
79 99
80 84
80 89
80 96
81 83
82 99
83 92
83 94
83 99
85 92
85 98
86 88
86 90
86 98
87 95
87 98
87 99
88 92
88 95
88 96
89 90
89 91
89 99
90 99
91 94
91 97
92 93
92 99
97 99
