0
100
373
0
1
0
0 7
0 47
0 74
0 85
0 94
1 4
1 16
1 21
1 36
1 73
1 80
1 91
1 99
2 9
2 21
2 26
2 60
2 62
2 81
2 84
2 94
2 99
3 5
3 17
3 18
3 26
3 45
3 47
3 49
3 61
3 79
4 5
4 18
4 20
4 46
4 49
4 56
4 71
4 73
4 80
4 90
4 96
5 12
5 31
5 39
5 52
5 54
5 57
5 67
5 70
5 89
5 92
6 29
6 34
6 39
6 42
6 52
6 57
6 93
7 15
7 22
7 55
7 78
8 19
8 30
8 55
8 65
8 75
8 95
9 68
9 72
9 76
9 88
10 33
10 34
10 38
10 49
10 66
10 69
11 54
11 86
12 13
12 29
12 33
12 46
12 52
12 57
12 68
12 79
12 85
12 94
13 17
13 35
13 65
13 73
13 74
13 77
13 90
13 95
14 26
14 31
14 36
14 53
14 55
14 61
14 62
14 63
14 69
14 83
14 87
14 93
15 32
15 41
15 46
15 83
15 85
15 88
15 89
16 23
16 52
16 78
16 88
17 35
17 45
17 58
17 59
17 80
17 85
17 91
18 20
18 41
18 52
18 76
18 92
19 42
19 73
19 79
19 82
20 35
20 41
20 45
20 47
20 55
20 74
20 80
20 92
21 22
21 32
21 39
21 52
21 61
21 68
21 81
21 83
21 94
22 36
22 43
22 70
23 55
23 91
24 64
24 70
24 73
25 26
25 44
25 56
25 71
25 73
25 86
26 72
27 74
27 77
28 30
28 45
28 59
28 64
29 44
29 49
29 53
29 55
29 67
29 79
29 97
30 38
30 50
30 62
30 66
30 67
30 76
31 67
32 34
32 47
32 50
32 58
32 73
32 97
32 99
33 35
33 38
33 59
33 80
33 98
34 41
34 48
34 81
34 94
35 38
35 50
35 78
35 79
35 91
36 37
36 42
36 58
36 69
36 82
36 87
37 41
37 73
38 52
38 67
38 73
39 40
39 41
39 61
39 66
39 68
39 70
39 99
40 62
40 78
40 87
40 94
40 97
41 48
41 54
41 74
41 76
41 79
41 95
42 57
42 58
42 63
42 81
42 87
43 51
43 88
43 97
44 67
44 72
44 78
44 87
44 89
45 57
45 69
45 84
45 92
46 51
46 67
46 70
46 72
47 56
47 64
47 89
47 94
48 89
49 57
49 80
49 82
49 93
50 52
50 57
50 60
50 73
51 83
52 58
52 65
52 80
53 60
53 67
53 71
53 81
54 72
54 80
55 66
55 73
55 90
55 94
55 97
55 98
56 62
56 63
57 94
57 98
58 65
58 99
59 70
59 75
59 76
59 94
59 95
60 75
60 79
61 62
61 73
61 77
61 78
62 67
62 68
63 80
63 88
63 89
63 95
63 97
64 86
64 89
64 95
65 70
65 99
66 70
66 76
66 82
66 88
66 98
67 84
68 70
68 73
68 74
68 79
68 87
68 93
69 74
69 93
70 79
70 84
71 76
72 83
72 85
72 93
73 75
73 77
73 84
74 84
74 85
74 95
74 96
75 93
76 80
76 89
77 81
77 86
77 89
77 95
77 98
78 94
79 95
80 91
82 92
84 87
84 88
84 94
85 95
86 93
86 95
86 96
87 93
88 90
90 93
90 95
92 96
93 96
94 99
98 99
