0
100
658
0
1
0
0 8
0 11
0 20
0 59
0 66
0 70
0 75
0 79
0 86
1 5
1 8
1 9
1 23
1 25
1 32
1 68
1 81
2 14
2 16
2 17
2 18
2 22
2 33
2 40
2 41
2 42
2 73
2 78
2 90
2 97
3 10
3 18
3 23
3 26
3 27
3 33
3 52
3 54
3 66
3 76
3 98
4 16
4 17
4 18
4 23
4 24
4 33
4 38
4 78
4 85
4 86
4 88
4 92
4 95
5 11
5 12
5 18
5 38
5 61
5 63
5 64
5 86
5 90
6 7
6 8
6 19
6 34
6 40
6 52
6 60
6 61
6 70
6 74
6 76
6 78
6 82
6 88
6 91
7 18
7 31
7 39
7 63
7 68
7 89
8 13
8 14
8 31
8 32
8 60
8 62
8 63
8 65
8 66
8 71
8 81
8 88
8 91
9 10
9 20
9 22
9 24
9 34
9 40
9 42
9 44
9 50
9 54
9 56
9 63
9 72
9 75
9 77
9 86
9 88
10 16
10 17
10 33
10 40
10 52
10 59
10 79
10 84
11 13
11 23
11 33
11 42
11 46
11 66
11 74
11 77
11 82
11 93
11 95
12 13
12 14
12 23
12 26
12 29
12 36
12 40
12 42
12 45
12 55
12 59
12 63
12 79
12 83
12 86
13 19
13 25
13 26
13 33
13 34
13 42
13 48
13 61
13 63
13 64
13 69
13 76
13 78
13 79
13 80
14 18
14 25
14 62
14 63
14 70
14 74
14 87
14 91
15 23
15 24
15 33
15 35
15 38
15 49
15 58
15 67
15 74
15 86
15 89
15 93
15 99
16 25
16 37
16 43
16 55
16 58
16 59
16 60
16 62
16 68
16 75
16 77
16 85
16 87
16 90
16 92
17 18
17 35
17 46
17 47
17 48
17 49
17 57
17 69
17 73
17 75
17 79
17 87
17 91
18 19
18 20
18 21
18 27
18 32
18 33
18 45
18 49
18 52
18 53
18 60
18 74
18 78
18 85
18 87
18 91
19 20
19 26
19 38
19 46
19 54
19 57
19 61
19 67
19 85
19 88
19 93
20 22
20 33
20 41
20 43
20 54
20 72
20 73
20 74
20 87
20 99
21 24
21 27
21 44
21 50
21 58
21 84
21 92
21 98
22 44
22 45
22 59
22 60
22 85
22 95
23 26
23 32
23 41
23 45
23 49
23 68
23 79
23 98
24 30
24 51
24 72
24 86
24 88
24 96
24 97
25 35
25 36
25 40
25 43
25 45
25 55
25 56
25 74
25 81
25 86
25 92
25 96
26 27
26 32
26 47
26 48
26 50
26 55
26 58
26 68
26 73
26 82
26 89
26 94
26 95
26 96
27 42
27 45
27 48
27 49
27 58
27 67
27 68
27 72
27 78
27 85
27 91
27 92
28 37
28 43
28 60
28 66
28 74
28 76
28 89
28 92
28 99
29 32
29 35
29 40
29 46
29 48
29 50
29 53
29 54
29 65
29 73
29 83
29 87
29 89
29 92
29 95
30 32
30 34
30 35
30 40
30 46
30 49
30 50
30 53
30 72
30 74
30 77
30 78
30 81
31 37
31 48
31 56
31 61
31 63
31 64
31 69
31 70
31 78
31 92
31 95
31 99
32 40
32 55
32 66
32 69
32 82
33 51
33 54
33 56
33 58
33 79
33 83
33 91
33 97
34 37
34 41
34 43
34 45
34 53
34 61
34 78
34 87
35 48
35 49
35 53
35 74
35 75
35 96
35 97
36 39
36 42
36 43
36 58
36 60
36 72
36 73
36 80
36 81
36 82
36 93
36 95
37 50
37 52
37 64
37 82
37 96
38 39
38 60
38 69
38 70
38 74
38 79
38 83
39 46
39 48
39 53
39 55
39 57
39 60
39 62
39 76
39 79
39 99
40 58
40 63
40 76
41 50
41 53
41 66
41 86
41 90
41 97
42 49
42 51
42 56
42 62
42 78
43 46
43 50
43 51
43 56
43 65
43 96
44 61
44 63
44 74
45 53
45 68
45 71
45 75
45 86
45 90
45 92
45 94
45 97
46 53
46 54
46 66
46 67
46 70
46 77
46 79
47 51
47 53
47 56
47 67
47 70
47 81
47 84
47 90
47 94
48 59
48 64
48 86
48 98
49 54
49 78
49 81
49 82
49 85
49 89
49 91
50 62
50 71
50 75
50 81
50 90
50 92
50 93
50 94
51 70
51 74
51 77
51 98
52 55
52 58
52 62
52 74
52 78
52 82
52 96
53 58
53 60
53 63
53 65
53 83
53 84
54 59
54 65
54 66
54 71
54 76
54 91
54 95
55 85
55 86
55 87
56 85
56 88
56 90
56 91
57 66
57 68
57 80
57 95
58 63
58 68
58 74
58 89
58 93
58 94
59 74
59 76
59 83
59 89
60 62
60 68
60 72
60 78
60 80
60 81
60 93
61 62
61 75
61 81
62 67
62 75
62 77
62 78
62 97
63 69
64 71
64 73
64 75
64 79
64 80
64 81
64 93
64 97
65 82
66 67
66 68
66 79
66 83
66 87
66 88
66 94
66 96
67 81
67 98
68 73
68 87
68 92
68 95
68 97
68 98
69 72
69 73
69 79
69 90
69 91
70 76
70 77
70 83
70 90
70 91
71 72
71 73
71 82
71 83
71 87
72 78
73 74
73 76
73 80
73 81
73 83
73 85
73 95
73 99
74 78
74 83
74 86
74 89
74 94
74 95
74 99
75 84
76 81
76 91
76 96
77 85
77 86
77 88
77 94
78 80
78 82
78 86
78 90
78 95
79 80
79 88
79 91
79 92
79 93
79 97
80 85
80 90
80 94
80 96
81 90
81 94
83 84
83 87
83 91
83 94
83 95
83 96
84 97
85 87
85 97
86 97
87 88
87 89
88 98
88 99
89 93
89 99
90 97
90 99
91 94
92 96
95 96
95 97
