0
100
499
0
1
0
0 14
0 15
0 20
0 23
0 28
0 29
0 51
0 54
0 60
0 66
0 86
0 89
0 90
1 5
1 13
1 24
1 39
1 74
1 81
1 97
2 10
2 18
2 33
2 36
2 37
2 39
2 40
2 50
2 60
2 70
2 90
3 11
3 18
3 27
3 36
3 43
3 51
3 52
3 59
3 61
3 85
4 15
4 30
4 31
4 36
4 37
4 38
4 41
4 49
4 90
5 14
5 27
5 41
5 48
5 73
5 78
6 30
6 45
6 72
6 78
6 86
6 94
6 95
6 98
7 43
7 54
7 60
7 61
7 63
7 76
7 81
8 11
8 17
8 24
8 26
8 33
8 37
8 45
8 48
8 49
8 54
8 64
8 75
8 76
8 82
8 83
8 93
9 26
9 27
9 41
9 43
9 44
9 56
9 68
9 84
9 88
10 11
10 32
10 40
10 50
10 69
10 78
10 84
10 98
11 15
11 27
11 39
11 47
11 49
11 66
11 74
11 87
11 98
12 19
12 21
12 28
12 46
12 75
12 76
12 77
12 85
12 96
13 31
13 37
13 53
13 64
13 75
13 76
14 27
14 28
14 31
14 56
14 66
14 80
14 82
15 18
15 22
15 41
15 45
15 51
15 52
15 68
15 75
16 29
16 33
16 80
16 97
16 98
17 40
17 65
17 88
18 23
18 29
18 33
18 46
18 57
18 60
18 75
18 91
18 92
18 99
19 51
19 58
19 66
19 75
19 78
19 79
19 80
19 82
19 88
20 27
20 30
20 38
20 42
20 50
20 60
20 82
20 83
20 84
20 97
21 24
21 39
21 47
21 59
21 62
21 67
21 70
21 92
21 96
22 40
22 64
22 70
22 72
22 90
22 98
23 25
23 46
23 57
23 59
23 68
23 75
23 80
23 81
23 94
24 30
24 42
24 56
24 63
24 80
25 26
25 33
25 49
25 63
25 66
25 79
25 90
26 32
26 45
26 58
26 65
26 74
26 75
26 85
26 90
26 95
27 35
27 37
27 61
27 72
27 76
27 82
27 83
27 87
27 99
28 34
28 35
28 43
28 56
28 59
28 63
28 66
28 67
28 76
28 90
28 95
28 98
29 38
29 43
29 45
29 48
29 54
29 60
29 66
29 69
29 74
29 81
29 85
30 39
30 41
30 61
30 94
31 34
31 43
31 47
31 52
31 59
31 67
31 84
31 88
31 90
31 94
32 37
32 39
32 50
32 60
32 61
32 72
32 88
32 91
32 94
32 99
33 42
33 54
33 65
33 82
33 84
33 85
34 46
34 57
34 73
34 94
35 42
35 80
35 92
35 94
35 95
36 43
36 76
36 80
36 91
36 92
36 96
37 47
37 49
37 62
37 65
37 76
37 80
37 86
37 94
38 42
38 53
38 56
38 68
38 92
38 94
38 95
38 96
39 41
39 45
39 47
39 63
39 73
40 44
40 57
40 74
40 76
40 78
40 92
41 56
41 65
42 59
42 72
42 89
42 96
43 48
43 57
43 60
43 62
44 56
44 62
44 74
44 85
44 88
44 94
44 96
44 99
45 60
45 78
45 95
46 58
46 60
46 69
46 87
47 53
47 56
47 61
47 63
47 67
47 79
47 96
47 99
48 78
48 88
48 94
49 50
49 52
49 57
49 61
49 64
49 74
49 87
49 91
49 98
50 67
50 68
50 86
50 92
51 53
51 63
51 71
51 73
51 74
51 85
52 61
52 78
52 85
52 98
53 80
54 59
54 60
54 84
55 59
55 69
55 98
56 58
56 66
56 80
56 88
56 96
57 66
57 67
57 69
57 74
57 75
57 82
57 84
57 85
57 86
57 94
57 97
58 59
58 69
58 85
58 88
59 66
59 70
59 80
59 87
59 94
60 61
60 66
60 70
60 86
60 98
61 63
61 93
61 99
62 68
62 70
62 77
62 83
62 88
62 90
63 66
63 74
63 89
63 94
63 97
64 84
65 86
65 93
66 73
66 82
66 83
66 87
66 88
67 85
68 87
68 90
69 77
70 87
70 89
70 92
70 97
70 98
71 89
71 98
72 74
72 75
72 78
72 95
72 96
72 97
73 81
73 90
74 80
74 84
74 90
75 76
75 92
76 81
76 88
76 89
77 81
78 80
78 88
78 94
79 83
79 97
80 95
81 96
81 99
82 96
83 85
83 86
83 92
85 99
86 87
86 92
86 94
87 92
87 93
89 99
90 93
91 95
94 98
95 96
98 99
