0
100
507
0
1
0
0 4
0 23
0 39
0 49
0 62
0 82
0 88
0 92
0 94
1 5
1 17
1 35
1 48
1 49
1 58
1 59
1 71
1 92
1 93
1 94
1 96
2 15
2 16
2 32
2 37
2 41
2 59
2 83
2 96
3 8
3 56
3 58
3 68
3 73
3 81
3 98
4 15
4 18
4 28
4 42
4 52
4 56
4 58
4 81
4 90
4 96
5 26
5 28
5 46
5 54
5 67
5 73
5 85
6 19
6 25
6 26
6 28
6 35
6 41
6 50
6 54
6 57
6 99
7 35
7 42
7 51
7 56
7 60
7 62
7 78
8 12
8 26
8 37
8 55
8 60
8 71
8 79
8 86
9 13
9 28
9 35
9 67
9 68
9 78
9 84
9 99
10 30
10 39
10 48
10 54
10 66
10 85
10 88
10 95
10 96
10 97
11 13
11 17
11 18
11 20
11 22
11 24
11 28
11 31
11 41
11 44
11 64
11 75
11 79
11 99
12 60
12 62
12 73
12 78
12 86
12 87
12 92
12 96
12 98
13 14
13 25
13 26
13 31
13 46
13 52
13 63
13 67
13 76
13 86
13 88
13 89
13 92
14 16
14 30
14 70
14 79
14 83
15 53
15 58
15 79
15 89
15 99
16 20
16 25
16 29
16 30
16 32
16 44
16 52
16 57
16 60
16 63
16 65
16 79
16 87
16 92
17 59
17 66
17 70
17 81
18 20
18 34
18 52
18 60
18 79
18 82
18 89
18 99
19 21
19 23
19 29
19 31
19 47
19 68
19 74
19 79
19 88
20 30
20 31
20 36
20 49
20 57
20 67
20 78
20 87
20 88
21 22
21 28
21 31
21 32
21 42
21 43
21 54
21 64
21 70
21 77
21 78
21 79
21 80
22 35
22 36
22 45
22 50
22 54
22 55
22 76
22 79
22 84
22 96
23 44
23 51
23 56
23 63
23 77
23 83
23 90
23 94
24 30
24 63
24 78
24 82
24 94
24 95
25 26
25 30
25 37
25 49
25 68
25 73
25 81
25 93
25 95
25 99
26 30
26 44
26 50
26 53
26 76
26 78
26 80
27 37
27 44
27 52
27 67
27 99
28 32
28 36
28 46
28 60
28 63
28 65
28 71
28 75
28 79
29 35
29 43
29 49
29 56
29 62
29 67
29 79
29 87
29 90
29 92
30 40
30 54
30 56
30 66
30 73
30 74
30 86
30 99
31 32
31 42
31 43
31 55
31 68
31 79
31 80
31 84
32 35
32 36
32 45
32 46
32 48
32 52
32 54
32 70
32 80
32 85
32 87
32 91
32 92
33 38
33 40
33 43
33 62
33 63
33 70
33 77
34 42
34 54
34 62
35 48
35 59
35 72
35 73
35 88
35 93
36 56
36 57
36 70
36 82
36 93
37 39
37 46
37 59
37 65
37 74
37 83
37 84
37 88
37 90
37 95
38 83
38 98
39 44
39 47
39 49
39 51
39 54
39 66
39 69
39 82
39 85
40 56
40 62
40 78
40 95
41 42
41 44
41 61
41 94
42 63
42 65
42 67
42 73
42 79
43 48
43 78
43 87
44 45
44 54
44 76
44 88
44 96
45 65
45 84
46 55
46 61
46 65
46 66
46 69
46 84
46 88
47 65
47 94
47 95
48 49
48 61
48 68
48 73
49 71
49 84
49 88
50 52
50 71
50 73
50 86
50 89
50 91
51 60
51 61
51 65
51 70
51 73
51 82
51 95
52 84
52 88
53 60
53 73
53 93
54 58
54 59
54 72
54 89
55 57
55 62
55 68
55 72
55 95
56 65
56 69
56 79
56 94
57 59
57 66
57 83
57 85
57 86
57 88
57 89
58 72
58 75
58 83
58 88
58 99
59 64
59 66
59 72
59 83
59 86
59 95
59 96
60 70
60 71
60 85
60 88
60 97
61 77
61 93
61 98
62 73
62 87
62 90
62 94
63 75
63 95
64 67
64 68
64 69
64 71
64 73
64 74
64 79
64 85
64 95
64 96
64 99
65 68
65 69
65 71
65 78
65 87
65 98
66 76
66 80
66 81
66 91
67 87
67 97
68 82
68 89
68 92
70 75
70 81
71 79
71 80
71 97
72 74
72 81
72 87
72 92
72 94
73 76
73 80
73 81
73 94
73 98
74 80
75 79
75 86
77 86
78 83
79 82
79 90
80 93
80 98
81 89
81 91
82 86
82 88
83 92
84 85
84 88
84 89
84 98
87 96
88 96
89 91
89 94
91 96
94 99
95 97
95 99
98 99
