0
100
656
0
1
0
0 5
0 10
0 12
0 13
0 14
0 18
0 31
0 38
0 50
0 52
0 63
0 72
0 90
0 91
0 94
0 96
1 6
1 13
1 17
1 47
1 53
1 64
1 73
1 80
1 98
1 99
2 8
2 14
2 19
2 20
2 28
2 39
2 49
2 55
2 56
2 57
2 58
2 66
2 71
2 78
2 79
2 92
2 93
2 98
3 6
3 8
3 9
3 10
3 18
3 23
3 38
3 41
3 45
3 51
3 54
3 61
3 62
3 71
3 78
3 79
3 82
3 85
3 94
4 5
4 6
4 17
4 25
4 31
4 37
4 39
4 72
4 73
4 74
4 80
4 83
4 88
4 94
5 7
5 10
5 25
5 40
5 49
5 52
5 57
5 62
5 73
5 75
5 84
5 96
6 18
6 19
6 22
6 35
6 41
6 49
6 82
6 94
6 96
7 14
7 28
7 39
7 43
7 44
7 48
7 49
7 54
7 55
7 69
7 78
7 83
7 91
7 98
8 9
8 13
8 21
8 22
8 23
8 28
8 35
8 41
8 44
8 45
8 51
8 63
8 83
8 84
8 85
8 93
8 98
9 10
9 52
9 53
9 55
9 60
9 64
9 85
9 90
10 15
10 28
10 37
10 42
10 43
10 50
10 52
10 58
10 75
10 77
10 83
10 84
10 96
10 98
11 29
11 47
11 48
11 53
11 54
11 55
11 56
11 67
11 77
11 92
11 96
11 99
12 14
12 22
12 38
12 39
12 47
12 62
12 64
12 67
12 70
12 71
12 85
13 17
13 24
13 40
13 61
13 62
13 67
13 77
13 84
13 86
14 37
14 38
14 43
14 57
14 58
14 65
14 67
14 68
14 71
14 77
14 86
14 89
14 95
15 35
15 40
15 53
15 57
15 61
15 68
15 69
15 70
15 71
15 85
15 88
15 90
15 94
16 28
16 29
16 30
16 32
16 33
16 40
16 60
16 62
16 63
16 74
16 84
17 19
17 27
17 42
17 45
17 50
17 52
17 57
17 85
17 88
17 91
17 95
17 98
18 29
18 33
18 34
18 41
18 50
18 62
18 75
18 80
19 30
19 48
19 59
19 65
19 68
19 76
19 91
19 92
20 49
20 60
20 80
20 99
21 22
21 52
21 65
21 72
21 84
21 85
21 89
22 37
22 41
22 48
22 49
22 61
22 65
22 70
22 71
22 75
22 83
22 84
22 90
22 91
22 93
22 97
23 39
23 46
23 54
23 56
23 66
23 71
23 74
23 89
23 93
23 94
24 26
24 32
24 34
24 42
24 45
24 47
24 67
24 81
24 83
24 90
24 92
25 34
25 36
25 45
25 48
25 56
25 58
25 60
25 80
25 83
25 95
26 30
26 35
26 38
26 41
26 45
26 49
26 54
26 57
26 63
26 70
26 82
26 89
26 94
27 51
27 59
27 72
27 77
27 78
27 84
27 86
28 29
28 32
28 33
28 41
28 43
28 51
28 62
28 69
28 70
28 72
28 78
28 84
28 89
28 96
28 97
29 30
29 33
29 40
29 49
29 57
29 59
29 70
29 77
29 80
29 89
29 94
30 38
30 49
30 88
30 92
31 32
31 38
31 40
31 42
31 44
31 45
31 72
31 73
31 85
31 86
31 95
31 97
31 99
32 41
32 48
32 56
32 59
32 76
32 78
32 91
32 98
33 38
33 52
33 58
33 61
33 66
33 69
33 77
33 81
33 96
34 37
34 38
34 60
34 61
34 67
34 85
34 90
34 93
35 40
35 42
35 56
35 59
35 61
35 76
35 91
35 99
36 39
36 50
36 52
36 53
36 64
36 65
36 67
36 74
36 85
36 87
36 88
37 40
37 43
37 48
37 49
37 55
37 62
37 90
37 93
37 94
37 98
38 47
38 51
38 53
38 57
38 58
38 60
38 66
38 72
38 99
39 47
39 48
39 55
39 56
39 58
39 73
39 85
39 90
39 94
39 96
40 41
40 50
40 64
40 68
40 69
40 72
40 83
40 93
40 94
41 49
41 52
41 57
41 69
41 72
41 73
41 77
41 89
42 49
42 50
42 65
42 69
42 75
43 52
43 54
43 62
43 75
43 80
43 81
43 84
43 86
43 93
43 94
44 53
44 63
44 67
44 69
44 70
44 82
44 92
45 56
45 68
45 74
45 96
46 62
46 64
46 70
46 71
46 72
46 75
46 79
46 83
46 85
46 94
47 54
47 62
47 66
47 74
47 76
47 77
47 81
48 52
48 65
48 77
48 86
48 93
49 52
49 54
49 58
49 67
49 71
49 72
49 99
50 53
50 60
50 68
50 73
50 89
51 58
51 59
51 65
51 70
51 72
51 74
51 76
51 78
51 79
51 87
52 60
52 62
52 63
52 64
52 66
52 74
52 80
52 91
52 98
53 66
53 75
53 77
53 90
53 92
53 98
55 66
55 89
55 99
56 78
56 79
56 80
56 89
56 90
57 77
57 81
58 81
58 83
58 87
59 70
59 76
59 85
60 89
61 63
61 65
61 67
61 68
61 75
61 85
61 86
62 76
62 79
62 88
62 89
63 67
63 70
63 76
63 86
63 87
63 90
64 65
64 77
64 79
64 82
64 85
64 87
64 89
64 94
64 95
65 66
65 68
65 72
65 77
65 83
65 86
65 96
65 97
65 99
66 73
67 71
67 75
67 86
67 90
67 97
67 98
67 99
68 71
68 72
68 73
68 78
68 82
68 85
68 89
68 95
69 71
69 74
69 75
69 76
69 79
69 80
69 88
69 99
70 73
70 74
70 91
70 98
71 75
72 79
72 81
73 76
73 85
74 80
74 92
74 95
74 96
74 99
77 90
78 80
79 83
79 95
79 96
80 84
80 90
80 92
82 89
82 94
83 89
84 85
84 92
86 90
86 98
86 99
87 88
87 92
87 94
88 89
88 92
92 96
97 99
