0
100
345
0
1
0
0 2
0 8
0 20
0 24
0 29
0 43
0 48
0 61
0 80
0 82
1 4
1 6
1 26
1 39
1 68
1 73
1 92
2 73
2 90
3 12
3 23
3 61
4 47
4 51
4 63
4 70
5 12
5 26
5 28
5 30
5 45
5 56
5 85
6 13
6 30
6 38
6 52
6 54
6 95
6 97
7 12
7 23
7 28
7 50
7 53
7 91
7 95
8 18
8 43
8 59
8 61
8 91
9 22
9 26
9 39
9 43
9 72
9 76
9 77
10 42
10 57
10 74
10 84
10 97
10 99
11 49
11 64
11 71
11 72
11 79
11 96
12 27
12 46
12 84
12 86
13 23
13 38
13 57
13 65
13 79
13 97
13 98
14 17
14 24
14 29
14 31
14 44
14 60
14 93
15 46
15 64
15 67
15 72
15 81
16 22
16 23
16 58
16 67
16 75
16 76
16 92
17 42
17 54
17 63
17 76
18 25
18 60
18 85
18 95
19 23
19 29
19 58
19 70
20 48
20 55
20 66
20 67
20 76
20 86
20 94
21 41
21 58
21 61
21 95
21 97
22 25
22 75
22 80
22 86
22 98
22 99
23 31
23 33
23 47
23 59
23 61
23 64
23 91
24 26
24 32
24 36
24 42
24 50
24 53
24 86
24 88
24 90
24 97
25 36
25 37
25 74
25 85
25 86
25 96
26 64
26 75
26 90
27 58
27 80
28 29
28 63
28 64
28 74
29 31
29 97
30 41
30 63
30 69
30 88
30 97
31 36
31 54
31 63
31 78
31 87
31 98
32 59
32 62
32 86
32 92
32 96
33 47
33 77
33 96
34 43
34 65
34 95
35 38
35 43
35 52
35 53
35 56
35 72
36 45
36 55
36 60
36 70
36 72
36 75
36 82
37 39
37 43
37 48
37 61
37 78
38 66
38 76
38 89
38 98
39 44
39 48
39 73
40 46
40 58
40 67
41 45
41 67
41 75
41 86
41 92
42 43
42 44
42 54
42 55
42 61
42 90
42 97
43 56
43 73
43 87
43 92
44 50
44 68
44 70
44 72
44 77
44 79
44 87
44 96
44 99
45 51
45 54
45 59
45 68
45 70
45 77
45 78
45 84
45 91
46 47
46 74
46 98
47 66
47 84
47 90
47 96
48 50
48 60
48 72
48 89
49 54
49 62
49 75
49 78
49 80
49 93
49 98
49 99
50 59
50 63
50 84
50 86
50 88
50 90
51 76
52 61
52 64
52 87
52 89
52 97
53 61
54 67
54 74
54 75
55 71
55 88
55 99
56 77
56 81
57 61
57 73
57 83
58 72
58 73
58 77
58 87
58 89
58 90
58 94
59 90
59 92
59 97
61 65
61 74
61 91
61 92
61 99
62 72
62 91
62 96
63 68
63 96
64 76
64 86
64 94
65 70
65 85
65 97
66 67
66 69
69 72
69 73
69 79
69 83
69 87
69 94
70 84
72 94
73 82
73 90
73 97
75 79
75 94
76 93
76 96
79 92
80 84
80 91
81 87
81 95
85 92
86 97
89 94
91 94
91 99
