0
100
502
0
1
0
0 18
0 31
0 44
0 56
0 61
0 87
0 95
1 6
1 33
1 63
1 72
1 79
2 6
2 43
2 51
2 86
2 87
3 6
3 9
3 13
3 25
3 29
3 35
3 38
3 61
3 87
3 89
3 98
4 6
4 7
4 33
4 35
4 38
4 44
4 52
4 53
4 58
4 59
4 60
4 70
4 78
4 85
4 94
5 9
5 13
5 14
5 19
5 39
5 57
5 76
5 83
6 8
6 23
6 29
6 40
6 58
6 77
6 79
7 23
7 31
7 32
7 38
7 46
7 62
7 66
7 71
7 72
7 81
8 12
8 17
8 69
8 81
8 87
8 99
9 21
9 30
9 39
9 77
9 78
9 99
10 16
10 19
10 55
10 66
10 67
10 73
10 77
10 79
10 94
11 21
11 23
11 48
11 56
11 61
11 71
11 89
11 92
12 31
12 35
12 49
12 71
12 85
12 90
13 14
13 15
13 19
13 40
13 50
13 51
13 95
13 99
14 18
14 24
14 35
14 37
14 46
14 49
14 61
14 65
14 68
14 80
14 88
15 18
15 27
15 46
15 49
15 50
15 52
15 55
15 58
15 59
15 63
16 24
16 29
16 34
16 38
16 39
16 61
16 64
16 73
16 75
16 80
16 85
16 93
17 19
17 21
17 22
17 23
17 24
17 71
17 76
17 78
17 85
17 96
18 39
18 40
18 41
18 44
18 53
18 77
18 85
18 91
19 25
19 26
19 33
19 70
19 79
19 89
19 90
19 99
20 23
20 47
20 51
20 58
20 66
20 67
20 78
20 88
20 94
20 97
21 30
21 39
21 49
21 72
21 77
21 80
21 87
21 91
22 31
22 39
22 48
22 53
22 72
22 75
22 92
23 40
23 41
23 42
23 54
23 73
23 84
23 89
23 90
24 27
24 31
24 43
24 46
24 47
24 66
24 68
24 70
24 72
24 87
25 28
25 30
25 40
25 51
25 53
25 63
25 98
26 30
26 40
26 53
26 54
26 56
26 71
26 75
26 81
26 84
27 28
27 33
27 41
27 42
27 43
27 44
27 63
27 67
27 70
27 73
27 86
27 87
27 93
27 97
28 43
28 55
28 62
28 64
28 66
28 90
28 93
28 94
28 97
29 40
29 42
29 43
29 54
29 60
29 74
29 87
30 35
30 39
30 44
30 46
30 49
30 76
30 84
30 91
31 34
31 42
31 50
31 51
31 56
31 60
31 72
31 73
31 74
31 86
31 94
32 52
32 59
32 86
32 90
32 91
33 36
33 59
33 62
33 68
34 35
34 36
34 44
34 55
34 57
34 64
34 72
34 75
34 81
35 41
35 61
35 80
35 82
35 86
35 91
36 40
36 44
36 61
36 78
36 81
37 38
37 43
37 54
37 58
37 90
37 93
37 99
38 39
38 55
38 68
38 84
38 87
38 92
39 40
39 61
39 62
39 70
39 99
40 46
40 50
40 53
40 55
40 83
40 85
40 86
41 45
41 46
41 47
41 52
41 80
41 83
41 88
41 96
42 50
42 51
42 54
42 56
42 89
42 95
43 48
43 49
43 55
43 63
43 74
43 78
44 46
44 52
44 54
44 63
44 65
44 99
45 55
45 62
46 51
46 55
46 63
46 67
46 69
46 82
46 94
46 99
47 56
47 66
47 89
47 95
48 61
48 77
49 57
50 76
50 88
51 54
51 55
51 72
51 74
51 85
51 89
51 90
52 56
52 75
52 90
52 95
53 73
53 78
53 89
53 94
54 56
54 61
54 62
54 64
54 83
54 98
55 67
55 70
55 80
55 94
56 78
57 60
57 66
57 68
57 74
57 90
58 59
58 61
58 64
58 69
58 74
58 86
58 87
58 91
58 96
59 65
59 67
59 70
59 75
59 85
60 68
60 69
60 75
60 82
60 86
60 88
60 94
62 65
62 66
62 70
62 82
62 94
62 97
63 68
63 82
63 83
63 84
63 88
64 90
65 77
65 82
66 87
66 90
66 96
67 73
67 84
67 93
68 85
68 87
69 73
69 90
69 96
69 97
70 76
70 78
70 88
70 95
70 98
71 72
71 81
71 83
71 90
71 94
72 73
72 88
73 74
73 76
73 86
73 89
73 92
74 84
74 87
74 89
74 94
75 77
75 86
75 93
76 90
76 94
76 97
77 84
77 95
78 80
78 86
79 82
79 83
79 85
79 99
80 92
80 95
81 83
82 84
83 95
85 93
86 98
87 88
88 93
89 91
89 95
94 95
