0
100
597
0
1
0
0 7
0 10
0 13
0 29
0 33
0 39
0 73
0 76
0 87
0 94
1 4
1 12
1 22
1 33
1 38
1 42
1 47
1 62
1 66
1 72
1 74
1 77
1 85
1 96
2 17
2 23
2 29
2 35
2 36
2 50
2 66
2 76
3 4
3 5
3 10
3 11
3 13
3 16
3 20
3 23
3 37
3 43
3 45
3 53
3 55
3 66
3 75
3 77
3 89
3 95
4 6
4 13
4 38
4 40
4 41
4 47
4 62
4 64
4 67
4 75
4 80
4 89
5 10
5 29
5 30
5 46
5 51
5 56
5 62
5 69
5 76
5 78
5 85
5 90
5 93
6 22
6 27
6 40
6 41
6 45
6 47
6 50
6 53
6 68
6 70
6 84
7 10
7 13
7 29
7 33
7 40
7 51
7 55
7 65
7 74
7 75
7 84
7 88
7 90
7 92
7 99
8 9
8 20
8 27
8 29
8 30
8 51
8 60
8 67
8 72
8 78
8 94
8 97
9 11
9 17
9 30
9 34
9 51
9 59
9 86
9 93
9 97
10 17
10 19
10 22
10 30
10 36
10 63
10 70
10 71
10 80
10 84
10 85
10 88
11 57
11 62
11 69
11 70
11 76
11 81
11 82
11 86
11 87
11 96
12 17
12 21
12 23
12 24
12 43
12 54
12 55
12 66
12 75
12 79
12 82
13 15
13 24
13 27
13 36
13 37
13 40
13 52
13 55
13 67
13 69
13 74
13 87
14 18
14 40
14 44
14 54
14 81
14 89
14 99
15 33
15 35
15 36
15 47
15 50
15 54
15 56
15 80
15 82
15 93
15 99
16 24
16 26
16 36
16 40
16 44
16 47
16 63
16 70
16 72
16 73
16 75
16 78
16 85
16 90
17 23
17 34
17 44
17 45
17 60
17 61
17 71
17 79
17 86
17 94
17 95
18 53
18 62
18 74
18 80
19 27
19 35
19 63
19 73
19 80
19 90
19 91
19 94
19 95
20 28
20 31
20 40
20 43
20 44
20 52
20 74
20 82
20 84
21 26
21 28
21 42
21 58
21 65
21 68
21 72
21 90
21 98
22 34
22 36
22 46
22 61
22 62
22 65
23 26
23 39
23 51
23 56
23 65
23 71
23 85
23 87
23 93
23 94
23 96
24 58
24 59
24 66
24 74
24 76
24 83
24 87
24 88
24 90
25 28
25 30
25 33
25 48
25 54
25 59
25 60
25 65
25 66
25 76
25 79
25 92
26 51
26 57
26 59
26 67
26 69
26 78
26 83
26 87
26 90
27 34
27 53
27 57
27 79
27 87
28 41
28 54
28 70
28 93
28 98
29 31
29 43
29 58
29 60
29 64
29 66
29 68
29 74
29 93
30 35
30 37
30 49
30 79
30 86
30 92
30 94
30 96
31 35
31 38
31 42
31 46
31 49
31 58
31 68
31 75
31 82
31 86
31 90
31 91
31 98
32 51
32 53
32 54
32 55
32 73
32 79
32 80
32 82
32 83
32 86
32 87
32 96
33 49
33 50
33 57
33 67
33 77
33 80
33 89
34 35
34 36
34 37
34 61
34 76
34 82
34 89
34 93
34 94
35 39
35 40
35 42
35 50
35 51
35 57
35 65
35 68
35 69
35 71
35 80
35 85
35 94
36 40
36 44
36 49
36 54
36 59
36 62
36 64
36 68
36 71
36 72
36 75
36 79
36 84
36 89
37 48
37 87
38 68
38 84
38 91
38 95
38 96
38 99
39 42
39 76
39 78
39 79
39 98
40 55
40 66
40 74
40 91
41 56
41 72
41 73
41 98
42 51
42 62
42 64
42 65
42 76
42 78
42 86
42 87
42 93
42 96
43 49
43 59
43 65
43 96
44 56
44 60
44 67
44 70
44 71
44 84
44 87
44 93
44 95
45 73
45 88
45 89
45 94
45 95
46 62
46 67
46 82
46 83
46 86
46 88
46 96
47 56
47 57
47 68
47 69
47 78
47 93
47 98
48 84
48 93
48 97
48 98
49 55
49 60
49 70
49 89
50 69
50 72
50 86
50 97
51 67
51 73
51 82
51 83
51 93
51 99
52 53
52 73
52 78
52 99
53 65
53 66
53 80
53 90
53 95
54 63
54 66
54 83
54 95
55 59
55 69
55 70
55 86
55 93
55 94
55 97
56 58
56 68
56 73
56 75
56 92
56 98
57 66
57 83
58 62
58 71
58 72
58 75
58 83
58 87
58 88
58 99
59 64
59 68
59 75
59 77
59 82
59 83
59 89
59 96
60 65
60 74
60 80
60 82
60 83
60 97
61 75
61 96
62 64
62 67
62 92
62 94
62 95
62 97
63 78
63 94
63 96
64 76
64 81
64 84
64 86
64 92
64 93
65 68
65 82
66 68
66 74
66 97
67 73
67 74
67 97
67 98
67 99
68 70
68 89
68 91
68 93
68 97
69 76
69 80
69 93
70 77
70 90
72 75
72 79
72 81
72 98
73 83
73 86
74 77
74 82
74 90
74 93
74 99
75 76
75 83
75 88
76 96
76 98
76 99
77 93
77 94
77 95
78 80
78 98
79 82
79 85
80 89
80 95
80 97
81 89
82 83
82 98
83 94
83 98
84 86
84 91
84 98
86 93
88 93
89 96
89 98
90 98
91 96
92 95
92 97
95 96
95 97
95 99
