0
100
494
0
1
0
0 12
0 24
0 26
0 27
0 42
0 51
0 79
0 81
0 94
0 97
1 4
1 9
1 10
1 24
1 48
1 60
1 64
1 73
1 89
2 6
2 8
2 10
2 14
2 21
2 27
2 43
2 51
2 56
2 61
2 65
2 94
3 11
3 22
3 27
3 35
3 41
3 47
3 55
3 58
3 91
3 93
3 98
3 99
4 8
4 12
4 29
4 78
5 29
5 36
5 44
5 46
5 51
5 67
5 72
5 73
5 80
6 17
6 18
6 31
6 39
6 41
6 42
6 58
6 67
6 71
6 80
7 24
7 44
7 73
7 97
8 16
8 39
8 44
8 46
8 47
8 50
8 68
8 71
8 73
8 96
9 11
9 14
9 20
9 26
9 29
9 31
9 33
9 57
9 60
9 86
10 20
10 27
10 35
10 47
10 48
10 54
10 70
10 80
10 88
11 12
11 21
11 34
11 37
11 47
11 67
11 75
11 78
11 79
11 84
11 92
11 93
12 22
12 34
12 37
12 58
12 64
12 73
12 80
12 84
13 23
13 33
13 46
13 55
13 64
13 68
13 72
13 84
13 89
14 16
14 17
14 21
14 36
14 37
14 42
14 44
14 47
14 69
14 79
14 94
14 95
14 96
15 24
15 29
15 42
15 58
15 64
15 72
16 38
16 44
16 53
16 55
16 80
17 42
17 51
17 68
17 73
17 79
17 82
17 90
18 44
18 50
18 55
18 56
18 77
18 88
18 90
19 24
19 26
19 35
19 44
19 50
19 72
19 87
19 88
19 92
20 41
20 43
20 49
20 51
20 59
20 75
20 85
20 87
20 90
20 93
21 54
21 56
21 71
21 78
22 27
22 35
22 79
22 81
22 91
22 95
22 98
23 60
23 84
23 94
24 35
24 40
24 62
24 77
24 99
25 30
25 47
25 57
25 82
26 30
26 56
26 64
26 65
26 90
26 97
26 98
27 33
27 35
27 37
27 41
27 42
27 54
27 56
27 61
27 76
27 88
27 94
27 96
28 46
28 52
28 64
28 69
28 73
28 78
28 87
28 98
28 99
29 40
29 98
30 36
30 42
30 43
30 46
30 48
30 53
30 56
30 64
30 75
30 79
30 81
30 82
30 88
30 94
30 95
31 60
31 64
31 65
31 71
31 76
31 87
31 96
32 43
32 62
32 99
33 39
33 45
33 52
33 53
33 55
33 58
33 75
33 77
33 90
34 39
34 58
34 79
34 80
34 81
34 82
34 86
34 91
35 42
35 59
35 76
36 37
36 59
36 83
36 84
36 86
36 93
37 53
37 58
37 71
37 83
37 87
37 96
38 40
38 45
38 55
38 64
38 80
38 84
38 93
39 44
39 56
39 67
39 78
39 92
39 96
40 48
40 49
40 61
40 66
40 76
40 79
41 45
41 53
41 72
41 80
41 98
41 99
42 61
42 74
42 81
42 98
43 59
43 66
43 72
43 74
43 75
43 86
43 89
43 93
44 49
44 75
44 98
45 94
45 97
45 98
46 52
46 63
46 77
47 52
47 60
47 80
47 87
47 95
48 55
48 81
48 88
48 93
49 56
49 60
49 61
49 88
49 91
50 83
50 88
50 92
50 97
51 76
51 77
51 80
52 53
52 57
52 73
52 85
52 89
52 96
53 63
53 73
53 74
53 93
53 95
54 62
54 67
54 71
54 74
54 95
55 79
55 88
55 99
56 68
56 69
56 73
56 75
56 76
56 78
56 91
57 67
57 80
57 97
57 99
58 61
58 66
58 76
58 81
58 85
59 81
60 64
60 68
60 72
60 76
61 62
61 86
61 94
62 66
62 76
62 85
62 88
62 90
62 92
63 75
63 88
63 89
64 71
64 81
64 82
64 83
64 84
64 86
64 87
64 92
64 98
65 66
65 76
65 78
65 80
65 86
65 88
66 72
66 74
66 78
66 91
66 92
67 68
67 71
67 72
67 77
67 78
67 82
68 80
68 95
69 70
69 78
69 81
69 82
69 89
69 94
69 95
70 71
70 75
70 80
70 92
71 78
71 89
71 94
71 98
72 80
73 83
73 92
74 86
74 89
74 91
75 81
76 92
76 94
77 84
77 85
77 92
78 79
78 84
79 81
79 87
79 89
79 90
80 84
80 91
84 88
84 89
84 95
84 97
86 97
87 91
87 92
87 94
88 91
88 94
89 90
90 99
91 94
91 96
93 96
96 99
98 99
