0
100
363
0
1
0
0 4
0 9
0 24
0 73
0 84
0 86
0 88
1 7
1 32
1 40
1 47
1 87
1 97
2 18
2 23
2 27
2 33
2 44
2 57
2 60
2 90
2 97
3 42
3 50
3 59
3 75
3 79
3 85
3 87
4 16
4 24
4 44
4 74
4 83
4 95
5 9
5 30
5 39
5 88
6 34
6 51
6 62
6 79
6 82
7 8
7 21
7 41
7 54
8 21
8 23
8 42
8 50
8 57
8 75
9 27
9 28
9 40
9 44
9 50
9 79
9 87
10 12
10 16
10 47
10 48
10 54
10 56
10 73
10 94
11 13
11 16
11 52
11 71
11 72
11 94
12 26
12 50
12 62
12 84
12 89
12 96
12 97
13 21
13 26
13 29
14 28
14 31
14 41
14 61
14 91
15 45
15 67
15 75
16 28
16 32
16 55
16 63
16 77
16 78
16 83
17 35
17 59
17 72
17 87
17 90
17 99
18 21
18 28
18 29
18 39
18 48
18 58
19 48
19 69
19 77
19 78
20 55
20 56
21 25
21 41
21 44
21 58
21 60
21 86
21 93
22 24
22 35
22 49
23 51
23 67
23 71
23 91
23 97
24 45
24 61
24 85
24 87
25 34
25 39
25 49
25 68
25 94
26 35
26 45
26 46
26 77
27 28
27 29
27 45
27 54
27 68
27 74
27 92
27 94
27 96
27 98
28 30
28 43
28 45
28 77
28 94
28 99
29 40
29 41
29 48
29 66
29 75
29 80
30 34
30 37
30 38
30 54
30 79
31 32
31 41
31 61
31 71
31 84
31 86
31 91
32 33
32 67
32 74
32 75
32 88
32 96
33 40
33 59
34 35
34 53
34 73
34 76
34 92
34 96
35 43
35 67
35 79
35 95
35 98
36 40
36 61
36 83
36 98
37 49
37 52
37 54
37 74
37 81
37 97
37 98
38 74
38 75
38 92
38 96
38 97
39 49
39 89
40 48
40 53
40 57
40 85
40 99
41 84
42 59
42 60
42 62
42 71
42 81
42 86
42 90
42 93
43 44
43 47
43 53
43 64
43 69
43 79
43 92
44 63
44 69
44 85
44 91
44 94
44 96
44 97
45 54
45 67
45 69
45 92
46 77
46 84
47 50
47 57
47 93
47 94
48 68
48 97
49 61
49 63
49 88
49 93
50 52
50 62
50 74
50 90
50 93
51 64
51 74
51 82
51 89
52 58
52 82
52 83
52 86
52 89
52 93
53 61
53 65
53 68
53 71
53 73
53 75
53 90
54 61
54 71
54 72
54 73
54 76
55 58
55 60
55 62
55 63
55 73
55 94
55 95
56 80
56 83
56 94
57 68
57 80
58 61
58 64
58 71
58 88
59 77
59 99
60 64
60 65
60 77
60 98
61 83
61 88
62 76
62 81
62 86
62 94
62 98
63 77
63 83
64 68
64 88
65 76
65 82
65 85
66 87
67 73
67 80
67 90
68 84
69 74
70 80
70 90
72 79
72 81
72 83
72 85
73 82
73 94
74 78
74 87
75 77
75 81
76 78
76 92
76 94
77 86
77 98
78 80
78 81
78 86
78 87
79 81
81 83
81 89
82 87
84 87
84 94
84 99
85 99
86 92
92 94
93 99
95 97
