0
100
629
0
1
0
0 16
0 31
0 43
0 56
0 70
0 73
0 93
0 95
1 21
1 22
1 31
1 32
1 39
1 50
1 53
1 63
1 77
1 88
1 89
1 91
1 94
2 5
2 13
2 18
2 30
2 38
2 46
2 47
2 49
2 64
2 65
2 80
2 82
2 84
2 99
3 7
3 8
3 22
3 27
3 40
3 41
3 44
3 56
3 60
3 64
3 73
3 74
3 82
3 89
3 95
4 9
4 17
4 22
4 25
4 28
4 31
4 50
4 53
4 57
4 65
4 87
5 18
5 31
5 36
5 41
5 42
5 48
5 58
5 61
5 62
5 82
5 88
5 95
6 15
6 18
6 30
6 53
6 58
6 59
6 61
6 72
6 91
6 99
7 10
7 15
7 28
7 49
7 54
7 55
7 59
7 70
7 73
8 10
8 11
8 13
8 14
8 15
8 24
8 26
8 39
8 42
8 45
8 60
8 64
8 81
8 88
9 12
9 13
9 22
9 29
9 34
9 46
9 55
9 69
9 70
9 90
9 91
9 92
10 23
10 28
10 32
10 39
10 56
10 66
10 80
10 82
10 87
10 88
10 89
11 20
11 23
11 29
11 32
11 39
11 46
11 61
11 64
11 65
11 70
11 71
11 74
11 91
12 21
12 31
12 43
12 64
12 70
12 78
12 85
12 88
13 17
13 19
13 24
13 35
13 40
13 47
13 49
13 51
13 59
13 68
13 71
13 85
13 97
14 15
14 38
14 40
14 42
14 51
14 53
14 54
14 73
14 83
14 93
15 29
15 30
15 38
15 47
15 51
15 66
15 69
15 76
15 92
15 98
16 19
16 27
16 32
16 33
16 34
16 38
16 47
16 50
16 60
16 68
16 70
16 74
16 76
16 81
16 87
17 26
17 27
17 34
17 35
17 43
17 45
17 51
17 61
17 75
17 84
17 89
17 95
18 25
18 26
18 31
18 34
18 35
18 48
18 50
18 53
18 54
18 55
18 65
18 71
18 77
18 79
18 83
18 86
18 88
18 92
19 22
19 23
19 28
19 41
19 57
19 61
19 65
19 73
19 94
19 95
20 27
20 36
20 41
20 49
20 57
20 62
20 64
20 67
20 70
20 76
20 85
20 88
20 92
20 95
21 30
21 37
21 46
21 59
21 92
21 95
21 99
22 26
22 44
22 48
22 60
22 65
22 74
22 92
22 93
22 96
23 24
23 28
23 32
23 35
23 36
23 37
23 44
23 47
23 50
23 57
23 64
23 77
23 85
23 88
23 90
24 35
24 79
24 86
24 90
25 28
25 33
25 36
25 40
25 42
25 43
25 47
25 48
25 70
25 76
25 84
25 97
25 99
26 48
26 59
26 72
26 81
26 85
26 89
26 97
27 35
27 39
27 40
27 61
27 66
27 87
27 91
27 98
28 37
28 44
28 47
28 48
28 51
28 53
28 56
28 63
28 70
28 81
29 48
29 55
29 64
29 66
29 72
29 82
29 83
29 85
29 88
29 89
29 93
29 94
30 35
30 37
30 41
30 43
30 56
30 67
30 71
30 72
30 74
31 40
31 42
31 47
31 48
31 68
31 69
31 72
31 82
31 87
31 95
32 33
32 35
32 36
32 41
32 44
32 56
32 65
32 88
32 93
32 96
32 98
33 41
33 43
33 67
33 68
33 78
33 88
33 90
33 93
33 94
34 35
34 40
34 50
34 62
34 69
34 70
34 80
34 89
34 90
35 39
35 50
35 54
35 57
35 59
35 68
35 73
35 74
35 76
35 77
36 60
36 66
36 68
36 73
36 96
36 99
37 38
37 39
37 42
37 48
37 56
37 57
37 64
37 80
37 81
37 87
37 88
38 53
38 60
38 62
38 65
38 75
38 77
39 42
39 54
39 73
39 80
39 86
39 90
40 55
40 79
40 83
40 88
40 96
41 55
41 57
41 65
41 75
41 82
41 91
41 92
41 97
42 62
42 67
42 69
42 99
43 68
43 85
44 50
44 57
44 62
44 79
44 84
45 62
45 79
45 96
46 55
46 75
46 76
46 96
47 51
47 54
47 73
47 83
47 93
47 97
47 98
48 54
48 56
48 73
48 75
48 82
48 88
49 52
49 66
49 69
49 77
49 85
49 89
49 96
50 58
50 61
50 66
50 75
50 78
50 99
51 57
51 61
51 67
51 76
51 77
52 54
52 62
52 63
52 68
52 91
52 94
53 68
53 83
53 87
53 91
53 95
54 57
54 59
54 71
54 72
54 95
54 97
55 62
56 61
56 64
56 71
56 77
56 78
56 97
57 68
57 79
57 89
57 96
57 99
58 62
58 68
58 87
58 94
59 61
59 83
59 87
59 96
59 97
60 64
60 80
60 82
60 85
60 88
60 92
60 95
60 96
61 81
61 92
62 63
62 65
62 67
62 82
62 84
62 88
62 89
63 72
63 75
63 80
63 83
63 85
63 92
63 96
63 97
64 66
64 80
64 87
65 71
65 81
65 93
65 99
66 75
66 95
66 96
67 83
67 84
67 93
68 69
68 70
68 82
68 89
68 97
69 73
69 82
69 89
69 99
70 78
70 82
70 87
71 73
71 75
71 83
71 87
71 90
71 96
72 82
72 87
72 99
73 76
73 79
73 88
73 89
73 94
74 94
74 99
75 79
75 86
75 95
75 98
76 78
76 84
76 87
76 88
76 90
77 79
77 83
77 85
77 89
77 91
77 92
78 81
78 92
79 84
79 86
79 99
80 85
80 94
80 95
80 98
83 98
85 90
86 90
87 92
88 93
89 93
89 95
89 98
90 94
91 97
92 93
92 99
94 96
94 98
94 99
