0
100
630
0
1
0
0 2
0 8
0 16
0 17
0 22
0 28
0 33
0 37
0 38
0 51
0 59
0 67
0 70
0 74
0 75
0 83
0 92
1 26
1 27
1 31
1 35
1 37
1 41
1 53
1 73
1 81
1 84
2 7
2 12
2 15
2 16
2 18
2 22
2 24
2 28
2 40
2 43
2 44
2 47
2 52
2 55
2 84
2 90
3 5
3 9
3 15
3 29
3 34
3 42
3 47
3 61
3 68
3 82
3 94
3 95
3 98
4 7
4 9
4 25
4 41
4 47
4 48
4 51
4 55
4 60
4 68
4 85
4 91
5 9
5 22
5 24
5 25
5 28
5 32
5 65
5 67
5 86
5 87
6 15
6 28
6 29
6 42
6 44
6 58
6 60
6 65
6 67
6 69
6 79
6 99
7 11
7 20
7 23
7 31
7 32
7 43
7 59
7 65
7 66
7 82
7 85
7 95
8 14
8 16
8 23
8 30
8 38
8 49
8 63
8 68
8 75
8 90
8 94
8 96
8 98
8 99
9 14
9 19
9 38
9 40
9 41
9 42
9 45
9 48
9 51
9 55
9 57
9 69
9 72
9 76
9 79
9 82
10 25
10 41
10 42
10 51
10 63
10 65
10 69
10 70
10 72
10 76
10 97
11 12
11 20
11 29
11 30
11 34
11 41
11 52
11 67
11 79
11 86
11 96
12 25
12 33
12 43
12 51
12 78
12 87
12 96
12 98
12 99
13 20
13 23
13 29
13 32
13 71
13 89
13 91
13 96
14 19
14 32
14 34
14 35
14 37
14 39
14 42
14 53
14 62
14 65
14 72
14 80
14 94
15 23
15 34
15 38
15 40
15 41
15 51
15 53
15 54
15 62
15 63
15 67
15 78
16 17
16 19
16 20
16 26
16 31
16 37
16 74
16 81
16 85
16 89
16 93
17 18
17 24
17 37
17 39
17 41
17 45
17 56
17 63
17 69
17 72
17 78
17 82
17 83
17 88
17 90
17 92
18 26
18 28
18 34
18 36
18 42
18 44
18 45
18 46
18 51
18 53
18 56
18 59
18 65
18 78
18 83
18 86
18 91
18 94
18 95
19 21
19 39
19 43
19 61
19 68
19 70
19 86
20 24
20 48
20 54
20 59
20 90
21 25
21 29
21 30
21 40
21 65
21 66
21 77
21 84
21 88
21 91
21 92
21 99
22 40
22 66
22 83
23 26
23 27
23 29
23 58
23 64
23 65
23 69
23 75
23 79
23 85
24 29
24 34
24 39
24 45
24 64
24 82
24 83
25 43
25 50
25 56
25 60
25 73
25 79
25 82
25 97
25 99
26 36
26 37
26 47
26 50
26 52
26 60
26 65
26 69
26 83
26 84
26 85
26 93
26 95
27 31
27 56
27 69
27 78
27 79
27 83
27 90
27 94
28 47
28 49
28 50
28 54
28 70
28 71
28 76
28 81
28 88
28 93
29 37
29 41
29 50
29 58
29 69
29 73
29 86
29 88
29 93
30 32
30 34
30 35
30 48
30 70
30 74
30 98
31 35
31 40
31 43
31 50
31 69
31 72
31 73
31 83
31 91
31 95
32 47
32 48
32 74
32 85
32 89
33 38
33 40
33 47
33 68
33 71
33 72
33 85
33 90
33 91
34 41
34 42
34 50
34 67
34 73
34 75
34 94
35 46
35 50
35 51
35 56
35 58
35 61
35 62
35 64
35 83
36 55
36 58
36 72
36 79
36 80
36 85
36 91
36 99
37 53
37 87
37 94
37 96
38 43
38 55
38 62
38 79
38 92
39 40
39 47
39 50
39 57
39 70
39 81
39 93
40 42
40 43
40 60
40 67
40 68
40 92
40 93
41 51
42 56
42 63
42 78
42 99
43 45
43 50
43 51
43 56
43 58
43 66
43 69
43 73
43 78
43 92
44 64
44 76
44 78
44 82
44 85
44 87
44 97
45 49
45 57
45 71
45 74
45 78
45 89
46 53
46 56
46 65
46 79
46 87
46 92
46 93
47 51
47 53
47 55
47 62
47 90
47 91
47 93
48 76
48 91
48 95
49 50
49 57
49 65
49 76
49 77
49 82
49 85
49 86
49 93
49 99
50 52
50 57
50 58
50 59
50 64
50 67
50 78
50 88
50 97
51 65
51 68
51 70
51 71
51 77
51 78
51 80
52 66
52 87
52 92
53 54
53 58
53 60
53 65
53 66
53 79
53 81
54 66
54 76
54 93
55 61
55 68
55 72
55 83
55 84
55 96
55 98
55 99
56 71
56 80
56 82
56 88
56 94
57 58
57 65
57 70
57 85
57 99
58 69
58 87
58 91
58 95
58 96
59 73
59 75
59 80
59 97
60 62
60 64
60 73
60 77
60 96
61 77
61 78
61 81
61 88
61 90
61 95
61 97
62 67
62 70
62 77
62 85
62 90
62 92
63 84
63 87
63 94
64 65
64 69
64 75
64 77
64 80
64 82
64 83
64 84
64 98
65 75
65 82
65 85
65 86
65 94
65 96
66 79
66 80
66 82
66 83
66 84
66 86
67 71
67 76
67 86
67 89
67 96
68 69
68 70
68 78
68 85
68 86
68 89
68 95
69 84
69 87
69 99
70 72
70 78
70 88
70 96
71 74
71 78
71 80
71 81
71 82
71 87
72 76
72 77
73 82
73 83
73 99
74 79
74 97
75 83
75 87
75 89
75 94
76 79
76 83
77 88
77 98
78 97
79 89
79 96
80 81
80 86
80 91
80 99
81 90
82 89
82 93
82 99
83 86
83 93
84 91
84 92
86 92
86 95
87 97
87 98
90 94
92 93
92 94
93 99
98 99
