0
100
512
0
1
0
0 16
0 40
0 54
1 10
1 11
1 20
1 59
1 74
2 9
2 43
2 51
2 59
2 75
2 87
2 90
3 4
3 30
3 31
3 41
3 47
3 53
3 77
3 88
3 90
3 94
4 18
4 33
4 53
4 63
4 67
4 84
4 89
4 99
5 6
5 11
5 14
5 19
5 24
5 30
5 31
5 40
5 60
5 67
5 81
5 92
6 15
6 20
6 21
6 22
6 28
6 48
6 51
6 77
6 86
6 90
6 95
7 9
7 36
7 55
7 70
7 72
7 76
7 84
7 93
7 98
8 10
8 22
8 23
8 28
8 34
8 46
8 56
8 59
8 79
8 83
8 93
8 98
9 12
9 17
9 19
9 20
9 22
9 44
9 45
9 49
9 55
9 62
9 66
9 73
9 76
9 77
9 80
9 92
10 11
10 12
10 23
10 32
10 42
10 46
10 60
10 76
11 23
11 38
11 48
11 59
11 61
11 68
11 73
11 96
11 99
12 23
12 31
12 44
12 45
12 66
12 77
12 98
13 14
13 15
13 27
13 54
13 62
13 71
13 84
13 93
13 96
14 15
14 28
14 47
14 52
14 53
14 60
14 66
14 99
15 19
15 24
15 28
15 33
15 47
15 51
15 82
16 21
16 25
16 28
16 48
16 49
16 52
16 62
16 63
16 91
16 95
17 23
17 29
17 33
17 40
17 46
17 48
17 76
17 79
17 92
17 93
18 26
18 29
18 33
18 40
18 49
18 61
18 73
18 80
18 86
18 91
18 92
18 97
19 20
19 39
19 42
19 65
19 67
19 69
19 75
19 84
19 88
19 92
20 24
20 25
20 27
20 33
20 36
20 57
20 74
20 77
20 87
21 39
21 48
21 51
21 53
21 58
21 68
21 69
21 85
21 95
21 99
22 31
22 71
22 80
22 96
23 25
23 49
23 53
23 60
23 68
23 72
23 79
23 86
23 88
23 91
23 92
24 28
24 29
24 39
24 54
24 60
24 62
24 90
24 93
25 52
25 56
25 60
25 88
25 94
26 27
26 79
26 97
27 59
27 80
27 91
28 31
28 36
28 43
28 59
28 60
28 62
28 67
28 68
28 76
28 96
29 36
29 56
29 63
29 68
29 73
29 74
29 80
29 88
30 59
30 65
30 67
30 79
30 80
30 83
30 84
30 89
31 50
31 82
31 91
32 60
32 64
32 68
32 69
32 70
32 78
32 96
32 97
33 37
33 38
33 48
33 50
33 72
33 74
33 98
34 42
34 49
34 54
34 73
34 87
34 93
35 48
35 53
35 64
35 75
35 80
35 85
35 87
35 89
35 90
35 97
35 99
36 50
36 68
36 75
36 78
36 81
37 38
37 52
37 59
37 75
37 80
37 82
37 83
38 59
38 65
38 69
38 70
38 80
38 87
38 88
39 46
39 70
39 81
39 82
39 96
40 41
40 43
40 47
40 52
40 59
40 60
40 63
40 69
40 72
40 85
40 93
40 94
41 47
41 72
41 79
41 90
42 43
42 46
42 51
42 60
42 66
42 81
42 92
42 96
43 48
43 50
43 61
43 71
43 72
43 98
44 52
44 63
44 73
44 75
44 78
45 49
45 52
45 75
45 84
46 55
46 64
46 78
46 88
46 93
46 94
47 48
47 65
47 70
47 73
47 75
47 76
47 79
47 95
48 58
48 72
48 84
49 50
49 52
49 53
49 61
49 68
49 93
50 58
50 60
50 71
50 78
50 83
51 52
52 54
52 66
52 75
52 92
52 93
53 58
53 59
53 70
54 57
54 61
54 65
54 89
55 66
55 73
55 75
55 82
55 90
55 91
55 92
56 61
56 75
56 81
57 61
57 62
57 64
57 71
57 82
57 88
57 98
58 59
58 69
58 76
58 78
58 87
59 70
59 76
59 91
59 98
60 75
60 94
61 68
61 80
62 63
62 76
62 83
62 86
63 64
63 73
63 78
63 81
63 88
64 70
64 72
64 81
64 84
64 94
65 79
65 90
65 95
66 67
66 74
66 75
66 76
66 91
66 98
67 99
68 74
68 75
68 80
68 96
68 99
69 74
69 76
69 84
70 72
70 75
70 79
70 81
72 79
72 82
72 87
72 96
73 74
73 95
74 75
74 76
74 80
74 85
74 87
74 93
74 95
74 97
75 77
76 78
76 81
77 79
77 80
77 84
77 87
77 94
78 80
78 97
78 99
79 85
79 89
79 90
81 98
82 83
82 85
82 89
82 97
83 91
84 90
85 90
85 94
85 98
89 99
91 94
93 97
93 98
94 95
95 99
96 98
