0
100
607
0
1
0
0 3
0 4
0 5
0 42
0 56
0 63
0 68
0 69
0 70
0 73
0 77
0 79
0 85
0 90
0 92
0 98
1 16
1 27
1 29
1 35
1 42
1 48
1 59
1 61
1 67
1 80
1 85
1 86
2 17
2 18
2 20
2 30
2 38
2 41
2 42
2 47
2 57
2 65
2 66
2 68
2 69
2 78
2 84
2 95
3 12
3 14
3 18
3 34
3 42
3 48
3 76
3 79
3 83
3 89
3 90
3 91
4 6
4 14
4 22
4 23
4 25
4 29
4 37
4 50
4 60
4 64
4 78
4 83
4 85
4 88
4 89
4 91
4 96
5 11
5 20
5 29
5 36
5 43
5 65
5 66
5 71
5 84
5 87
5 89
5 97
5 99
6 21
6 22
6 36
6 47
6 48
6 53
6 58
6 63
6 75
7 14
7 46
7 53
7 68
7 78
7 98
8 17
8 23
8 33
8 34
8 42
8 55
8 62
8 65
8 69
8 74
8 82
8 85
8 86
8 87
9 14
9 15
9 34
9 39
9 44
9 60
9 72
9 75
9 77
9 84
9 90
9 95
10 13
10 21
10 27
10 42
10 46
10 53
10 62
10 74
10 87
11 12
11 39
11 60
11 62
11 66
11 72
11 83
11 95
12 14
12 19
12 21
12 31
12 32
12 45
12 58
12 60
12 72
12 76
12 77
12 78
12 84
12 86
12 89
13 14
13 25
13 36
13 41
13 45
13 46
13 65
13 85
13 90
14 23
14 32
14 45
14 63
15 18
15 28
15 31
15 32
15 36
15 40
15 45
15 52
15 64
15 67
15 74
15 81
15 97
16 23
16 24
16 38
16 57
16 73
16 78
16 98
16 99
17 22
17 23
17 29
17 30
17 32
17 55
17 57
17 69
17 75
17 80
17 89
17 97
17 99
18 19
18 55
18 62
18 67
18 69
18 71
18 75
18 76
18 79
18 87
18 93
18 94
19 32
19 45
19 50
19 51
19 52
19 53
19 89
19 90
19 94
20 24
20 25
20 30
20 50
20 68
20 72
20 76
20 80
20 95
21 26
21 27
21 32
21 44
21 60
21 66
21 71
22 28
22 36
22 41
22 45
22 56
22 59
22 80
22 84
22 85
22 87
22 90
23 44
23 47
23 69
23 75
23 78
23 88
23 89
24 32
24 33
24 38
24 39
24 47
24 55
24 61
24 72
24 76
24 98
25 34
25 43
25 51
25 59
25 60
25 67
25 72
25 75
25 79
25 82
26 30
26 33
26 45
26 47
26 50
26 77
26 85
26 97
27 39
27 40
27 44
27 63
27 72
27 74
27 81
28 32
28 38
28 41
28 44
28 48
28 90
28 91
29 39
29 57
29 72
29 82
29 87
29 92
29 93
30 84
30 87
31 42
31 47
31 49
31 50
31 55
31 58
31 62
31 68
31 79
31 96
31 99
32 55
32 63
32 70
32 72
32 73
32 89
32 90
32 99
33 60
33 67
33 71
33 73
33 77
33 99
34 44
34 45
34 49
34 68
34 70
34 79
34 88
35 40
35 45
35 67
35 70
35 75
35 77
35 82
35 91
35 96
36 47
36 54
36 55
36 57
36 58
36 65
36 66
36 81
36 89
36 97
36 99
37 43
37 48
37 65
37 68
37 75
37 77
37 79
38 52
38 55
38 65
38 73
38 88
38 92
38 94
38 96
39 43
39 51
39 53
39 60
39 63
39 76
39 78
39 81
39 87
39 90
39 95
40 56
40 61
40 66
40 70
40 77
40 79
40 84
40 88
40 89
40 96
41 46
41 47
41 50
41 68
41 92
42 44
42 49
42 51
42 62
42 71
42 72
42 73
42 79
42 81
42 82
42 84
43 50
43 53
43 55
43 61
43 63
43 65
43 91
43 96
43 98
44 51
44 55
44 61
44 67
44 83
44 92
44 95
45 46
45 52
45 57
45 60
45 73
45 87
45 91
46 61
46 70
46 91
47 54
47 63
47 66
47 81
47 83
47 86
47 88
47 94
47 97
48 54
48 61
48 67
48 72
48 78
48 95
49 62
49 73
49 85
49 86
50 51
50 52
50 64
50 66
50 67
50 98
51 60
51 66
51 67
51 71
51 95
52 81
52 89
52 91
53 70
53 79
53 81
53 83
53 90
53 98
54 56
54 62
54 65
54 67
54 77
54 81
55 65
55 80
55 81
55 84
55 95
56 63
56 73
56 84
56 96
57 64
57 72
57 79
57 80
57 90
59 71
59 76
59 77
59 81
59 90
60 70
60 84
60 86
60 93
60 95
61 66
61 74
61 81
61 92
62 77
62 97
63 70
63 73
63 82
63 91
63 97
64 72
64 77
64 83
64 89
64 90
64 91
64 99
65 71
65 74
65 76
65 78
65 93
65 95
66 70
66 97
67 73
67 79
67 86
67 91
68 79
68 83
68 97
68 98
69 72
69 82
69 84
69 89
69 96
69 98
69 99
70 80
70 86
70 87
71 79
71 81
71 93
71 97
72 79
73 75
73 86
73 87
73 96
74 83
74 85
74 88
74 95
74 96
75 76
75 82
75 96
76 87
76 94
76 99
77 79
77 82
77 84
77 96
77 97
78 85
78 99
79 90
79 95
79 97
79 98
80 89
80 93
80 94
81 89
81 98
82 92
82 96
83 93
84 87
84 88
84 93
84 95
85 97
86 87
86 93
89 94
92 96
92 98
94 95
95 97
95 98
