0
100
625
0
1
0
0 20
0 26
0 30
0 33
0 43
0 47
0 49
0 50
0 59
0 77
0 90
0 94
0 98
1 38
1 44
1 54
1 60
1 72
1 76
2 9
2 26
2 37
2 39
2 56
2 59
2 66
2 72
2 73
2 89
3 5
3 37
3 45
3 60
3 66
3 69
3 73
3 75
3 76
3 77
3 82
3 93
3 94
4 24
4 34
4 43
4 67
4 71
4 73
4 82
4 84
4 86
4 99
5 8
5 13
5 32
5 40
5 49
5 56
5 60
5 63
5 68
5 88
5 92
6 38
6 40
6 48
6 55
6 91
6 94
7 13
7 14
7 24
7 25
7 46
7 64
7 96
8 19
8 23
8 24
8 31
8 37
8 38
8 51
8 54
8 63
8 64
8 76
8 88
8 97
9 12
9 14
9 17
9 28
9 30
9 35
9 41
9 48
9 50
9 52
9 67
9 75
9 81
9 88
9 90
9 93
9 99
10 11
10 14
10 17
10 19
10 20
10 37
10 44
10 53
10 67
10 77
10 86
11 17
11 19
11 27
11 30
11 45
11 48
11 67
11 72
11 73
11 76
11 78
11 83
11 88
12 20
12 21
12 40
12 50
12 67
12 74
12 75
12 83
12 93
12 94
13 28
13 34
13 46
13 70
13 72
13 99
14 29
14 47
14 52
14 59
14 61
14 84
14 91
14 95
15 16
15 20
15 29
15 35
15 38
15 39
15 42
15 44
15 47
15 52
15 53
15 62
15 65
15 88
15 89
16 24
16 30
16 35
16 43
16 48
16 50
16 52
16 57
16 69
16 71
16 77
16 95
16 99
17 27
17 31
17 32
17 33
17 38
17 56
17 68
18 20
18 24
18 30
18 35
18 37
18 48
18 63
18 66
18 73
18 85
18 87
18 88
18 92
18 98
19 20
19 30
19 36
19 39
19 40
19 43
19 60
19 84
20 24
20 26
20 32
20 42
20 56
20 61
20 67
20 96
20 99
21 28
21 42
21 43
21 44
21 47
21 57
21 89
22 26
22 42
22 47
22 58
22 79
22 90
22 99
23 35
23 37
23 49
23 56
23 67
23 71
23 91
23 92
24 29
24 39
24 53
24 61
24 63
25 27
25 35
25 37
25 49
25 66
25 67
25 68
25 69
25 74
25 96
25 99
26 43
26 52
26 71
26 77
26 95
26 96
27 32
27 38
27 40
27 41
27 42
27 43
27 49
27 56
27 58
27 62
27 63
27 67
27 74
27 83
27 84
27 85
27 87
28 29
28 40
28 54
28 56
28 58
28 66
28 78
28 80
29 30
29 34
29 38
29 41
29 47
29 51
29 66
29 69
29 76
29 80
29 89
29 90
29 92
30 38
30 40
30 46
30 54
30 62
30 73
30 99
31 33
31 41
31 50
31 59
31 63
31 86
32 37
32 44
32 45
32 51
32 65
32 73
32 81
32 88
32 90
33 36
33 37
33 56
33 62
33 72
33 79
33 83
33 89
33 95
34 48
34 69
34 70
34 78
34 88
34 95
35 49
35 51
35 53
35 62
35 79
35 81
35 83
35 84
35 92
35 96
36 42
36 51
36 52
36 57
36 61
36 63
36 64
36 95
37 48
37 49
37 53
37 57
37 60
37 63
37 70
37 83
37 84
37 95
38 45
38 49
38 53
38 71
38 72
38 76
39 41
39 44
39 46
39 73
39 89
39 95
40 41
40 46
40 52
40 59
40 80
40 81
40 83
40 94
41 44
41 49
41 51
41 57
41 65
41 70
41 77
41 79
41 82
41 93
41 96
42 45
42 46
42 49
42 50
42 53
42 54
42 66
42 68
42 83
43 52
43 57
43 61
43 63
43 70
43 71
43 83
43 84
43 91
43 92
43 94
44 45
44 50
44 52
44 60
44 63
44 77
44 96
44 97
45 54
45 60
45 69
45 71
45 72
46 47
46 50
46 57
46 66
46 72
46 75
46 76
46 78
46 92
47 56
47 65
47 76
47 80
47 89
48 52
48 55
48 59
48 65
48 79
49 51
49 53
49 67
49 72
49 74
49 79
49 82
49 83
50 70
50 71
50 79
50 85
50 94
50 96
51 54
51 59
51 69
51 74
51 77
51 87
51 96
52 54
52 55
52 58
52 64
52 66
52 68
52 78
52 88
52 90
52 92
52 94
52 95
52 96
52 97
53 66
53 86
53 88
54 78
54 92
55 56
55 66
55 69
55 77
55 78
55 86
55 90
55 95
56 79
56 89
56 93
57 65
57 72
57 77
57 83
57 87
57 88
57 92
58 71
58 76
58 78
58 83
58 95
58 99
59 61
59 62
59 71
59 72
59 74
59 79
59 94
59 96
60 73
60 76
60 95
61 71
61 74
61 75
61 82
61 93
61 97
62 83
62 89
63 67
63 76
63 95
64 66
64 71
64 79
64 82
65 73
65 81
65 83
65 93
66 74
66 76
66 79
66 86
66 88
66 91
66 95
67 76
67 80
67 81
67 82
67 86
68 76
68 84
68 85
69 70
69 72
69 75
69 81
70 71
70 74
70 77
70 93
70 96
71 72
71 75
71 86
72 74
72 82
72 93
72 99
73 81
73 83
73 94
73 98
74 80
74 89
75 77
75 89
75 98
76 89
76 90
76 95
76 97
77 81
77 88
77 92
77 94
78 79
78 80
78 82
78 85
78 86
78 95
79 85
79 86
79 92
80 91
81 94
81 95
82 87
82 89
82 95
83 84
84 91
84 92
84 95
85 92
85 94
85 98
87 88
87 91
88 93
88 97
88 98
90 92
90 98
92 96
93 95
93 97
94 98
