0
100
379
0
1
0
0 31
0 39
0 75
0 94
1 5
1 20
1 75
1 77
1 91
1 97
2 7
2 34
2 46
2 57
2 59
2 61
2 79
2 85
2 86
2 97
3 4
3 9
3 17
3 28
3 39
3 51
3 57
3 72
3 84
3 98
4 5
4 18
4 28
4 34
4 38
4 39
4 57
4 61
4 63
4 68
4 71
4 72
4 80
4 93
4 97
5 27
5 29
5 42
5 63
5 89
5 91
6 8
6 20
6 56
6 59
6 72
6 75
6 80
6 83
6 92
7 29
7 36
7 44
7 57
7 66
7 73
7 81
7 98
8 27
8 37
8 40
8 56
8 72
8 80
8 85
8 89
9 20
9 21
9 26
9 51
9 62
9 73
10 16
10 27
10 28
10 42
10 50
10 62
10 76
10 84
10 88
10 90
11 20
11 28
11 31
11 40
11 42
11 43
11 78
11 88
11 98
12 57
12 70
12 77
12 96
13 25
13 36
13 37
13 39
13 46
13 64
13 67
13 70
13 72
13 90
14 33
14 36
14 41
14 47
14 66
14 81
14 85
14 89
15 40
15 97
16 22
16 57
16 70
16 87
16 96
17 24
17 25
17 68
17 81
17 83
17 94
18 26
18 28
18 31
18 39
18 61
18 72
18 82
18 93
19 41
19 44
19 54
19 84
19 88
19 97
20 31
20 43
20 88
20 95
21 52
21 79
22 35
22 36
22 37
22 55
22 59
22 94
22 99
23 46
23 49
23 56
23 63
23 65
23 66
23 89
24 35
24 50
24 77
25 29
25 42
25 58
25 64
25 70
26 32
26 53
26 82
26 86
26 92
26 99
27 31
27 57
27 68
27 89
27 99
28 56
28 65
28 82
29 32
29 41
29 44
29 48
29 55
29 60
29 88
29 91
30 44
30 59
30 68
30 83
30 84
30 89
30 98
31 34
31 38
31 39
31 50
31 91
32 55
32 68
32 80
32 83
32 86
32 90
32 95
33 62
33 70
33 71
33 80
33 85
35 41
35 57
36 70
36 81
36 98
37 39
37 44
37 48
37 54
37 58
37 65
37 66
37 71
37 83
37 91
38 47
38 52
38 55
38 59
38 67
38 80
38 83
38 84
38 86
38 97
39 41
39 43
39 48
39 51
39 54
40 43
40 61
40 94
41 63
41 77
41 94
42 46
42 53
42 58
42 59
42 60
42 63
42 64
42 76
42 82
42 85
42 92
42 93
43 46
43 63
44 46
44 48
44 50
44 62
44 86
45 50
45 56
45 62
45 64
45 78
46 50
46 92
46 99
47 57
47 65
47 82
47 87
48 62
48 71
48 72
49 51
49 54
49 88
50 82
50 92
50 99
51 70
51 97
52 64
52 67
52 90
52 97
53 59
54 61
54 70
54 87
55 59
55 79
55 88
55 93
55 94
55 96
56 58
56 77
56 78
56 96
57 64
57 84
57 87
58 70
58 90
58 97
59 70
59 73
60 67
60 76
60 78
60 84
61 65
61 83
61 93
62 76
62 78
62 86
62 95
63 65
63 82
63 86
64 65
64 68
64 97
65 69
65 79
66 69
66 70
67 74
67 89
67 95
68 77
69 79
69 87
69 89
69 98
70 79
71 87
71 92
72 81
74 75
74 79
76 87
77 80
77 84
77 88
79 95
79 96
80 97
81 92
81 96
82 92
83 92
83 99
84 87
84 99
86 89
94 98
