0
500
3153
0
1
0
0 10
0 65
0 74
0 126
0 138
0 189
0 230
0 237
0 257
0 294
0 315
0 316
0 324
0 354
0 396
0 397
1 7
1 29
1 51
1 65
1 98
1 134
1 182
1 289
1 295
1 324
1 325
1 334
1 349
1 378
1 431
1 435
1 449
1 497
1 498
2 13
2 25
2 79
2 124
2 150
2 208
2 228
2 232
2 331
2 390
2 445
2 469
3 16
3 92
3 115
3 131
3 150
3 167
3 280
3 304
3 381
3 448
3 455
4 29
4 38
4 53
4 58
4 73
4 82
4 126
4 150
4 152
4 162
4 200
4 317
4 347
4 421
4 440
4 450
4 469
5 127
5 155
5 184
5 186
5 201
5 218
5 380
5 398
5 401
5 425
5 492
5 498
6 68
6 92
6 107
6 117
6 129
6 190
6 246
6 279
6 294
6 316
6 361
6 404
7 19
7 39
7 206
7 210
7 256
7 291
7 316
7 364
7 371
7 484
8 12
8 38
8 52
8 68
8 104
8 152
8 172
8 216
8 221
8 236
8 269
8 277
8 285
8 357
8 361
8 389
8 397
8 476
8 478
9 18
9 82
9 95
9 124
9 140
9 168
9 171
9 222
9 289
9 290
9 314
9 359
9 461
9 483
9 498
10 48
10 76
10 79
10 134
10 256
10 338
10 345
10 426
10 471
11 50
11 52
11 196
11 219
11 221
11 296
11 366
11 390
11 439
11 441
11 445
12 36
12 42
12 71
12 160
12 196
12 215
12 288
12 443
13 72
13 128
13 184
13 211
13 389
13 394
13 433
13 462
13 463
13 467
13 484
14 102
14 111
14 114
14 124
14 151
14 176
14 187
14 224
14 293
14 320
14 384
15 47
15 132
15 146
15 202
15 218
15 269
15 310
15 402
15 465
15 480
15 493
16 23
16 58
16 69
16 74
16 92
16 130
16 176
16 253
16 288
16 291
16 297
16 309
16 423
16 427
16 456
17 94
17 97
17 116
17 123
17 223
17 286
17 302
17 351
17 397
17 402
17 406
17 411
17 434
17 459
17 497
18 27
18 28
18 68
18 97
18 115
18 200
18 241
18 255
18 285
18 362
18 382
18 391
18 397
18 419
18 437
18 439
18 444
18 495
19 84
19 107
19 133
19 173
19 227
19 249
19 301
19 304
19 309
19 326
19 346
19 439
20 30
20 63
20 78
20 209
20 215
20 269
20 306
20 331
20 346
20 350
20 430
20 436
20 459
20 468
21 59
21 66
21 95
21 107
21 155
21 181
21 197
21 203
21 221
21 292
21 350
21 401
21 437
21 482
22 167
22 295
22 351
22 382
22 383
22 405
22 447
22 463
22 465
22 477
22 493
22 496
23 45
23 54
23 68
23 114
23 119
23 240
23 249
23 252
23 285
23 287
23 360
23 403
23 412
23 456
24 59
24 71
24 91
24 247
24 294
24 301
24 336
24 356
24 371
24 380
24 386
24 398
24 410
24 493
25 59
25 111
25 187
25 219
25 361
25 372
26 38
26 56
26 62
26 70
26 129
26 151
26 167
26 170
26 175
26 215
26 250
26 251
26 254
26 265
26 269
26 282
26 319
26 404
26 437
26 460
27 38
27 43
27 104
27 138
27 261
27 270
27 298
27 375
27 385
27 399
27 480
28 34
28 76
28 99
28 227
28 292
28 299
28 415
28 470
29 32
29 102
29 112
29 138
29 178
29 223
29 226
29 259
29 312
29 327
29 334
29 346
29 356
29 468
29 489
29 496
29 499
30 72
30 81
30 112
30 163
30 226
30 227
30 291
30 299
30 368
30 402
31 132
31 183
31 357
31 385
31 388
31 397
31 487
32 43
32 110
32 126
32 145
32 200
32 202
32 248
32 314
32 342
32 407
32 416
32 467
32 472
32 486
32 490
33 50
33 97
33 159
33 207
33 230
33 316
33 356
33 476
33 487
33 493
34 110
34 179
34 190
34 212
34 238
34 263
34 473
34 498
35 55
35 102
35 137
35 301
35 315
35 347
35 379
35 402
35 474
35 496
36 155
36 199
36 232
36 291
36 319
36 322
36 351
36 360
36 364
36 429
37 65
37 114
37 115
37 203
37 222
37 231
37 305
37 353
37 362
37 368
37 399
37 416
37 431
37 441
37 446
38 72
38 78
38 115
38 219
38 267
38 364
38 453
38 494
39 81
39 88
39 102
39 153
39 231
39 243
39 273
39 279
39 344
39 381
39 431
39 475
40 41
40 54
40 60
40 113
40 114
40 162
40 180
40 226
40 240
40 275
40 297
40 307
40 335
40 437
40 453
40 464
40 469
41 77
41 88
41 92
41 143
41 206
41 217
41 260
41 288
41 291
41 311
41 326
41 375
41 453
41 458
41 492
42 89
42 168
42 235
42 267
42 279
42 292
42 314
42 338
42 435
42 460
42 472
42 486
43 86
43 114
43 119
43 173
43 185
43 368
43 394
43 402
43 444
43 482
44 106
44 130
44 151
44 163
44 178
44 273
44 277
44 325
44 342
44 417
44 432
44 498
45 60
45 70
45 89
45 139
45 163
45 260
45 271
45 284
45 306
45 318
45 326
45 401
45 434
45 444
45 466
45 473
45 490
46 48
46 51
46 61
46 141
46 163
46 176
46 180
46 214
46 225
46 242
46 253
46 402
46 414
46 476
47 49
47 78
47 103
47 279
47 295
47 386
47 423
47 481
48 127
48 281
48 287
48 371
48 372
48 431
48 433
48 445
48 449
48 499
49 99
49 106
49 127
49 187
49 304
49 341
49 374
49 400
49 438
49 444
50 65
50 122
50 202
50 210
50 221
50 222
50 250
50 253
50 264
50 269
50 339
50 344
50 357
50 358
50 415
51 72
51 138
51 161
51 193
51 226
51 377
51 428
51 465
51 474
52 75
52 104
52 118
52 168
52 177
52 225
52 240
52 261
52 325
52 456
52 483
53 126
53 154
53 157
53 187
53 204
53 224
53 234
53 236
53 246
53 267
53 277
53 293
53 359
54 108
54 115
54 144
54 169
54 214
54 243
54 296
54 319
54 441
54 458
54 474
55 91
55 174
55 249
55 252
55 282
55 347
55 349
55 359
55 403
56 75
56 130
56 222
56 253
56 294
56 451
57 96
57 144
57 216
57 228
57 250
57 282
57 286
57 287
57 344
57 400
57 429
58 99
58 288
58 308
58 321
58 322
58 327
58 368
58 395
58 399
58 411
58 438
58 485
59 167
59 250
59 258
59 268
59 298
59 322
59 331
59 350
59 353
59 417
59 422
60 86
60 94
60 109
60 152
60 167
60 257
60 262
60 285
60 331
60 400
60 445
60 469
61 100
61 108
61 112
61 125
61 206
61 263
61 302
61 317
61 321
61 395
61 409
61 431
61 432
61 443
61 481
61 489
62 71
62 226
62 285
62 303
62 318
62 328
62 336
62 378
62 392
62 411
62 451
63 137
63 169
63 184
63 210
63 214
63 216
63 217
63 237
63 262
63 400
63 405
63 499
64 90
64 150
64 411
64 470
65 108
65 174
65 308
65 325
65 392
65 428
65 437
65 479
66 147
66 260
66 265
66 309
66 317
66 340
66 360
66 495
66 499
67 81
67 211
67 252
67 344
67 357
67 444
67 454
68 159
68 188
68 284
68 357
68 378
68 449
68 461
69 130
69 151
69 207
69 211
69 216
69 223
69 317
69 376
69 388
69 398
69 477
69 485
70 94
70 95
70 124
70 139
70 147
70 193
70 206
70 216
70 268
70 276
70 284
70 321
70 336
70 347
70 419
70 459
70 471
71 137
71 139
71 155
71 174
71 352
71 474
72 142
72 148
72 307
72 324
72 344
72 351
72 401
72 409
72 440
72 470
72 481
73 106
73 152
73 245
73 278
73 329
73 355
73 445
74 77
74 101
74 142
74 197
74 220
74 222
74 275
74 290
74 357
74 450
74 482
75 81
75 83
75 85
75 162
75 212
75 288
75 398
75 433
75 457
76 88
76 109
76 115
76 128
76 161
76 234
76 264
76 401
76 405
76 436
76 460
76 461
76 462
76 464
76 467
76 494
77 88
77 100
77 103
77 111
77 163
77 207
77 225
77 294
77 304
77 335
77 409
77 487
78 80
78 100
78 165
78 211
78 212
78 222
78 282
78 286
78 300
78 317
78 374
78 389
78 406
78 467
79 301
79 322
79 360
79 362
79 369
79 416
79 423
79 480
80 106
80 211
80 289
80 351
80 358
80 359
80 369
80 378
80 487
80 495
81 91
81 175
81 244
81 268
81 308
81 333
81 337
81 372
81 376
81 384
81 395
81 439
81 493
82 143
82 148
82 152
82 202
82 252
82 343
82 354
82 376
82 431
82 485
83 150
83 246
83 258
83 282
83 451
83 472
84 98
84 123
84 128
84 130
84 252
84 259
84 319
84 421
84 429
84 436
84 486
85 153
85 161
85 216
85 227
85 315
85 336
85 401
85 411
85 422
85 428
85 457
85 490
86 90
86 124
86 137
86 173
86 212
86 224
86 273
86 288
86 309
86 353
86 392
86 458
86 468
86 478
87 184
87 216
87 234
87 448
87 456
88 153
88 186
88 282
88 312
88 330
88 378
88 421
88 447
89 157
89 215
89 224
89 248
89 259
89 268
89 386
89 391
89 454
89 475
90 141
90 142
90 169
90 208
90 256
90 273
90 339
90 347
90 381
90 388
90 439
90 444
91 139
91 152
91 171
91 187
91 358
92 218
92 286
92 392
92 430
93 104
93 114
93 145
93 155
93 313
93 332
93 344
93 364
93 384
93 443
93 491
93 495
94 220
94 229
94 256
94 267
94 299
94 311
94 332
94 360
94 365
94 369
94 398
94 407
94 414
94 425
94 491
95 111
95 133
95 139
95 142
95 154
95 161
95 164
95 188
95 255
95 333
95 339
95 351
95 367
95 370
95 442
95 453
95 466
96 123
96 132
96 134
96 179
96 266
96 288
96 330
96 428
96 435
96 494
97 121
97 143
97 247
97 267
97 470
98 101
98 102
98 195
98 211
98 218
98 332
98 351
98 362
98 387
98 493
99 137
99 192
99 224
99 236
99 244
99 413
99 484
100 128
100 335
100 383
100 403
100 420
100 468
100 485
100 496
101 109
101 117
101 124
101 180
101 194
101 200
101 210
101 240
101 241
101 333
101 393
101 447
101 448
102 119
102 194
102 270
102 278
102 358
102 385
102 423
102 439
103 110
103 122
103 158
103 211
103 213
103 254
103 286
103 300
103 341
103 349
103 377
103 380
103 412
104 117
104 152
104 153
104 188
104 257
104 271
104 329
104 390
104 450
105 120
105 189
105 296
105 312
105 316
105 352
105 368
106 172
106 238
106 315
106 318
106 328
106 333
106 344
106 384
106 493
106 498
107 145
107 193
107 220
107 312
107 336
107 368
107 369
108 173
108 177
108 180
108 266
108 284
108 336
108 387
108 415
108 418
108 432
108 457
109 116
109 156
109 180
109 213
109 296
109 301
109 331
109 338
109 364
109 380
109 416
109 459
109 499
110 138
110 141
110 215
110 248
110 275
110 318
110 340
110 401
110 412
110 496
111 118
111 123
111 152
111 157
111 173
111 214
111 220
111 255
111 295
111 312
111 314
111 409
111 414
111 436
111 442
111 445
111 484
112 115
112 150
112 158
112 202
112 203
112 249
112 259
112 314
112 317
112 323
112 395
112 407
112 428
112 493
113 223
113 393
114 122
114 128
114 145
114 170
114 182
114 195
114 210
114 268
114 310
114 311
114 330
114 347
114 365
114 392
114 411
114 425
114 452
114 456
115 117
115 186
115 219
115 321
115 380
115 435
115 493
116 121
116 157
116 182
116 186
116 202
116 207
116 231
116 237
116 266
116 295
116 356
116 395
117 304
117 328
117 365
117 374
117 379
117 427
117 468
117 484
118 140
118 156
118 195
118 221
118 223
118 226
118 250
118 266
118 343
118 466
119 169
119 171
119 215
119 218
119 222
119 224
119 229
119 336
119 413
119 423
119 430
119 455
120 221
120 240
120 276
120 323
120 488
121 145
121 228
121 254
121 329
121 455
121 477
122 135
122 209
122 218
122 302
122 304
122 325
122 337
122 373
122 409
122 436
123 135
123 228
123 267
123 268
123 282
123 362
123 379
123 403
123 453
123 477
123 481
123 482
124 125
124 129
124 142
124 152
124 196
124 221
124 239
124 292
124 310
124 340
124 363
124 410
124 411
124 425
124 446
124 448
125 235
125 277
125 392
125 397
125 450
125 489
126 151
126 184
126 211
126 283
126 350
126 387
126 461
126 470
127 243
127 322
127 326
127 327
127 341
127 362
127 406
128 155
128 175
128 183
128 186
128 232
128 260
128 411
128 425
128 448
128 464
128 491
129 139
129 145
129 178
129 220
129 230
129 310
129 383
129 445
129 474
129 497
130 157
130 199
130 218
130 255
130 291
130 362
130 389
130 419
130 426
130 445
130 463
130 473
131 198
131 212
131 230
131 379
131 416
132 136
132 189
132 243
132 261
132 358
132 472
132 485
132 492
133 144
133 174
133 179
133 264
133 321
133 368
133 379
133 415
133 416
134 136
134 164
134 199
134 211
134 258
134 318
134 340
134 389
134 446
134 449
134 469
135 144
135 219
135 317
135 362
135 400
135 424
135 446
136 198
136 204
136 248
136 256
136 286
136 313
136 344
136 357
136 371
136 385
136 388
136 411
136 464
137 152
137 153
137 160
137 165
137 197
137 214
137 253
137 264
137 272
137 315
137 451
137 457
137 466
137 470
138 154
138 211
138 363
138 389
138 468
139 240
139 277
139 327
139 429
139 440
139 470
140 166
140 174
140 201
140 208
140 220
140 252
140 280
140 423
140 440
140 444
140 497
141 151
141 189
141 225
141 229
141 413
142 156
142 184
142 187
142 201
142 243
142 351
142 449
142 490
143 150
143 186
143 259
143 282
143 389
143 456
143 464
143 498
144 285
144 302
144 400
144 414
144 440
145 235
145 303
145 322
145 351
145 383
145 439
145 496
146 151
146 203
146 204
146 208
146 236
146 298
146 380
146 464
147 312
147 325
147 353
147 372
147 443
147 458
148 187
148 223
148 232
148 289
148 326
148 395
148 407
148 412
148 473
149 207
149 226
149 312
149 343
149 380
149 393
149 449
149 493
150 205
150 227
150 404
150 434
150 436
151 160
151 178
151 188
151 252
151 278
151 347
151 349
151 350
151 379
152 202
152 265
152 366
153 202
153 211
153 214
153 337
154 166
154 175
154 176
154 186
154 211
154 255
154 287
154 308
154 399
154 464
154 472
155 190
155 350
155 355
155 426
155 453
155 483
156 175
156 177
156 226
156 270
156 321
156 347
156 384
156 430
156 434
156 484
156 496
157 174
157 265
157 269
157 293
157 296
157 319
157 323
157 354
157 404
157 411
157 427
157 486
158 177
158 256
158 279
158 291
158 306
158 399
158 450
159 177
159 202
159 299
159 407
159 412
159 499
160 209
160 211
160 254
160 316
160 409
160 428
160 461
160 481
161 191
161 295
161 314
161 346
161 370
161 379
161 452
161 458
162 217
162 298
162 310
162 409
163 187
163 189
163 228
163 234
163 277
163 305
163 308
163 377
163 390
163 402
163 453
163 482
163 499
164 201
164 216
164 217
164 274
164 342
164 376
164 441
164 459
165 192
165 259
165 283
165 288
165 297
165 335
165 336
165 342
165 404
165 465
166 280
166 308
166 311
166 325
166 385
166 398
166 435
166 445
166 499
167 182
167 189
167 198
167 243
167 318
167 381
167 404
167 442
167 472
167 486
167 493
168 238
168 263
168 274
168 315
168 322
168 338
168 367
168 387
168 397
168 438
169 192
169 228
169 257
169 316
169 378
170 172
170 250
170 258
170 264
170 265
170 272
170 304
170 317
170 355
170 359
170 403
170 424
170 478
170 498
171 218
171 243
171 269
171 283
171 298
171 327
171 355
171 380
172 182
172 265
172 319
172 359
172 461
173 215
173 266
173 330
173 391
173 392
173 463
173 492
174 182
174 224
174 226
174 277
174 283
174 411
174 436
174 450
174 456
174 457
174 462
175 186
175 261
175 273
175 282
175 301
175 304
175 316
175 425
175 445
175 446
175 458
175 488
175 490
176 183
176 284
176 299
176 325
176 378
176 405
176 410
177 296
177 340
177 362
177 387
177 403
177 410
177 492
178 214
178 218
178 231
178 265
178 369
178 375
178 405
178 459
179 278
179 364
180 201
180 206
180 274
180 281
180 304
180 322
180 372
180 387
180 399
180 401
180 411
180 424
180 487
181 186
181 273
181 339
181 429
181 431
181 463
182 195
182 200
182 210
182 319
182 332
182 343
182 368
182 372
182 401
182 430
182 441
182 457
183 232
183 281
183 321
183 335
183 376
183 428
183 483
184 231
184 240
184 265
184 310
184 312
184 346
184 361
184 363
184 401
184 454
184 473
184 479
185 193
185 225
185 239
185 277
185 316
186 221
186 226
186 415
186 444
187 200
187 218
187 257
187 277
187 359
187 381
188 200
188 237
188 379
188 456
188 466
188 471
188 499
189 192
189 216
189 245
189 287
189 351
189 388
189 390
189 463
190 194
190 226
190 269
190 286
190 301
190 307
190 329
190 385
190 399
190 400
190 451
190 457
190 466
190 467
191 243
191 255
191 282
191 329
191 354
192 205
192 210
192 242
192 251
192 397
193 228
193 247
193 298
193 395
193 424
193 446
193 459
193 464
194 196
194 223
194 236
194 244
194 245
194 315
194 319
194 364
194 404
194 471
194 486
195 218
195 223
195 226
195 262
195 283
195 326
195 416
195 421
196 202
196 204
196 206
196 231
196 242
196 286
196 300
196 319
196 331
196 348
196 351
196 391
196 411
196 473
196 475
196 485
197 295
197 343
197 352
197 355
197 364
197 400
197 456
197 497
198 232
198 261
198 282
198 346
198 405
198 416
199 218
199 286
199 305
199 313
199 491
200 233
200 325
200 341
200 350
200 360
200 363
200 393
200 432
201 220
201 243
201 279
201 280
201 305
201 362
201 449
201 473
202 237
202 252
202 292
202 400
202 430
202 459
203 208
203 228
203 240
203 248
203 257
203 286
203 291
203 309
203 399
203 442
204 361
204 370
204 377
204 383
204 407
204 476
205 239
205 243
205 265
205 312
205 333
206 218
206 267
206 296
206 348
206 351
206 369
206 431
206 450
206 494
207 322
207 354
207 405
207 412
207 420
207 425
207 475
207 476
208 241
208 246
208 261
208 303
208 317
208 318
208 335
208 342
208 349
208 383
208 457
208 459
208 477
208 493
209 372
209 406
209 407
209 496
210 282
210 296
210 324
210 327
210 335
210 377
210 436
210 446
210 451
210 459
210 465
211 220
211 228
211 262
211 267
211 300
211 338
211 420
211 428
211 455
211 469
211 470
211 492
212 241
212 245
212 251
212 322
212 383
212 420
212 430
212 449
212 481
212 490
213 266
213 335
213 438
213 482
214 310
214 366
214 400
214 489
215 299
215 321
215 338
215 395
215 462
215 468
216 238
216 244
216 258
216 341
216 348
216 460
216 477
217 228
217 263
217 399
217 427
217 430
217 443
217 448
217 467
217 473
218 237
218 284
218 287
218 331
218 430
218 477
219 234
219 284
219 350
219 404
220 240
220 332
220 366
220 381
220 385
220 499
221 271
221 299
221 302
221 303
221 342
221 370
221 381
221 410
221 414
221 498
222 240
222 272
222 336
222 343
222 355
222 363
222 378
222 388
222 397
222 468
223 260
223 320
223 325
223 357
223 474
224 267
224 278
224 292
224 310
224 378
224 403
224 434
224 468
224 497
225 234
225 271
225 276
225 450
225 483
226 239
226 274
226 282
226 294
226 405
226 420
227 270
227 286
227 334
227 425
227 447
228 233
228 300
228 305
228 332
228 417
228 445
228 448
228 453
229 237
229 257
229 258
229 263
229 277
229 348
229 368
229 434
229 439
229 463
230 270
230 334
230 351
230 356
230 385
230 404
230 416
230 431
230 435
231 232
231 416
231 489
232 269
232 282
232 301
232 307
232 362
232 385
232 405
232 411
232 464
233 466
233 479
234 238
234 275
234 321
234 384
234 429
235 253
235 304
235 348
235 355
235 373
235 387
235 401
235 404
235 477
235 495
236 240
236 268
236 271
236 392
236 432
236 456
237 245
237 291
237 308
237 319
237 322
237 427
237 431
238 277
238 329
238 390
238 423
238 429
238 457
239 353
239 363
239 410
239 411
239 486
240 270
240 325
240 336
240 337
240 343
240 386
240 388
240 408
240 425
240 477
241 277
241 295
241 297
241 318
241 364
241 369
241 386
241 489
241 490
242 321
242 461
242 467
242 483
243 287
243 292
243 342
243 387
243 402
244 279
244 331
244 402
244 410
244 436
244 445
244 471
244 477
244 492
245 280
245 339
245 361
245 371
245 391
245 403
245 423
245 446
246 349
246 359
246 364
246 367
246 386
246 393
246 408
246 446
246 490
247 248
247 256
247 295
247 319
247 372
247 484
247 489
248 256
248 306
248 364
248 381
249 265
249 313
249 371
249 456
250 268
250 403
250 416
250 428
250 449
250 465
250 466
250 478
251 256
251 273
251 321
251 364
251 365
251 368
251 418
252 378
252 389
252 390
253 346
253 360
253 378
253 442
253 451
253 472
254 265
254 283
254 286
254 289
254 313
254 388
254 414
255 288
255 388
255 397
255 434
255 467
255 483
255 494
255 496
256 281
256 284
256 288
256 325
256 335
256 385
256 407
257 336
257 369
257 415
257 424
257 430
257 456
258 295
258 305
258 309
258 316
258 350
258 477
259 298
259 310
259 347
259 422
259 431
259 489
260 270
260 271
260 278
260 281
260 337
260 355
260 388
260 410
260 496
261 300
261 344
261 442
262 266
262 288
262 303
262 339
262 368
262 379
262 475
263 277
263 317
263 400
263 450
263 489
264 301
264 402
264 434
264 437
264 439
264 479
265 275
265 328
265 365
265 366
265 370
265 391
265 429
265 439
265 472
265 473
265 498
266 305
266 308
266 426
266 448
266 458
266 466
266 478
266 496
267 329
267 389
267 439
267 453
267 473
267 495
268 382
268 392
268 439
268 447
268 455
268 496
269 292
269 317
269 352
269 364
269 397
269 398
269 452
269 467
269 493
270 308
270 327
270 328
270 389
270 428
271 390
271 418
271 421
271 497
272 316
272 336
272 395
272 448
272 474
273 310
273 331
273 383
273 408
273 414
274 285
274 329
274 426
275 297
275 315
275 391
275 479
276 299
276 307
276 373
276 389
276 419
276 447
276 462
277 299
277 312
277 396
277 495
278 351
278 426
278 462
278 484
279 324
279 344
279 453
279 460
279 467
279 477
279 486
280 356
280 420
280 434
280 437
280 446
280 455
280 460
280 474
280 477
281 300
281 314
281 326
281 355
281 430
281 446
281 480
282 298
282 315
282 327
282 361
282 378
282 429
283 326
283 442
284 295
284 312
284 333
284 398
284 433
285 326
285 332
285 343
285 365
285 411
285 495
286 314
286 365
286 375
286 383
286 391
286 428
286 440
287 332
287 381
287 428
287 480
288 297
288 300
288 387
288 391
288 453
288 483
289 315
289 346
289 357
289 392
289 427
289 478
290 294
290 310
290 329
290 358
290 413
290 467
290 478
290 489
290 491
291 338
291 344
291 346
291 367
291 401
291 440
291 461
291 474
292 335
292 359
292 370
292 392
292 407
292 490
293 303
293 394
294 340
294 361
294 379
294 399
294 459
295 298
295 324
295 368
295 409
295 494
296 300
296 316
296 346
296 400
296 418
296 482
296 498
297 415
297 423
297 425
297 476
298 326
298 346
298 405
298 494
299 305
299 329
299 391
299 402
299 405
299 417
299 482
300 371
300 397
300 411
300 417
300 423
300 430
300 462
300 498
301 315
301 467
302 303
302 373
302 418
302 436
303 332
303 348
303 400
303 438
303 446
304 352
304 382
304 384
304 419
304 427
304 446
304 487
305 336
305 384
305 430
305 437
305 451
306 324
306 352
306 355
306 491
306 495
307 321
307 361
307 362
307 391
307 400
307 406
307 440
308 330
308 355
308 394
308 499
309 346
309 482
309 484
310 335
310 368
310 398
310 449
310 450
310 458
310 474
310 494
311 379
311 402
311 456
311 457
311 463
311 467
311 471
311 488
312 427
312 473
312 487
313 352
313 420
314 315
314 402
314 465
315 324
315 482
316 378
316 398
316 432
316 479
317 322
317 361
317 435
317 470
317 488
318 386
318 471
318 486
319 367
319 439
319 491
320 369
320 389
320 398
320 403
320 406
320 429
321 396
321 398
321 409
321 464
321 485
322 329
322 333
322 359
322 375
322 376
322 399
322 404
322 407
322 451
322 455
322 466
323 340
323 378
323 404
323 469
323 470
323 474
324 376
324 429
324 467
325 333
325 355
325 470
326 336
326 372
326 378
326 381
326 393
326 459
327 329
327 389
327 460
328 359
328 378
328 406
328 409
329 331
329 380
330 456
331 344
331 393
331 466
331 468
331 484
332 372
332 410
332 481
333 388
333 416
333 419
333 420
333 465
334 343
334 350
334 449
334 471
335 461
335 467
335 471
335 479
336 490
337 438
337 490
337 496
338 360
338 497
339 369
339 395
339 404
339 446
339 491
340 365
340 462
341 367
341 379
341 429
342 345
342 457
343 368
343 376
343 430
343 434
343 435
344 460
345 352
345 377
345 403
345 404
346 348
346 446
347 392
347 394
347 491
347 499
348 357
348 391
348 436
348 449
348 479
348 498
349 353
349 377
349 398
350 382
350 433
350 437
350 466
351 359
351 428
352 371
352 395
352 491
353 379
353 475
354 383
354 393
354 405
354 456
354 494
355 450
355 458
356 434
356 463
357 425
357 438
357 444
357 451
357 459
358 367
359 451
359 480
360 397
361 374
361 376
361 413
361 486
362 480
363 391
363 441
363 475
363 494
364 370
364 376
364 427
364 479
364 486
365 414
365 417
365 480
366 399
366 405
366 416
366 428
366 431
366 455
366 464
366 471
367 377
367 411
367 480
368 413
368 422
368 487
368 499
369 408
369 413
369 489
370 383
370 397
370 435
370 492
371 427
371 449
372 376
372 485
373 424
373 453
373 475
374 386
374 387
374 388
374 400
374 427
375 443
375 445
375 471
375 490
376 429
376 456
376 494
377 470
377 472
377 478
378 466
379 383
379 416
379 485
380 456
380 498
381 384
381 413
382 386
382 470
383 419
383 420
383 431
383 464
383 465
383 469
384 416
384 417
384 461
384 465
385 403
385 414
385 421
385 486
386 421
386 425
386 430
386 435
386 459
387 417
387 437
387 475
387 482
388 454
388 489
388 490
389 399
389 400
389 426
389 442
389 474
390 396
390 422
390 476
390 484
391 410
391 417
391 475
392 419
392 427
392 467
392 480
392 492
392 494
393 396
393 400
393 426
394 399
394 478
394 480
395 409
395 444
396 430
397 416
397 452
397 477
397 486
398 448
398 465
398 488
399 420
400 455
400 488
400 499
401 429
401 447
401 483
402 475
403 421
403 456
403 473
403 475
403 486
404 416
405 428
405 435
406 480
407 477
408 424
409 477
410 435
410 450
410 458
412 447
412 458
412 460
413 420
413 422
413 447
413 449
413 460
414 477
414 487
415 429
415 449
415 469
415 470
415 483
416 441
416 465
416 471
416 498
417 477
418 426
418 471
418 488
420 474
421 443
421 488
422 469
422 486
423 466
424 451
424 469
425 449
426 442
426 492
427 436
427 468
427 473
428 480
429 433
429 440
431 460
431 486
432 444
433 443
434 449
434 460
434 481
435 493
436 442
436 488
437 458
438 454
438 458
438 479
438 487
438 489
440 492
441 462
441 465
442 459
442 460
442 482
442 492
443 484
443 486
445 492
446 494
447 491
448 463
448 486
449 461
449 484
449 486
450 499
451 467
451 477
452 477
452 498
454 481
455 470
456 457
456 462
458 488
459 494
463 464
464 483
464 493
465 494
467 483
468 486
468 493
468 494
473 489
473 492
475 488
476 478
477 499
478 480
480 483
487 499
488 490
495 497
