0
500
3098
0
1
0
0 39
0 43
0 64
0 71
0 117
0 127
0 147
0 193
0 210
0 304
0 306
0 307
0 311
0 361
0 470
0 480
1 9
1 74
1 82
1 163
1 170
1 191
1 194
1 197
1 269
1 330
1 337
1 443
1 450
1 485
1 491
2 11
2 15
2 30
2 68
2 78
2 91
2 93
2 121
2 124
2 163
2 220
2 224
2 258
2 270
2 418
3 25
3 32
3 74
3 113
3 187
3 216
3 247
3 338
3 426
3 434
3 458
3 460
3 493
4 79
4 182
4 216
4 221
4 231
4 236
4 243
4 255
4 321
4 327
4 328
4 450
5 59
5 133
5 140
5 142
5 224
5 240
5 323
5 412
5 487
5 489
6 21
6 34
6 48
6 67
6 91
6 95
6 104
6 106
6 251
6 303
6 307
6 315
6 367
6 410
6 418
6 457
6 493
7 25
7 122
7 132
7 137
7 219
7 250
7 384
7 472
8 30
8 129
8 143
8 198
8 201
8 218
8 222
8 230
8 247
8 286
8 340
8 365
8 371
8 377
8 395
8 428
8 442
8 476
8 484
9 26
9 68
9 116
9 124
9 134
9 215
9 228
9 256
9 288
9 462
9 463
9 487
10 52
10 80
10 83
10 99
10 107
10 191
10 305
10 338
10 473
11 20
11 29
11 43
11 77
11 96
11 119
11 140
11 233
11 254
11 259
11 289
11 337
11 365
11 367
11 368
11 437
11 445
11 479
11 492
12 59
12 68
12 93
12 148
12 166
12 202
12 261
12 276
12 291
12 421
12 430
13 19
13 85
13 105
13 147
13 168
13 183
13 209
13 210
13 249
13 333
13 473
13 483
14 52
14 56
14 186
14 212
14 305
14 363
14 472
15 76
15 216
15 289
15 294
15 329
15 373
15 385
15 468
16 28
16 30
16 31
16 60
16 137
16 153
16 207
16 225
16 259
16 273
16 488
16 496
17 50
17 98
17 101
17 105
17 127
17 131
17 177
17 183
17 298
17 300
17 321
17 347
17 368
17 374
17 418
18 40
18 67
18 95
18 118
18 130
18 181
18 183
18 192
18 249
18 305
18 324
18 341
18 388
18 398
18 403
18 412
19 117
19 192
19 276
19 308
19 440
19 487
20 39
20 66
20 120
20 186
20 208
20 243
20 286
20 304
20 360
21 72
21 130
21 153
21 171
21 272
21 436
21 463
21 472
22 53
22 67
22 121
22 134
22 176
22 197
22 286
22 341
22 343
22 360
22 385
22 403
22 495
23 34
23 84
23 103
23 179
23 376
23 391
24 167
24 173
24 214
24 235
24 241
24 323
24 354
24 367
24 384
25 117
25 122
25 181
25 193
25 195
25 211
25 239
25 242
25 245
25 252
25 282
25 315
25 396
25 400
25 402
25 403
25 413
25 416
25 435
25 448
25 452
25 499
26 35
26 41
26 104
26 234
26 235
26 337
26 350
26 351
26 417
26 466
27 38
27 199
27 241
27 329
27 345
27 410
27 496
28 59
28 98
28 138
28 180
28 313
28 319
28 343
28 439
28 459
28 493
28 497
29 41
29 131
29 165
29 185
29 195
29 249
29 250
29 255
29 314
29 315
30 36
30 128
30 135
30 154
30 179
30 190
30 225
30 238
30 283
30 300
30 357
30 368
30 376
30 407
30 450
30 460
30 462
30 482
31 62
31 95
31 152
31 160
31 197
31 201
31 291
31 295
31 319
31 322
31 338
31 346
31 354
31 398
31 452
31 469
32 54
32 97
32 208
32 223
32 317
32 327
32 380
32 381
33 55
33 68
33 78
33 92
33 157
33 189
33 205
33 228
33 264
33 291
33 361
33 370
33 374
33 381
33 443
33 495
34 86
34 106
34 127
34 137
34 154
34 243
34 268
34 292
34 326
34 351
34 360
34 362
34 390
34 409
34 444
34 450
35 62
35 103
35 158
35 201
35 233
35 246
35 304
35 315
35 423
36 84
36 93
36 99
36 229
36 261
36 287
36 294
36 350
36 415
36 430
37 41
37 80
37 192
37 235
37 245
37 259
37 353
37 415
38 187
38 204
38 247
38 294
38 298
38 330
38 352
38 419
38 421
38 447
38 450
38 457
38 498
39 43
39 49
39 55
39 78
39 94
39 104
39 128
39 151
39 224
39 240
39 360
39 370
39 401
39 434
39 498
40 64
40 104
40 114
40 271
40 328
40 348
40 390
40 399
41 90
41 92
41 100
41 173
41 175
41 208
41 265
41 310
41 324
41 352
41 385
41 401
41 418
41 434
41 458
41 474
41 484
41 493
41 498
42 133
42 269
42 276
42 291
42 299
42 317
42 369
42 380
42 416
42 444
42 447
43 44
43 125
43 240
43 276
43 330
43 390
43 402
43 408
43 411
43 472
44 95
44 117
44 137
44 180
44 200
44 254
44 264
44 276
44 360
44 363
44 374
44 459
44 468
45 82
45 105
45 106
45 127
45 142
45 219
45 289
45 396
45 413
45 444
45 478
45 496
46 85
46 95
46 107
46 140
46 161
46 165
46 210
46 221
46 294
46 350
46 402
46 415
46 476
46 483
47 58
47 111
47 170
47 171
47 175
47 184
47 210
47 227
47 301
47 366
47 381
47 393
47 402
47 404
47 429
47 478
48 105
48 109
48 165
48 184
48 231
48 317
48 331
48 354
48 413
48 449
48 469
49 311
49 317
49 357
49 364
49 431
49 450
49 465
49 489
50 104
50 183
50 194
50 214
50 215
50 249
50 335
50 409
50 420
50 453
50 496
51 93
51 116
51 210
51 264
51 272
51 283
51 335
51 344
51 350
51 368
51 454
51 482
51 485
52 101
52 109
52 136
52 195
52 199
52 374
53 106
53 108
53 153
53 155
53 158
53 163
53 204
53 212
53 258
53 261
53 342
53 349
53 368
53 375
53 415
53 468
54 71
54 108
54 126
54 147
54 148
54 171
54 233
54 239
54 262
54 275
54 300
54 326
54 358
54 370
54 409
54 416
54 420
55 79
55 186
55 207
55 239
55 297
55 375
55 411
55 417
55 452
55 490
56 73
56 119
56 210
56 271
56 279
56 337
56 359
56 387
56 390
56 413
56 433
56 460
57 66
57 149
57 153
57 158
57 168
57 173
57 296
57 320
57 326
57 346
57 406
57 411
57 423
57 425
57 465
58 65
58 129
58 215
58 217
58 240
58 291
58 324
58 338
58 364
58 366
58 428
58 493
59 64
59 85
59 137
59 139
59 167
59 170
59 227
59 313
59 353
59 354
59 370
59 424
59 492
60 105
60 182
60 256
60 265
60 425
60 433
60 474
60 485
60 486
61 75
61 78
61 83
61 93
61 194
61 216
61 227
61 247
61 281
61 295
61 363
61 408
61 409
61 435
61 459
61 479
61 483
62 71
62 143
62 237
62 361
62 388
62 394
63 126
63 194
63 285
63 287
63 317
63 403
64 108
64 188
64 190
64 203
64 234
64 329
64 448
64 494
65 79
65 100
65 204
65 359
65 446
65 488
66 140
66 148
66 189
66 194
66 233
66 234
66 243
66 349
66 378
66 479
66 499
67 106
67 134
67 143
67 144
67 145
67 203
67 216
67 272
67 299
67 309
67 323
67 355
67 362
67 415
68 129
68 136
68 175
68 202
68 269
68 277
68 286
68 315
68 331
68 345
68 485
68 490
69 85
69 145
69 150
69 153
69 233
69 278
69 286
69 288
69 322
69 326
69 385
69 389
69 417
69 420
69 437
70 92
70 159
70 190
70 292
70 298
70 415
70 450
71 134
71 147
71 159
71 230
71 293
71 379
71 475
72 88
72 122
72 171
72 187
72 205
72 215
72 218
72 251
72 271
72 286
72 455
73 102
73 107
73 126
73 174
73 277
73 312
73 317
73 397
73 407
73 441
73 457
73 474
74 104
74 130
74 240
74 295
74 401
74 494
75 106
75 108
75 188
75 190
75 247
75 268
75 310
75 336
75 368
75 391
75 434
75 439
76 100
76 130
76 131
76 136
76 139
76 233
76 334
76 337
76 492
77 159
77 192
77 245
77 261
77 275
77 281
77 339
77 384
77 424
77 490
77 493
78 108
78 111
78 150
78 162
78 191
78 192
78 282
78 343
78 411
78 436
78 445
78 457
79 167
79 168
79 188
79 196
79 199
79 237
79 302
79 311
79 347
79 407
79 429
79 480
79 482
80 84
80 132
80 134
80 199
80 217
80 253
80 290
80 304
80 350
80 489
81 82
81 88
81 234
81 253
81 272
81 291
81 429
81 430
81 449
81 465
82 171
82 175
82 236
82 264
82 267
82 287
82 374
82 396
82 406
82 424
82 499
83 112
83 154
83 165
83 214
83 295
83 317
83 337
83 346
83 382
83 493
84 133
84 194
84 204
84 239
84 313
84 354
84 355
84 384
84 391
84 401
84 433
85 89
85 111
85 208
85 231
85 270
85 281
85 291
85 305
85 310
85 318
85 320
85 387
86 120
86 126
86 158
86 184
86 243
86 259
86 310
86 366
86 442
86 467
86 481
87 155
87 166
87 200
87 204
87 292
88 117
88 144
88 168
88 184
88 258
88 266
88 310
88 351
88 360
88 365
88 369
88 377
89 259
89 277
89 283
89 296
89 354
89 362
89 442
90 104
90 172
90 244
90 260
90 294
90 320
90 340
90 342
90 350
91 143
91 244
91 250
91 310
91 321
91 375
91 425
91 466
91 486
92 121
92 250
92 268
92 279
92 307
92 310
92 316
92 348
92 380
93 115
93 140
93 183
93 189
93 283
93 304
93 307
93 347
93 449
94 105
94 122
94 135
94 180
94 192
94 254
94 256
94 280
94 439
95 157
95 200
95 208
95 285
95 294
95 389
95 409
95 429
96 99
96 176
96 194
96 271
96 291
96 313
96 331
96 434
96 474
96 486
97 132
97 140
97 193
97 198
97 248
97 267
97 463
97 473
98 120
98 233
98 320
98 333
98 417
99 118
99 233
99 235
99 236
99 245
99 281
99 304
99 316
99 417
99 418
99 428
99 433
99 482
100 104
100 127
100 152
100 210
100 250
100 300
100 425
100 484
101 103
101 134
101 182
101 186
101 191
101 209
101 216
101 221
101 234
101 273
101 285
101 364
101 381
101 408
101 432
101 438
101 443
102 174
102 254
102 289
102 304
102 315
102 317
102 406
103 210
103 259
103 277
103 293
103 418
104 180
104 181
104 189
104 197
104 223
104 274
104 300
104 334
104 360
104 458
105 209
105 213
105 249
105 380
105 418
106 109
106 119
106 144
106 150
106 325
106 428
106 429
106 432
106 446
106 483
106 489
107 131
107 168
107 177
107 181
107 221
107 225
107 289
107 382
107 423
107 436
108 157
108 183
108 184
108 214
108 218
108 225
108 251
108 256
108 281
108 308
108 340
108 390
109 111
109 149
109 151
109 170
109 265
109 286
109 300
109 365
109 423
109 458
110 159
110 195
110 360
110 370
110 407
110 415
110 430
110 434
110 493
111 118
111 161
111 173
111 222
111 232
111 254
111 258
111 300
111 393
111 435
111 439
111 443
111 459
111 467
111 472
111 473
112 186
112 303
112 342
112 426
112 449
112 499
113 228
113 291
113 299
113 310
113 353
113 368
113 378
114 116
114 133
114 187
114 190
114 206
114 212
114 295
114 322
114 327
114 396
114 487
115 122
115 169
115 212
115 251
115 290
115 379
115 385
115 402
115 418
115 437
116 151
116 174
116 179
116 202
116 211
116 239
116 242
116 396
116 427
117 156
117 178
117 249
117 288
117 374
117 408
117 416
117 444
118 169
118 327
118 339
118 412
118 481
119 201
119 243
119 244
119 250
119 257
119 262
119 295
119 382
119 390
119 457
120 236
120 278
120 403
120 456
120 467
121 156
121 169
121 224
121 290
121 321
121 325
121 357
121 410
121 422
121 442
121 489
122 131
122 203
122 237
122 316
122 324
122 329
122 340
122 372
122 373
122 394
122 411
122 428
122 448
122 464
123 183
123 204
123 218
123 233
123 261
123 378
124 133
124 182
124 194
124 206
124 271
124 310
124 320
124 382
124 391
124 432
124 493
125 128
125 157
125 210
125 252
125 284
125 311
125 355
125 415
126 138
126 152
126 220
126 227
126 277
126 285
126 348
126 400
126 459
126 487
126 490
127 157
127 165
127 198
127 226
127 227
127 279
127 408
127 461
127 467
127 478
127 480
128 223
128 225
128 236
128 257
128 275
128 280
128 291
128 303
128 315
128 350
128 384
128 394
128 407
128 424
128 477
128 485
129 130
129 167
129 329
129 491
130 185
130 227
130 300
130 382
130 383
130 395
130 436
130 443
131 143
131 148
131 220
131 229
131 257
131 260
131 277
131 278
131 355
132 151
132 335
132 485
133 183
133 250
133 286
133 296
133 316
133 345
133 418
133 436
134 164
134 166
134 205
134 211
134 238
134 280
134 311
134 323
134 384
134 443
135 178
135 215
135 221
135 314
135 338
135 347
135 398
135 492
136 148
136 178
136 192
136 246
136 314
136 332
136 336
136 343
136 401
136 492
137 156
137 190
137 222
137 245
137 273
137 332
137 360
137 385
137 424
137 432
137 436
138 179
138 189
138 196
138 270
138 282
138 343
138 424
138 473
138 499
139 166
139 169
139 205
139 262
139 300
139 311
139 317
139 322
139 407
139 412
140 196
140 263
140 273
140 322
140 405
140 480
141 213
141 229
141 283
141 409
141 420
141 466
141 496
142 156
142 157
142 217
142 251
142 290
142 331
142 353
142 468
142 493
143 151
143 270
143 314
143 335
143 486
143 499
144 157
144 207
144 386
144 387
144 390
144 422
144 444
144 458
144 459
145 163
145 190
145 230
145 363
145 394
145 442
145 485
146 177
146 204
146 223
146 247
146 261
146 282
146 388
146 428
146 445
146 491
146 498
147 258
147 416
147 453
148 346
148 368
148 402
148 426
149 225
149 350
149 378
149 398
149 420
149 490
150 252
150 259
150 271
150 282
150 288
150 398
150 427
150 436
150 442
151 163
151 176
151 185
151 249
151 263
151 382
151 386
151 418
151 448
151 474
152 188
152 219
152 356
152 373
152 446
152 479
153 175
153 193
153 222
153 263
153 321
153 329
153 470
154 156
154 166
154 189
154 229
154 312
154 316
154 321
154 328
154 349
154 352
154 355
154 366
154 379
154 384
154 397
154 404
154 408
154 432
154 435
154 450
154 488
155 190
155 194
155 288
155 478
156 166
156 221
156 308
156 311
156 318
156 327
156 412
156 474
157 218
157 313
157 318
157 365
157 473
158 285
158 295
158 328
158 356
158 395
158 408
158 417
158 445
158 448
159 248
159 308
159 314
159 321
159 391
159 491
160 170
160 182
160 223
160 360
160 362
160 384
160 460
160 499
161 172
161 345
161 395
161 423
161 426
161 437
161 446
161 459
161 478
162 210
162 275
162 328
162 365
162 367
162 385
162 429
163 195
163 222
163 281
163 283
163 322
163 382
163 438
164 196
164 261
164 299
164 314
164 318
164 351
164 352
164 392
164 446
164 452
165 235
165 311
165 375
165 469
166 359
166 409
167 223
167 280
167 330
167 391
167 432
168 197
168 237
168 258
168 286
168 289
168 331
168 352
168 368
168 380
168 386
168 390
168 394
169 226
169 268
169 357
169 392
169 423
170 219
170 244
170 286
170 303
170 320
170 347
170 457
170 460
171 214
171 215
171 258
171 265
171 296
171 417
171 436
172 196
172 208
172 334
172 339
172 343
172 383
172 419
172 441
172 467
172 478
173 182
173 346
173 403
173 431
173 434
173 460
173 479
173 491
173 496
174 218
174 223
174 288
174 348
174 477
175 273
175 274
175 293
175 319
175 383
175 457
175 483
175 487
175 493
176 188
176 190
176 191
176 338
176 348
176 380
176 381
176 395
176 426
176 472
176 474
176 475
176 487
176 497
177 200
177 232
177 259
177 330
177 346
177 372
177 379
177 391
177 415
177 433
177 474
177 485
178 268
178 293
178 302
178 341
178 362
178 408
178 420
178 464
178 496
179 189
179 208
179 244
179 346
179 378
179 408
179 410
179 430
179 431
179 476
179 488
180 238
180 244
180 247
180 317
180 338
180 352
180 432
181 253
181 338
182 198
182 332
182 340
182 367
182 424
182 440
183 230
183 231
183 251
183 280
183 450
184 199
184 258
184 274
184 305
184 360
184 367
184 382
184 437
184 455
184 477
184 486
185 210
185 228
185 330
185 374
185 391
185 442
185 482
185 483
185 489
186 210
186 391
186 407
186 481
187 228
187 232
187 238
187 278
187 362
187 456
188 237
188 282
188 414
189 201
189 211
189 245
189 281
189 330
189 339
189 357
189 360
189 371
189 380
189 452
190 272
190 296
190 313
190 314
190 359
190 407
190 442
190 499
191 193
191 206
191 207
191 241
191 258
191 283
191 417
191 456
192 224
192 242
192 264
192 336
192 348
192 391
192 408
193 218
193 262
193 289
193 358
193 400
193 401
193 493
194 248
194 286
194 328
194 389
194 391
194 439
194 454
195 213
195 214
195 307
195 318
195 389
195 436
195 469
195 477
196 211
196 238
196 247
196 279
196 283
196 316
196 406
197 224
197 226
197 264
197 283
197 310
197 388
197 489
197 499
198 200
198 215
198 236
198 268
198 299
198 323
198 336
198 346
198 384
198 387
198 394
198 450
199 233
199 237
199 253
199 272
199 295
199 344
199 373
199 451
200 294
200 357
200 426
200 433
200 448
200 465
200 473
201 208
201 236
201 357
201 401
201 415
202 222
202 246
202 278
202 296
202 332
202 350
202 388
202 406
202 434
202 480
203 272
203 280
203 299
203 300
203 372
203 381
203 382
203 392
203 424
203 428
203 433
203 498
204 221
204 226
204 236
204 266
204 391
204 401
204 416
204 443
204 457
204 489
204 496
205 220
205 227
205 323
205 368
205 452
206 225
206 283
206 306
206 311
206 328
206 466
206 467
207 242
207 275
207 322
207 349
207 408
207 417
207 443
208 216
208 217
208 228
208 238
208 304
208 325
208 466
209 220
209 249
209 296
209 315
209 337
209 436
209 453
210 258
210 339
210 384
210 409
210 455
211 224
211 241
211 250
211 255
211 312
211 329
211 330
211 388
211 423
211 438
211 466
212 231
212 264
212 268
212 279
212 300
212 366
212 490
212 498
213 243
213 253
213 269
213 297
213 307
214 217
214 228
214 252
214 333
214 366
214 399
214 452
214 488
215 252
215 332
215 344
215 386
215 412
215 442
215 456
215 458
216 314
216 342
216 345
216 415
216 443
217 220
217 274
217 286
217 315
217 322
217 324
217 365
217 390
217 484
218 292
218 294
218 326
218 330
218 358
218 377
218 499
219 226
219 235
219 240
219 265
219 272
219 371
219 414
219 468
219 477
220 294
220 303
220 335
220 337
220 360
220 369
220 384
221 240
221 264
221 275
221 289
221 326
221 339
221 371
221 431
221 434
221 436
221 450
221 455
221 480
222 257
222 399
222 409
223 304
223 379
223 495
224 227
224 300
224 335
224 390
224 401
224 419
225 283
225 326
226 236
226 250
226 257
226 297
226 305
226 317
226 344
226 389
226 392
226 402
226 408
226 412
226 421
226 422
226 457
227 247
227 318
227 437
227 458
227 473
228 269
228 293
228 362
228 366
228 387
228 403
228 442
229 290
229 291
229 397
229 422
229 459
229 469
230 273
230 391
230 433
230 489
231 323
231 333
231 400
231 419
231 427
231 428
231 461
231 468
231 476
232 251
232 263
232 287
232 294
232 326
232 361
232 376
232 379
232 390
232 411
233 254
233 429
233 430
233 434
234 409
234 465
235 273
235 318
235 409
235 435
235 443
235 473
235 483
236 280
236 322
236 347
236 361
236 381
236 408
236 418
237 280
237 367
237 373
237 422
237 486
238 257
238 261
238 342
238 385
238 403
238 446
238 489
239 265
239 266
239 318
239 340
239 348
239 392
239 467
239 499
240 249
240 379
240 413
240 414
241 249
241 259
241 278
241 313
241 387
241 392
241 393
241 405
241 467
242 259
242 272
242 286
242 304
242 315
242 341
242 367
242 391
242 399
242 403
242 432
243 265
243 334
243 370
243 378
243 398
243 401
243 415
243 477
244 249
244 255
244 285
244 390
244 396
244 399
244 418
244 421
244 457
244 488
244 497
245 252
245 272
245 273
245 278
245 291
245 341
245 388
245 447
245 468
246 285
246 311
246 328
246 420
246 429
247 262
247 287
247 305
247 391
247 452
247 472
247 485
248 369
248 417
248 433
249 339
249 378
249 379
249 460
250 277
250 302
250 324
250 388
250 474
251 255
251 260
251 274
251 323
251 389
251 426
251 440
251 470
252 333
252 353
252 358
252 374
252 400
252 408
252 498
253 316
253 372
253 376
253 379
253 465
254 355
254 381
254 409
254 417
254 432
254 486
255 339
255 418
255 439
255 456
255 472
256 262
256 309
256 405
256 412
256 423
256 424
256 483
257 278
257 282
257 320
257 337
257 386
257 446
257 456
257 464
258 264
259 365
259 408
259 424
259 472
260 261
260 276
260 310
260 328
260 340
260 381
260 459
260 471
261 356
261 362
261 451
261 464
262 283
262 425
262 432
262 441
262 454
263 283
263 375
263 467
264 289
264 341
264 372
264 376
264 396
264 451
264 482
265 268
265 388
265 411
266 310
266 322
266 344
266 359
266 372
266 375
266 382
266 389
266 399
266 404
266 480
267 291
267 425
267 432
268 284
268 303
268 378
268 409
268 427
269 311
269 316
269 394
269 425
269 431
269 437
269 455
270 283
270 302
270 328
270 354
270 376
270 438
270 439
270 473
271 272
271 334
271 477
272 283
272 294
272 351
272 357
272 372
272 498
273 278
273 351
273 410
273 458
274 353
274 376
274 377
274 379
274 403
274 494
275 352
275 358
276 419
276 424
276 426
276 468
277 345
277 356
277 358
277 377
277 422
277 486
278 363
278 375
278 446
278 476
278 499
279 280
279 283
279 343
279 354
279 364
279 402
280 311
280 312
280 314
280 325
280 350
280 363
280 418
280 435
280 448
281 286
281 319
281 358
281 417
281 478
282 327
282 343
282 348
282 375
282 376
282 377
282 383
283 336
283 356
283 370
283 380
283 430
283 438
284 333
284 352
284 384
284 458
284 461
284 463
285 313
285 318
285 321
285 388
285 391
285 439
285 474
285 481
286 288
286 321
286 411
287 430
287 444
287 459
287 469
288 305
288 331
288 338
288 340
288 368
288 400
288 467
289 315
289 342
289 385
289 397
289 402
289 448
289 461
289 498
290 330
290 489
290 491
291 298
291 369
291 387
291 427
291 443
291 452
291 484
292 294
292 310
292 374
292 434
293 322
293 336
293 366
293 492
294 306
294 340
294 389
294 422
294 475
295 312
295 316
295 317
295 344
295 358
295 377
295 399
295 436
295 440
295 497
296 305
296 307
296 314
296 389
296 418
296 423
297 330
297 379
297 495
298 366
298 381
298 435
298 440
298 441
299 322
299 343
299 367
299 402
299 421
299 443
299 451
299 494
300 448
300 489
301 307
301 323
301 335
301 344
301 354
301 360
301 395
301 497
302 315
302 414
302 429
302 450
302 473
302 488
303 334
303 342
303 481
303 482
303 483
304 340
304 433
304 499
305 311
305 345
305 387
305 405
305 425
306 407
306 411
306 417
306 450
307 311
307 361
307 402
307 404
307 431
307 432
307 435
307 474
308 317
308 339
308 368
308 372
308 383
308 397
308 409
308 453
309 332
309 385
309 408
309 421
309 442
310 382
310 447
310 454
311 324
311 381
311 448
311 466
312 315
312 415
312 433
312 472
312 480
312 485
313 351
313 439
314 371
314 389
314 410
314 434
315 330
315 341
315 368
315 396
315 463
315 486
315 488
316 340
316 441
316 471
317 370
317 374
317 427
317 446
318 347
318 402
319 360
319 362
319 461
320 359
320 368
320 394
320 427
320 437
320 465
321 352
321 361
321 442
322 326
322 331
322 356
322 419
322 476
323 324
323 326
323 362
323 405
323 407
324 390
324 392
324 416
324 430
324 468
325 349
325 359
325 374
325 378
325 397
325 399
325 410
325 423
325 459
325 483
325 496
325 498
326 329
326 425
326 430
327 341
327 388
327 423
327 449
327 453
328 422
328 435
328 483
328 490
329 370
329 376
329 378
329 400
329 402
329 432
330 419
330 435
330 445
331 362
331 482
332 426
332 444
333 467
334 356
334 374
334 426
334 430
334 441
334 442
334 448
334 494
335 433
335 479
335 493
336 377
336 411
337 362
337 472
337 499
338 396
338 397
338 411
338 452
339 341
339 345
339 382
339 464
340 362
340 369
340 380
340 430
340 485
341 361
341 391
341 468
341 476
342 360
342 400
342 414
342 415
342 434
342 464
343 353
343 395
343 400
343 413
343 437
343 478
344 360
344 383
344 403
344 427
344 491
345 392
345 404
345 441
345 449
345 458
346 380
346 431
346 449
346 474
347 421
347 464
347 483
348 372
348 378
348 384
348 410
348 466
348 480
349 364
349 368
349 470
350 360
351 394
351 426
351 428
352 407
352 435
352 473
352 482
353 363
353 444
354 364
355 387
355 426
355 439
355 487
356 385
356 492
357 395
357 489
358 375
358 385
358 424
358 489
359 443
359 446
359 454
359 455
359 456
359 497
361 363
361 368
361 438
361 439
361 470
361 495
362 364
362 412
362 417
362 440
362 473
362 488
362 493
363 369
363 400
363 444
363 487
364 375
364 426
364 441
364 445
364 474
365 373
365 395
365 458
366 396
366 412
367 417
367 468
367 482
368 407
368 436
368 448
368 482
368 486
369 371
369 450
370 384
370 477
371 384
371 400
371 426
372 383
372 397
372 432
372 473
372 494
373 488
374 466
374 472
374 481
374 493
375 398
375 422
375 425
375 438
375 476
375 498
376 436
376 443
376 480
377 378
377 485
378 419
378 430
379 389
379 424
379 434
381 401
381 408
381 486
381 490
382 477
382 481
382 486
383 412
383 429
383 430
383 478
383 483
383 497
384 415
384 452
384 457
386 390
386 411
386 445
387 388
387 471
388 427
389 405
389 434
389 438
389 457
389 462
389 465
390 433
390 487
391 416
391 434
391 450
392 404
392 417
392 418
393 411
393 417
393 433
393 469
393 473
394 462
394 475
395 396
395 438
395 468
395 485
396 454
396 459
399 425
400 423
400 446
401 410
401 428
401 465
401 484
402 405
402 438
402 457
402 458
403 410
403 463
404 418
404 441
404 469
404 472
405 419
405 467
405 469
405 481
406 409
406 469
407 435
407 443
407 469
408 486
409 412
410 463
411 438
411 444
411 468
412 441
412 452
412 488
413 430
413 433
413 469
413 499
415 466
415 487
416 489
417 421
417 499
418 486
421 460
421 487
421 493
421 498
423 468
423 493
424 496
425 488
426 442
426 482
427 436
427 455
427 474
429 477
429 482
429 499
430 435
430 463
430 466
431 433
431 435
431 441
431 482
432 483
432 493
433 435
433 447
433 485
433 494
434 499
435 441
435 442
435 487
436 440
436 445
436 453
436 475
436 492
436 494
437 454
437 479
438 462
439 445
439 461
439 494
440 472
441 490
442 458
442 474
443 457
444 455
444 491
445 452
445 474
445 482
446 482
449 462
450 459
451 463
451 478
452 469
452 473
452 492
453 456
453 495
454 458
454 473
454 477
456 490
457 468
457 496
457 499
459 471
459 476
459 479
462 494
464 465
464 490
465 492
466 486
469 470
469 476
472 482
473 476
475 491
475 496
475 497
476 483
476 484
476 487
478 488
484 497
486 492
489 498
