0
500
2520
0
1
0
0 45
0 111
0 214
0 232
0 308
0 390
0 429
0 458
0 462
1 21
1 35
1 50
1 53
1 172
1 175
1 179
1 232
1 286
1 288
2 34
2 70
2 103
2 129
2 150
2 220
2 226
2 236
2 260
2 280
2 316
2 351
2 353
2 476
2 484
3 37
3 108
3 192
3 250
3 276
3 285
3 359
3 380
3 391
3 406
3 426
4 18
4 135
4 235
4 243
4 245
4 246
4 278
4 360
4 418
4 420
4 429
4 477
5 37
5 45
5 84
5 221
5 262
5 339
5 451
5 452
5 470
6 27
6 173
6 238
6 243
6 350
6 457
7 17
7 71
7 105
7 179
7 181
7 212
7 260
7 339
7 405
8 11
8 53
8 105
8 161
8 247
8 302
8 373
8 425
8 460
8 465
9 33
9 57
9 85
9 173
9 212
9 215
9 219
9 220
9 229
9 277
9 302
9 339
9 349
9 450
9 454
9 467
9 478
9 481
10 31
10 65
10 68
10 75
10 164
10 225
10 289
10 332
10 426
10 442
10 444
10 468
11 149
11 202
11 217
11 290
11 305
11 340
11 370
11 377
11 429
11 459
11 487
12 34
12 75
12 95
12 149
12 173
12 194
12 205
12 218
12 235
12 254
12 320
12 404
12 423
12 431
12 433
13 91
13 112
13 161
13 201
13 308
13 496
14 45
14 80
14 95
14 277
14 286
14 350
14 352
14 392
14 397
15 27
15 49
15 73
15 143
15 168
15 226
15 385
15 410
16 111
16 122
16 157
16 193
16 205
16 237
16 307
16 494
17 73
17 77
17 178
17 204
17 251
17 256
17 269
17 317
17 347
17 351
18 81
18 109
18 151
18 297
18 304
18 353
18 438
19 25
19 53
19 56
19 112
19 184
19 220
19 252
19 351
19 499
20 60
20 140
20 179
20 235
20 262
20 268
20 296
20 375
20 379
20 383
20 385
20 407
20 410
20 459
20 467
20 473
21 95
21 133
21 134
21 268
21 314
21 354
21 495
22 52
22 56
22 150
22 190
22 358
23 40
23 157
23 184
23 432
24 63
24 67
24 92
24 237
24 242
24 278
24 313
24 353
24 437
24 479
25 115
25 163
25 227
25 228
25 300
25 377
25 383
25 434
25 467
25 481
26 44
26 178
26 183
26 267
26 288
26 429
27 139
27 210
27 343
27 421
27 430
27 454
28 66
28 97
28 107
28 163
28 297
28 311
28 334
28 389
28 469
28 475
29 39
29 51
29 62
29 79
29 82
29 135
29 242
29 267
29 292
29 326
29 357
29 376
30 77
30 193
30 222
30 252
30 279
30 295
30 297
30 301
30 381
30 409
30 453
30 470
31 108
31 113
31 150
31 165
31 324
31 414
31 453
31 464
31 465
32 63
32 71
32 121
32 223
32 280
32 314
32 324
32 351
32 357
32 446
33 100
33 102
33 128
33 129
33 131
33 205
33 260
33 275
33 296
33 440
33 487
34 208
34 251
34 260
34 292
34 447
34 470
35 81
35 100
35 237
35 305
35 322
35 421
35 435
35 441
36 80
36 145
36 336
36 373
36 381
36 396
36 417
36 429
37 70
37 97
37 169
37 195
37 199
37 254
37 295
37 322
37 391
37 403
37 441
37 468
38 67
38 75
38 103
38 176
38 240
38 244
38 322
38 392
38 429
39 278
39 280
39 290
39 304
39 353
39 470
39 474
39 482
40 43
40 115
40 172
40 388
40 435
40 469
40 477
41 297
41 327
41 371
41 389
41 391
41 446
41 463
42 67
42 202
42 235
42 324
42 376
42 459
42 482
42 487
43 80
43 93
43 161
43 254
44 187
44 240
44 280
44 297
44 403
45 67
45 69
45 96
45 122
45 136
45 210
45 218
45 320
45 342
45 378
45 492
46 141
46 247
46 264
46 279
46 290
46 298
46 440
46 497
47 125
47 223
47 239
47 294
47 361
47 370
47 376
47 417
48 52
48 54
48 63
48 136
48 177
48 274
48 352
48 432
48 436
49 70
49 125
49 217
49 293
49 322
49 339
49 361
49 379
49 398
49 412
49 441
50 78
50 91
50 92
50 93
50 111
50 135
50 139
50 161
50 178
50 216
50 268
50 368
50 390
50 398
50 404
50 491
51 57
51 60
51 71
51 74
51 122
51 124
51 128
51 172
51 285
51 300
51 342
51 371
51 385
51 386
51 483
52 130
52 138
52 286
52 291
52 318
52 367
52 402
52 421
52 445
52 496
53 201
53 331
53 355
53 398
53 465
54 163
54 184
54 305
54 333
54 336
54 377
54 420
54 447
55 76
55 113
55 201
55 243
55 264
55 333
55 434
56 115
56 381
56 394
56 464
56 486
57 116
57 123
57 166
57 259
57 337
57 494
58 172
58 230
58 253
58 285
58 353
59 66
59 85
59 107
59 118
59 254
59 353
59 417
59 464
59 477
59 493
60 70
60 178
60 231
60 250
60 258
60 295
60 308
60 313
60 321
60 349
60 352
60 416
61 195
61 196
61 225
61 343
61 358
61 390
61 474
62 107
62 278
62 291
62 322
62 349
62 354
62 384
63 77
63 92
63 153
63 195
63 251
63 306
63 332
63 340
63 408
63 413
63 428
63 460
63 464
64 293
64 331
64 344
64 350
64 398
64 429
65 99
65 161
65 252
65 290
65 291
65 443
66 202
66 240
66 259
66 273
66 410
66 425
66 453
66 486
67 69
67 92
67 234
67 370
68 71
68 90
68 150
68 167
68 185
68 377
68 383
68 393
68 415
68 432
68 462
69 75
69 94
69 137
69 159
69 290
69 319
69 349
69 385
69 404
69 440
69 458
70 84
70 95
70 271
70 306
70 347
70 436
71 106
71 155
71 249
71 348
71 369
71 442
71 462
71 480
71 490
71 493
72 78
72 126
72 179
72 243
72 281
72 324
72 374
72 395
72 397
72 427
72 473
73 119
73 134
73 135
73 250
73 265
73 338
73 416
73 451
74 247
74 350
74 369
74 383
74 384
74 453
74 454
74 461
74 480
75 79
75 123
75 216
75 251
75 310
75 380
75 460
76 88
76 124
76 142
76 190
76 201
76 255
76 383
76 392
76 439
76 478
76 483
76 486
77 103
77 181
77 192
77 237
77 284
77 307
77 322
77 379
77 418
77 427
78 101
78 158
78 162
78 210
78 228
78 257
78 302
78 327
78 329
78 351
78 378
78 416
79 126
79 218
79 220
79 358
79 384
79 396
79 450
79 472
80 115
80 175
80 204
80 244
80 245
80 249
80 445
81 130
81 140
81 177
81 193
81 234
81 242
81 345
81 354
81 400
81 435
81 450
81 457
81 461
81 486
82 86
82 149
82 343
82 372
82 478
82 493
83 145
83 224
83 258
83 273
83 295
83 300
83 309
83 376
83 381
83 414
83 488
84 152
84 172
84 237
84 298
84 398
84 408
84 496
85 151
85 192
85 193
85 228
85 262
85 299
85 387
85 448
86 140
86 199
86 386
86 432
87 91
87 131
87 137
87 217
87 338
87 363
87 382
87 447
87 462
88 144
88 221
88 258
88 298
88 300
88 311
88 327
88 401
88 459
89 167
89 180
89 194
89 201
89 288
89 344
89 387
89 436
90 98
90 160
90 181
90 198
90 209
90 233
90 254
90 275
90 292
90 296
90 320
90 323
90 393
90 418
90 442
90 455
90 497
91 233
91 299
91 342
91 374
91 448
91 457
91 490
92 107
92 108
92 143
92 165
92 171
92 174
92 207
92 295
92 307
92 323
92 339
92 370
92 386
92 469
92 490
92 497
93 103
93 207
93 236
93 276
93 334
93 335
93 373
93 388
93 395
93 397
93 415
94 132
94 144
94 154
94 191
94 220
94 232
94 251
94 287
94 344
94 402
95 197
95 235
95 404
95 499
96 178
96 206
96 372
96 396
96 401
96 421
96 467
96 481
96 485
96 491
97 133
97 152
97 178
97 190
97 211
97 234
97 236
97 247
98 106
98 107
98 150
98 173
98 180
98 202
98 247
98 251
98 258
98 260
98 269
98 296
98 366
98 425
98 428
98 464
98 468
98 494
99 103
99 148
99 162
99 174
99 257
99 270
99 349
99 446
99 447
100 105
100 129
100 213
100 250
100 265
100 290
100 367
100 440
100 449
101 119
101 131
101 174
101 240
101 249
101 302
101 310
101 363
101 414
101 438
101 449
101 477
101 480
101 499
102 136
102 149
102 214
102 222
102 240
102 313
102 345
102 392
102 410
102 445
103 181
103 217
103 281
103 375
103 426
104 140
104 156
104 197
104 198
104 209
104 211
104 227
104 340
104 461
104 492
105 156
105 170
105 178
105 257
105 298
105 400
105 461
105 480
106 128
106 209
106 213
106 222
106 297
107 154
107 174
107 217
107 257
107 268
107 360
107 400
107 427
107 461
108 459
108 493
109 111
109 216
109 233
109 238
109 248
109 339
109 375
109 415
109 492
110 163
110 179
110 202
110 414
110 432
110 440
110 461
111 132
111 178
111 212
112 173
112 200
112 270
112 349
112 418
112 461
113 131
113 201
113 202
113 206
113 222
113 246
113 281
113 291
113 305
113 418
113 425
113 496
114 190
114 194
114 264
114 278
114 449
114 495
115 181
115 212
115 322
115 326
115 348
115 360
115 380
115 395
115 427
115 433
116 149
116 191
116 196
116 257
116 441
116 456
116 473
117 140
117 172
117 255
117 332
117 399
117 403
117 455
117 476
118 119
118 154
118 159
118 164
118 238
118 277
118 286
118 414
118 432
118 460
118 463
119 153
119 220
119 223
119 266
119 312
119 324
119 396
119 410
119 466
120 345
120 475
121 186
121 273
121 282
121 408
121 423
121 484
122 220
122 371
123 160
123 187
123 208
123 406
123 415
123 471
124 142
124 164
124 354
124 366
124 371
124 477
125 158
125 172
125 178
125 248
125 266
125 275
125 357
125 381
126 129
126 138
126 198
126 329
126 356
126 465
127 128
127 180
127 312
127 348
127 356
127 401
127 422
128 278
128 315
128 343
128 408
129 327
129 349
129 421
129 430
130 218
130 246
130 258
130 287
130 311
130 356
130 421
131 159
131 207
131 209
131 215
131 264
131 496
132 135
132 178
132 195
132 201
132 235
132 281
132 346
132 388
132 397
132 423
132 429
132 453
133 148
133 166
133 185
133 210
133 344
133 402
133 425
133 426
133 455
134 159
134 253
134 280
134 348
134 359
134 391
134 455
134 481
135 177
135 231
135 286
135 296
135 381
135 439
135 457
135 464
136 150
136 159
136 185
136 194
136 259
136 266
136 321
136 358
136 395
136 408
136 433
136 453
136 466
137 143
137 167
137 252
137 369
137 382
137 405
137 453
137 497
138 281
138 296
138 441
138 461
139 142
139 193
139 245
139 336
139 362
139 387
139 435
139 463
139 478
139 493
140 218
140 292
140 411
141 149
141 171
141 189
141 201
141 240
141 260
141 262
141 347
141 357
141 426
141 480
142 149
142 191
142 220
142 324
142 340
142 376
142 484
143 155
143 159
143 163
143 236
143 294
143 368
143 489
144 211
144 225
144 258
144 268
144 277
144 286
144 289
145 157
145 181
145 222
145 249
145 287
145 312
145 325
145 354
145 381
145 459
145 477
146 154
146 217
146 257
146 305
146 325
146 350
146 371
146 380
146 388
146 400
146 419
146 453
147 298
147 302
148 195
148 199
148 210
148 216
148 257
148 301
148 302
148 499
149 279
149 296
149 298
149 308
149 313
149 368
149 376
149 474
150 161
150 245
150 307
151 194
151 388
151 410
151 432
151 434
151 466
152 157
152 161
152 194
152 208
152 265
152 272
152 285
152 286
152 348
152 349
152 420
152 422
152 424
152 479
152 489
153 199
153 332
153 438
153 465
154 183
154 286
154 297
154 358
154 456
155 162
155 177
155 182
155 221
155 233
155 242
155 263
155 321
155 363
155 428
155 442
155 488
156 215
156 396
156 457
157 175
157 182
157 218
157 279
157 286
157 413
157 436
158 177
158 202
158 246
158 253
158 268
158 296
158 299
158 338
158 442
158 495
159 193
159 208
159 271
159 367
159 385
159 391
159 483
160 198
160 211
160 232
160 247
160 391
161 200
161 340
161 406
161 433
162 163
162 211
162 245
162 247
162 281
162 388
162 390
162 477
163 167
163 199
163 286
163 300
163 310
163 311
163 367
163 406
163 448
163 487
164 350
164 405
164 493
165 193
165 345
165 416
165 478
166 195
166 261
166 269
166 464
167 332
167 353
167 373
167 387
167 429
167 455
168 170
168 171
168 181
168 212
168 248
168 338
168 362
168 370
168 372
169 195
169 253
169 294
169 338
169 375
169 385
170 181
170 257
170 306
170 339
170 394
170 397
171 176
171 189
171 302
171 331
171 472
172 224
172 465
173 477
174 287
174 324
174 368
174 420
174 441
175 240
175 298
175 334
175 440
175 497
176 243
176 248
176 271
176 284
176 321
176 343
176 446
177 250
177 268
177 286
177 301
177 303
177 307
177 322
177 381
177 415
177 451
177 459
178 259
178 411
178 416
178 418
179 262
179 276
179 285
179 314
179 331
179 383
179 405
179 463
179 479
179 483
180 206
180 244
180 252
180 273
180 461
180 464
181 211
181 254
181 284
181 345
181 361
181 464
181 482
181 490
181 496
182 278
182 384
182 492
182 496
183 191
183 225
183 304
183 386
183 447
183 485
184 204
184 214
184 251
184 274
184 328
184 396
184 414
185 268
185 291
185 387
185 398
185 403
186 239
186 306
186 322
186 372
187 197
187 286
187 287
187 297
187 332
187 390
187 414
188 196
188 200
188 234
188 284
188 324
188 393
188 411
188 418
189 195
189 259
189 398
189 454
190 281
190 358
190 364
190 379
190 433
190 443
190 495
191 199
191 264
191 274
191 336
191 356
191 357
191 441
191 478
192 226
192 238
192 260
192 338
192 369
192 426
192 438
192 473
192 491
193 232
193 281
193 307
193 356
193 360
193 394
194 207
194 241
194 266
194 290
194 347
194 373
194 381
194 441
195 204
195 356
195 420
195 465
196 212
196 244
196 250
196 384
196 407
196 438
197 204
197 206
197 216
197 232
197 299
197 333
197 488
197 492
198 199
198 209
198 302
198 401
198 403
198 416
198 428
198 437
199 317
199 327
199 329
199 470
199 496
200 428
200 430
200 451
200 479
200 488
201 319
201 402
201 418
201 463
201 472
201 475
201 485
201 493
202 253
202 326
202 401
202 473
203 331
203 439
203 464
204 353
204 403
204 421
205 208
205 259
205 285
205 306
205 419
206 222
206 275
206 297
206 402
206 458
206 474
207 240
207 246
207 249
207 289
207 347
207 362
207 431
207 453
207 456
207 470
208 212
208 330
208 355
208 432
208 472
209 386
209 459
209 483
210 279
210 314
210 334
210 412
210 457
210 477
210 485
211 220
211 247
211 360
211 436
211 454
211 473
212 280
212 310
212 327
212 364
212 370
212 372
212 375
212 389
212 467
212 472
213 256
213 263
213 272
213 381
213 400
213 414
213 432
214 347
214 480
215 264
215 319
215 336
215 450
215 458
216 227
216 244
216 293
216 425
217 301
217 312
217 347
217 352
217 372
217 446
217 458
218 284
218 348
218 462
218 472
218 476
219 241
219 298
219 341
219 430
219 463
219 486
220 268
220 282
220 338
220 375
220 395
220 418
220 473
221 349
221 356
221 374
221 386
221 413
221 459
222 305
222 418
222 485
223 299
223 403
223 440
223 478
224 229
224 456
225 257
225 317
225 365
225 387
225 393
225 419
225 457
226 229
226 299
226 304
226 312
226 433
226 438
226 447
226 459
226 466
226 469
227 246
227 266
227 298
227 328
227 334
227 338
227 342
227 381
228 258
228 281
228 313
228 379
228 495
229 279
229 292
229 338
229 340
229 364
229 466
229 475
229 486
229 498
230 328
230 378
230 463
230 499
231 262
231 266
231 334
231 361
231 362
231 401
231 407
231 488
232 233
232 309
232 367
232 427
232 477
233 399
233 439
234 236
234 280
234 313
234 325
234 343
234 413
234 454
234 471
234 478
235 282
235 365
235 378
235 382
235 399
235 442
235 497
236 258
236 283
236 287
236 305
236 328
236 367
236 454
237 334
237 359
237 373
237 438
237 474
238 247
238 287
238 312
238 341
238 381
238 403
238 440
238 450
239 309
239 314
239 339
239 350
239 356
239 368
239 423
239 468
239 498
240 256
240 282
240 322
240 351
240 372
240 420
240 448
240 451
240 470
241 309
241 445
242 293
242 342
242 390
242 414
242 458
243 310
243 331
243 426
244 289
244 301
244 305
244 343
244 438
244 459
244 466
244 469
245 266
245 357
245 417
245 447
245 480
246 247
246 300
246 306
246 361
246 395
246 406
246 424
246 429
246 430
247 282
247 316
247 336
247 355
248 405
248 414
248 435
248 464
249 261
249 297
249 320
249 423
249 438
249 492
250 266
250 308
250 350
250 384
251 293
251 396
252 274
252 342
252 370
252 376
252 428
253 272
253 407
254 410
254 471
255 322
255 439
256 264
256 342
256 445
256 499
257 265
257 310
257 326
257 331
257 345
257 359
257 362
257 394
257 455
258 299
258 302
258 314
258 328
258 451
258 465
259 287
259 382
259 471
260 275
260 316
260 323
260 405
260 440
260 458
260 459
261 379
261 445
261 468
262 371
262 378
262 476
263 308
263 343
263 365
263 366
263 411
263 453
263 488
263 492
264 296
264 437
264 438
265 301
265 349
265 419
265 432
265 437
266 299
266 339
266 378
266 379
267 277
267 294
267 311
267 330
267 357
267 358
267 361
267 384
267 409
267 410
267 415
267 478
268 300
268 313
268 371
268 405
268 422
268 466
268 467
269 272
269 286
269 295
269 384
269 394
269 430
269 460
270 278
270 293
270 374
270 382
270 428
270 457
270 466
270 489
270 498
271 281
271 334
271 343
271 405
271 427
271 496
272 362
272 475
273 369
273 391
273 413
273 481
274 282
274 300
274 322
274 368
274 395
274 404
274 407
274 422
275 284
275 326
275 348
275 384
275 444
275 481
275 496
276 287
276 299
276 382
276 392
277 371
277 408
277 466
278 435
278 450
278 461
278 489
278 492
279 313
279 320
279 350
279 433
279 435
279 454
280 310
280 315
280 372
280 431
280 436
281 399
281 440
282 287
282 303
282 413
283 393
283 479
284 295
284 372
284 381
284 406
284 425
285 302
285 420
285 486
286 336
286 407
286 412
287 324
287 345
287 407
287 412
287 440
287 443
287 461
288 345
288 451
289 293
289 323
289 339
289 342
289 369
290 361
291 294
291 444
291 452
291 453
291 478
292 347
293 326
293 401
293 408
295 318
295 443
295 461
295 463
296 303
296 321
296 337
296 355
296 359
296 408
296 450
296 451
296 488
297 319
297 335
297 427
297 487
298 316
298 319
298 436
298 489
299 324
299 336
299 347
299 420
299 464
299 474
300 415
300 463
301 330
301 404
301 444
302 304
302 359
302 416
302 499
303 308
303 399
303 409
303 477
304 321
304 329
304 333
304 334
304 370
304 371
304 392
305 316
305 463
306 316
306 373
306 426
306 447
306 448
306 452
306 458
306 477
307 453
308 368
308 450
308 495
308 498
309 349
310 325
310 336
310 374
310 401
310 437
310 486
311 352
311 477
312 343
312 389
312 482
313 341
313 399
314 346
314 407
314 467
315 350
315 382
315 430
316 347
316 382
316 482
317 328
317 451
317 487
318 322
318 394
319 321
319 348
319 381
319 401
319 417
319 427
319 491
320 326
320 420
320 465
321 325
321 391
322 358
322 453
323 460
324 359
324 392
324 425
325 343
325 344
325 353
325 359
325 387
325 417
326 327
326 368
326 385
326 452
326 475
326 492
327 347
327 354
327 481
328 386
328 406
328 426
328 478
329 330
329 350
329 392
329 413
329 475
330 375
330 397
330 432
331 357
331 379
331 395
331 397
331 431
332 350
332 362
332 389
332 402
332 429
332 444
333 350
333 370
333 377
333 384
333 390
333 446
333 498
334 346
334 347
334 385
334 486
334 488
335 339
335 381
335 419
335 484
336 348
336 361
336 411
336 444
336 453
337 344
337 373
337 383
337 460
337 466
338 413
338 436
338 450
338 472
338 479
339 372
339 422
340 429
340 451
340 460
341 358
341 427
342 364
342 383
342 394
342 450
342 490
343 350
343 412
343 455
344 435
345 397
346 351
346 366
346 398
346 448
346 471
346 477
346 492
348 382
348 420
348 437
348 446
348 495
349 370
349 375
350 450
350 473
351 385
351 390
351 460
351 464
351 473
352 362
352 363
352 465
352 472
353 361
353 424
354 369
354 408
354 415
354 473
354 483
355 367
355 428
355 432
355 445
356 360
356 363
358 382
358 388
358 400
358 471
358 486
359 378
359 407
361 374
361 389
361 397
361 489
362 366
362 407
362 465
362 474
363 425
363 438
363 442
363 446
363 468
363 474
364 418
364 426
364 464
364 468
365 394
365 426
365 474
365 487
366 372
366 376
366 395
366 424
366 446
367 385
367 425
367 458
368 413
370 371
370 407
371 380
371 438
372 488
373 387
373 481
374 390
374 426
374 448
375 395
375 396
375 428
375 495
376 427
376 438
377 423
377 427
377 440
377 444
377 493
378 393
378 434
380 403
380 407
380 468
380 469
382 445
382 447
383 384
383 420
384 404
384 425
386 405
386 420
386 437
386 475
386 477
387 424
387 457
387 458
387 463
387 484
387 495
389 411
389 427
389 468
389 481
390 437
390 455
390 494
391 442
392 399
392 434
393 413
393 416
394 439
395 438
395 495
396 408
397 409
398 496
399 422
399 431
399 443
399 454
400 450
401 479
404 428
405 421
405 423
405 436
405 481
406 428
407 420
407 428
407 432
407 447
407 496
408 442
410 420
410 424
410 465
410 485
411 490
412 468
413 492
414 454
415 468
415 469
416 427
416 473
416 486
416 496
417 421
417 440
417 455
419 442
420 446
420 457
420 459
420 476
421 479
422 428
422 451
423 494
424 458
424 488
425 452
425 473
426 454
426 457
426 493
426 494
427 469
428 438
428 449
428 488
429 472
430 471
433 447
434 454
434 494
435 467
435 497
437 462
437 487
438 475
439 479
442 494
444 472
444 474
444 494
446 480
447 454
447 455
447 460
447 470
451 463
451 477
451 478
454 456
458 484
458 486
458 498
462 475
472 488
473 484
475 476
479 485
481 496
482 483
482 499
