0
500
1886
0
1
0
0 122
0 124
0 151
0 210
0 282
0 392
1 51
1 66
1 73
1 201
1 408
1 480
2 82
2 155
2 159
2 161
2 253
2 335
2 343
3 140
3 185
3 190
3 213
3 223
3 337
3 362
3 384
3 456
3 467
3 469
3 493
4 6
4 95
4 139
4 187
4 308
4 396
4 417
4 418
4 465
5 69
5 174
5 181
5 279
5 331
5 457
6 32
6 57
6 120
6 136
6 420
6 489
6 497
7 50
7 82
7 113
7 155
7 191
7 196
7 389
8 37
8 89
8 419
9 119
9 373
9 416
9 484
10 228
10 453
10 476
11 16
11 19
11 57
11 84
11 96
11 139
11 270
11 358
11 474
11 482
12 134
12 407
13 62
13 133
13 159
13 246
13 311
13 378
13 435
13 471
14 115
14 124
14 209
14 277
14 326
14 392
14 412
14 414
14 462
15 89
15 180
15 200
15 239
16 74
16 100
16 119
16 141
16 179
16 194
16 314
16 380
16 386
16 440
16 452
16 472
16 474
17 45
17 186
17 253
18 94
18 181
18 197
18 229
18 305
18 317
19 142
19 143
19 185
19 191
19 307
19 419
19 496
20 42
20 69
20 189
20 247
20 281
20 332
20 471
21 27
21 68
21 82
21 160
21 181
21 261
21 277
21 295
21 301
21 322
21 370
21 440
21 443
22 107
22 116
22 130
22 155
22 173
22 226
22 386
22 462
22 486
23 66
23 116
23 155
23 270
23 271
23 373
23 470
24 47
24 87
24 115
24 118
24 159
24 169
24 202
24 326
25 35
25 43
25 105
25 206
25 229
25 361
25 434
25 445
25 483
25 495
25 497
26 171
26 256
26 281
26 328
26 355
27 79
27 259
27 364
27 379
27 441
27 447
28 84
28 88
28 127
28 243
28 267
28 294
28 386
28 404
29 229
29 250
29 276
29 443
29 476
30 156
30 250
30 368
30 395
30 401
30 431
30 476
30 478
31 464
31 467
32 39
32 209
32 216
32 218
32 262
32 366
32 466
33 119
33 147
33 317
33 341
33 347
33 349
33 394
33 462
33 466
33 476
33 491
34 347
34 382
34 399
34 428
34 476
34 488
35 41
35 66
35 147
35 156
35 216
35 245
35 268
35 270
35 274
35 291
35 346
36 77
36 110
36 114
36 154
36 161
36 203
36 254
36 288
36 381
36 408
36 474
37 72
37 96
37 173
37 193
37 251
37 308
37 318
37 434
38 84
38 95
38 101
38 174
38 290
38 342
38 411
38 496
39 52
39 101
39 228
39 389
39 480
39 499
40 48
40 57
40 96
40 124
40 127
40 147
40 197
40 210
40 377
40 384
40 396
40 425
40 462
41 54
41 94
41 183
41 299
41 332
41 458
41 477
42 55
42 70
42 81
42 295
42 426
42 470
43 134
43 242
43 391
43 437
44 237
44 410
44 456
44 473
45 86
45 127
45 182
45 334
45 348
45 440
46 87
46 129
46 137
46 196
46 244
46 251
46 416
46 464
46 470
46 492
46 495
47 51
47 260
47 268
47 440
48 103
48 306
48 308
48 319
48 328
48 342
48 356
48 382
49 138
49 188
49 244
49 293
49 376
49 379
49 426
50 237
50 256
50 257
50 267
50 324
51 212
51 280
51 304
51 457
51 461
51 493
52 91
52 115
52 131
52 177
52 237
52 384
52 409
52 417
53 67
53 82
53 255
53 288
53 417
53 489
53 493
54 167
54 218
54 238
54 264
54 310
54 420
55 74
55 145
55 200
55 206
55 207
55 234
55 240
55 307
55 474
55 481
56 72
56 145
56 176
56 209
56 223
56 314
56 376
56 378
56 466
56 490
57 67
57 92
57 135
57 136
57 152
57 181
57 264
57 309
57 439
58 121
58 181
58 340
58 478
58 484
59 135
59 182
59 213
59 256
59 288
59 431
60 182
60 235
60 371
60 394
60 396
60 419
60 434
60 445
61 93
61 104
61 215
61 229
61 239
61 290
61 299
61 394
61 413
62 221
62 234
62 281
62 313
62 331
62 430
63 117
63 234
63 369
63 380
63 408
63 473
63 482
64 118
64 205
64 283
65 94
65 143
65 157
65 408
65 421
66 265
66 434
66 473
66 486
67 170
67 176
67 205
67 235
67 475
68 82
68 128
68 139
68 157
68 220
68 248
68 279
68 286
68 293
68 306
68 323
68 399
68 487
69 128
69 263
69 342
69 366
69 442
70 96
70 178
70 276
70 288
70 494
71 182
71 220
71 228
71 235
71 257
71 433
71 495
72 113
72 202
72 234
72 307
72 375
73 80
73 420
74 226
74 332
74 372
74 376
74 409
75 96
75 183
75 233
75 274
75 370
75 391
75 475
76 109
76 267
76 291
76 336
76 340
76 377
76 465
77 121
77 146
77 162
77 241
77 330
77 358
77 361
77 373
77 432
78 79
78 218
78 377
78 405
79 100
79 111
79 112
79 126
79 127
79 154
79 157
79 382
79 384
79 498
80 88
80 150
80 203
80 321
80 323
80 481
81 168
81 253
81 387
81 444
82 101
82 216
82 256
82 259
82 283
82 402
82 412
82 490
83 158
83 182
83 203
83 288
83 420
83 429
84 130
84 133
84 252
84 321
84 498
85 147
85 249
85 260
85 304
85 328
85 462
85 471
86 92
86 275
86 317
86 362
86 486
86 496
87 112
87 122
87 170
87 210
87 269
87 305
87 319
87 320
87 382
87 466
88 205
89 118
89 319
89 330
89 406
89 428
89 476
90 242
90 306
91 106
91 174
91 217
91 258
91 261
91 357
92 185
92 315
92 344
92 384
92 431
93 117
93 234
93 379
94 125
94 242
94 258
94 268
94 358
94 382
95 107
95 139
95 176
95 192
95 225
95 230
95 279
95 301
95 306
95 393
95 488
96 108
96 134
96 188
96 209
96 306
96 386
96 424
96 437
96 460
96 484
97 163
97 199
97 223
97 236
97 380
97 429
98 131
98 235
98 261
98 319
98 357
98 458
99 131
99 180
99 474
99 498
100 116
100 172
100 259
100 280
100 291
100 387
100 454
100 482
101 109
101 168
101 292
101 430
102 149
102 207
102 306
102 466
102 481
103 200
103 398
103 414
103 431
103 454
103 469
103 478
104 223
104 277
104 458
104 496
105 155
105 234
105 283
105 297
105 360
105 472
105 494
106 142
106 253
106 254
106 398
106 422
107 153
107 216
107 240
108 232
108 335
108 368
108 499
109 221
109 280
109 338
109 360
109 401
109 417
109 466
110 215
110 256
110 478
111 181
111 263
111 303
111 362
112 270
112 384
112 407
112 492
113 144
113 160
113 402
114 338
114 430
115 302
115 370
115 460
116 149
116 243
116 244
116 245
116 249
116 357
116 362
116 417
117 182
117 266
117 309
117 350
117 424
117 498
118 145
118 146
118 252
118 276
118 300
118 402
118 429
118 495
119 196
119 265
119 295
119 370
119 378
119 435
120 159
120 249
120 290
120 362
120 383
120 410
120 424
120 443
120 447
121 392
121 486
122 149
122 217
122 254
122 466
122 495
123 141
123 146
123 159
123 198
123 207
123 276
123 335
123 383
123 389
123 450
124 126
124 128
124 209
124 218
124 250
124 273
124 404
124 419
124 439
124 478
125 128
125 215
125 228
125 239
125 306
125 353
125 492
126 150
126 167
126 196
126 312
126 379
126 396
126 428
126 485
127 228
127 254
127 260
127 304
127 339
127 353
127 443
127 459
127 465
128 190
128 205
128 216
128 229
128 447
128 466
128 476
129 139
129 173
129 242
129 243
129 250
129 255
129 356
130 353
130 367
130 397
130 449
130 481
131 168
131 226
131 228
131 279
131 357
131 498
132 237
132 322
132 419
132 458
133 314
133 432
133 476
134 161
134 164
134 174
134 189
134 230
135 178
135 244
136 186
136 196
136 300
137 159
137 218
137 257
137 278
137 292
137 398
138 301
138 336
138 372
138 450
139 145
139 153
139 216
139 302
139 403
139 418
139 458
139 497
140 181
140 305
140 395
141 203
141 268
141 273
142 159
142 166
142 200
142 223
142 276
142 314
142 332
142 377
142 421
142 485
143 181
143 206
143 320
144 193
144 243
144 267
144 329
144 339
144 376
144 431
144 488
144 495
145 210
145 315
145 444
145 474
146 177
146 267
146 317
146 415
146 437
146 451
146 475
147 252
147 264
147 309
147 349
147 369
147 370
147 479
148 181
148 204
148 227
148 278
148 442
148 455
149 169
149 201
149 212
149 310
149 329
150 236
150 241
150 253
150 288
150 312
150 422
150 448
151 192
151 205
151 280
151 297
151 354
151 360
151 397
152 264
152 412
152 432
152 452
153 198
153 220
153 259
153 289
153 319
153 358
153 384
153 388
153 428
153 473
154 198
154 275
154 305
154 344
154 494
155 158
155 218
155 273
155 288
155 309
155 368
155 481
156 182
156 339
156 390
156 398
156 419
156 420
156 487
157 387
157 415
157 418
157 474
158 223
158 288
158 487
159 240
159 325
159 361
159 366
159 464
160 191
160 214
160 242
160 245
160 429
161 171
161 326
162 175
162 415
162 424
163 192
163 466
163 469
164 200
164 237
164 245
164 295
164 311
164 353
164 477
165 172
165 316
165 354
165 485
166 228
166 256
166 268
166 270
166 415
166 466
167 282
167 291
167 338
167 403
167 450
168 188
168 210
168 235
168 248
168 275
168 317
168 355
168 383
168 386
168 479
168 493
169 225
169 270
169 291
169 355
169 423
170 225
170 293
170 294
170 498
171 422
171 467
172 371
172 393
172 413
172 420
173 235
173 349
173 417
173 445
173 448
173 475
173 491
174 257
174 304
174 333
174 349
174 436
174 489
174 499
175 303
175 337
175 421
175 428
175 472
176 319
176 323
176 448
177 202
177 252
177 384
178 299
178 316
178 350
178 424
179 191
179 272
179 275
179 290
179 310
179 328
179 480
180 190
180 197
180 246
180 247
180 304
180 471
180 488
181 298
181 349
181 464
182 240
182 321
182 325
182 376
182 409
183 234
183 300
183 420
183 447
184 229
184 281
184 317
184 366
184 396
184 428
185 188
185 254
185 377
186 188
186 204
186 244
186 264
186 301
186 326
186 389
186 438
186 444
186 466
186 470
187 236
187 293
187 342
187 434
188 408
188 446
188 450
188 460
189 230
189 231
189 235
189 270
189 276
189 291
189 320
189 363
189 403
189 413
190 238
190 395
190 433
190 463
190 476
191 209
191 258
191 286
191 303
191 386
191 475
191 488
191 499
192 193
192 198
192 287
192 391
193 209
193 284
193 400
193 418
194 196
194 218
194 273
194 286
194 306
194 308
194 365
194 475
194 487
195 292
195 324
195 387
196 246
196 340
196 353
197 209
197 279
197 287
197 367
197 399
197 406
197 425
197 434
197 437
197 445
197 471
197 484
198 200
198 286
199 226
199 329
199 347
200 264
200 426
200 435
201 222
201 257
201 321
201 391
202 254
202 373
202 447
202 468
202 479
202 491
203 220
203 250
203 427
203 457
204 218
204 260
204 269
204 335
205 293
205 303
205 409
205 415
205 468
205 471
206 219
206 251
206 259
206 275
206 288
206 309
207 335
207 352
207 480
207 488
208 333
209 229
209 252
209 316
210 290
210 340
210 352
210 372
211 242
211 304
211 309
211 318
211 323
211 330
211 461
212 231
212 260
212 264
212 386
212 433
212 437
212 470
213 235
213 290
213 414
213 456
214 292
214 320
214 323
214 356
214 431
214 487
215 363
215 461
216 278
216 287
216 307
216 391
216 409
217 362
217 497
218 229
218 242
218 353
218 398
218 440
218 441
218 497
219 251
219 329
219 408
219 472
220 230
220 484
221 270
221 442
223 252
223 278
224 242
224 295
224 307
224 468
224 497
225 281
225 374
225 407
225 412
226 251
226 271
226 330
226 429
226 489
226 490
227 251
227 266
227 451
227 460
228 244
228 334
228 339
228 474
229 240
229 254
229 404
230 325
230 326
230 459
231 262
231 267
231 298
231 375
231 401
231 403
232 248
232 266
232 401
232 491
233 283
234 483
235 251
235 318
235 373
235 443
236 254
236 316
236 317
236 436
236 477
237 297
237 364
237 369
237 393
237 469
238 361
239 384
239 438
240 254
240 297
240 409
240 410
240 450
240 497
241 252
241 307
241 324
241 433
242 254
242 259
242 299
242 334
242 382
242 398
242 419
242 432
242 450
243 278
243 296
243 382
243 393
243 395
243 405
243 417
243 443
244 267
244 277
244 459
245 276
245 355
245 359
246 250
246 465
246 490
247 306
247 368
247 409
247 426
248 259
248 295
248 301
248 344
248 378
248 433
249 259
249 273
249 285
249 310
250 299
250 316
250 380
250 460
250 484
251 349
251 408
251 423
251 475
252 298
252 313
253 323
253 428
253 450
255 310
255 315
255 341
256 424
256 448
256 498
257 356
257 398
257 399
258 341
258 414
258 452
259 261
259 312
259 403
259 439
259 443
259 462
260 284
260 348
260 385
262 270
262 288
262 327
262 344
262 352
263 310
263 363
263 466
264 343
264 394
265 300
265 326
265 341
265 359
265 364
265 414
265 452
266 299
266 311
266 329
266 367
266 384
266 480
267 274
267 350
267 364
267 471
268 342
268 400
268 468
269 339
269 347
269 395
269 428
269 440
269 459
269 477
270 288
270 290
270 370
270 399
270 477
270 489
270 491
271 286
271 323
271 493
272 456
272 481
272 489
273 439
273 474
274 313
274 351
274 422
274 427
275 288
275 369
275 404
275 428
275 443
275 451
276 305
276 324
276 357
276 448
277 314
277 343
277 372
278 282
278 342
278 353
279 314
279 352
279 375
279 384
279 414
279 453
279 483
280 326
280 357
280 435
281 356
281 414
281 432
282 288
282 339
282 347
282 356
282 361
282 369
282 467
282 475
282 495
282 498
283 319
283 452
284 324
284 335
284 383
284 472
284 479
285 360
285 361
285 364
285 385
285 390
286 293
286 330
286 472
287 319
287 357
287 363
287 371
287 443
287 480
288 364
288 401
288 458
289 364
289 461
289 472
289 495
290 299
290 377
291 319
291 444
292 307
292 361
292 375
292 413
292 449
292 498
293 351
293 414
294 345
294 364
294 402
294 447
294 472
295 319
295 372
295 377
296 429
296 449
296 480
297 340
297 379
297 496
298 325
298 463
298 469
299 334
299 359
299 368
299 406
300 302
300 410
301 367
302 399
304 405
305 404
305 458
306 315
306 442
306 455
306 491
307 366
308 335
308 367
309 455
309 456
309 475
309 496
310 312
310 375
310 424
311 490
312 327
313 330
313 332
313 412
313 437
314 331
314 460
314 482
315 317
315 361
315 403
315 423
315 430
316 331
316 364
316 391
316 495
317 406
317 455
317 460
318 425
318 429
318 449
319 331
319 353
319 456
320 394
320 496
321 370
321 473
322 384
322 445
322 458
322 489
323 325
323 440
324 329
324 414
324 428
324 469
324 470
325 366
325 376
325 459
325 484
326 493
327 330
327 367
327 463
328 360
328 422
328 490
329 360
329 385
329 395
330 383
330 430
331 402
331 422
331 477
332 366
333 343
333 383
333 401
333 412
334 406
334 410
335 377
335 434
335 438
336 409
336 443
336 458
337 355
337 423
337 441
338 367
338 454
339 358
339 423
339 427
339 481
340 422
340 492
341 397
341 402
342 373
343 460
343 474
345 388
345 429
345 461
347 481
348 485
349 416
351 473
352 453
353 403
353 427
354 376
354 400
354 452
354 465
355 407
355 417
355 471
356 429
356 471
356 483
356 487
357 396
358 459
358 461
359 459
359 482
360 376
360 377
361 424
364 367
364 408
364 494
365 368
365 422
365 497
366 482
367 412
367 419
367 437
369 430
369 433
370 406
370 458
370 465
371 399
373 398
373 424
373 437
373 481
374 487
374 492
375 417
376 429
377 474
377 476
378 453
378 457
379 424
380 428
381 382
381 412
382 398
382 454
382 464
383 433
383 495
384 400
384 456
384 473
387 432
387 452
389 440
389 448
389 460
390 414
390 425
391 489
391 495
392 427
392 449
393 407
393 431
393 469
393 482
394 412
394 425
394 429
394 459
394 482
394 492
394 497
395 406
396 411
396 488
397 459
398 498
399 403
399 404
400 431
400 482
401 471
402 429
403 413
403 463
405 429
405 483
406 441
406 459
407 428
409 453
410 438
410 462
410 480
413 451
413 498
419 431
419 486
420 486
420 497
422 423
425 483
428 435
428 446
428 487
429 467
430 460
430 494
431 437
432 497
432 498
433 475
434 447
435 487
436 467
441 456
441 485
444 488
445 455
445 489
446 465
447 455
447 470
449 467
450 462
450 495
451 456
452 499
454 476
461 488
461 498
464 471
465 490
467 485
475 479
475 484
478 479
480 483
481 487
484 498
490 497
491 494
491 498
