0
500
1910
0
1
0
0 11
0 27
0 105
0 272
0 365
0 414
0 447
0 493
1 41
1 63
1 91
1 148
1 176
1 179
1 222
1 250
1 290
1 318
1 321
1 341
2 14
2 165
2 343
2 354
2 390
3 72
3 82
3 221
3 281
3 396
3 416
3 425
3 473
3 499
4 15
4 43
4 46
4 98
4 136
4 252
4 297
4 340
4 382
4 399
5 83
5 180
5 199
5 451
5 473
5 481
6 129
6 145
6 183
6 262
6 268
6 277
6 390
6 442
7 18
7 47
7 64
7 151
7 162
7 196
7 252
7 287
7 428
8 29
8 91
8 131
8 150
8 248
8 379
8 434
8 470
8 483
9 31
9 56
9 121
9 166
10 40
10 185
10 282
10 284
10 350
10 351
10 428
10 495
11 139
11 207
11 233
11 376
11 379
11 383
11 488
12 46
12 64
12 92
12 369
12 385
12 397
12 400
13 16
13 142
13 210
13 243
13 311
13 319
13 338
13 380
13 412
13 460
14 55
14 76
14 387
14 438
14 455
14 471
15 46
15 103
15 308
15 346
15 394
15 451
16 37
16 52
16 240
16 246
16 322
16 427
16 443
17 31
17 34
17 78
17 152
17 188
17 192
17 222
17 363
17 391
17 394
17 403
17 485
18 56
18 116
18 129
18 170
18 185
18 328
18 349
18 358
18 407
18 471
19 88
19 125
19 141
19 147
19 264
19 271
19 275
19 337
20 293
20 335
20 357
20 394
20 396
21 36
21 52
21 95
21 130
21 141
21 147
21 169
21 318
21 394
22 62
22 102
22 146
22 185
22 186
22 197
22 236
22 283
22 372
22 391
22 497
23 60
23 83
23 176
23 228
23 314
23 374
23 384
24 58
24 222
24 316
24 327
24 372
24 413
25 144
25 166
25 232
25 303
25 381
25 492
26 28
26 171
26 185
26 253
26 265
26 356
26 380
26 417
26 450
27 48
27 108
27 204
27 291
27 305
27 387
27 476
27 482
28 142
28 253
28 288
28 421
29 228
29 229
29 238
30 69
30 84
30 262
30 301
30 307
30 418
30 426
31 64
31 196
31 240
31 326
31 391
31 494
32 194
32 207
32 267
32 360
32 415
32 459
32 485
33 138
33 150
33 249
33 344
33 444
34 96
34 190
34 200
34 269
34 363
35 65
35 113
35 121
35 148
35 250
35 319
35 328
36 95
36 144
36 196
36 337
36 347
36 439
36 452
37 48
37 94
37 220
37 320
37 336
37 380
37 400
37 464
38 63
38 66
38 76
38 151
38 173
38 374
38 444
39 42
39 105
39 106
39 150
39 495
40 115
40 190
40 380
40 484
41 110
41 225
41 287
41 358
41 418
41 466
41 481
42 64
42 92
42 157
42 377
42 476
43 158
43 301
43 376
43 382
43 448
43 474
43 490
44 65
44 252
44 365
44 441
44 481
45 54
45 175
45 185
45 209
45 236
45 324
45 345
45 366
45 410
46 157
46 183
46 484
47 56
47 70
47 140
47 235
47 243
47 252
47 279
47 298
47 302
47 364
47 389
47 402
47 404
47 445
48 143
48 201
48 231
48 235
48 250
48 285
48 372
48 419
49 78
49 79
49 114
49 369
50 76
50 78
50 109
50 281
50 305
50 356
50 360
50 413
50 450
51 54
51 173
51 201
51 206
51 368
51 381
51 385
51 392
51 409
51 412
52 56
52 154
52 162
52 171
52 354
52 360
52 458
53 135
53 152
53 289
53 323
53 445
54 299
54 374
54 401
54 485
55 255
55 258
55 290
55 296
55 297
55 329
56 110
56 191
56 216
56 267
56 321
56 424
57 123
57 124
57 138
57 212
57 227
57 349
57 360
57 431
57 457
58 95
58 170
58 213
58 214
58 234
58 252
58 366
58 387
58 438
58 449
59 157
59 352
59 355
59 439
60 81
60 86
60 135
60 203
60 278
60 296
60 297
60 340
60 341
60 347
60 365
60 435
60 451
60 452
61 106
61 116
61 162
61 173
61 177
61 217
61 324
61 369
61 395
62 103
62 144
62 182
62 425
62 434
63 100
63 279
63 374
63 415
63 476
64 180
64 207
64 294
64 348
64 428
64 495
65 100
65 110
65 131
65 177
65 240
65 276
65 306
65 359
65 379
65 458
66 191
66 198
66 216
66 224
66 260
66 333
66 343
67 68
67 78
67 110
67 118
67 126
67 159
67 240
67 291
67 336
67 353
67 354
67 364
67 367
67 435
67 456
68 82
68 218
68 239
68 300
68 315
68 467
69 95
69 259
69 347
69 372
69 411
69 450
70 73
70 79
70 80
70 91
70 135
70 171
70 268
70 456
71 100
71 109
71 110
71 193
71 202
71 297
71 366
72 86
72 425
72 437
72 493
73 117
73 166
73 310
73 366
73 424
74 104
74 119
74 198
74 411
75 175
75 266
75 287
75 409
75 421
75 463
76 92
76 94
76 108
76 125
76 163
76 168
76 249
76 341
77 110
77 139
77 158
77 242
77 253
77 289
77 363
77 413
77 433
77 445
77 457
78 84
78 86
78 327
78 377
79 116
79 242
79 259
79 291
79 496
80 93
80 419
81 103
81 236
81 296
81 304
82 183
82 193
82 257
82 301
82 375
83 183
83 315
83 396
83 404
83 458
84 96
84 145
84 182
84 226
84 232
84 251
84 307
84 422
84 451
84 467
85 105
85 139
85 269
85 290
86 120
86 149
86 150
86 269
86 280
86 285
86 319
86 421
86 450
86 493
87 406
87 432
87 466
88 103
88 104
88 259
88 286
88 323
88 341
88 367
88 494
89 141
89 211
89 342
89 433
90 304
90 341
90 361
90 494
91 115
91 158
91 160
91 230
91 248
91 313
91 357
91 396
91 403
92 127
92 333
92 334
92 396
92 428
92 491
93 311
93 355
93 418
93 440
93 454
94 161
94 181
95 147
95 220
95 223
95 340
95 436
95 457
96 348
96 385
96 442
97 127
97 131
97 312
97 459
98 120
98 147
98 172
98 223
98 273
99 106
99 136
99 382
99 499
100 143
100 153
100 252
100 354
100 359
100 434
100 467
100 488
101 131
101 251
101 332
101 333
101 348
101 350
101 403
101 475
102 168
102 240
102 246
102 411
103 106
103 115
103 197
103 329
104 116
104 174
104 224
104 248
104 339
104 414
104 453
105 163
105 321
105 373
105 480
106 170
106 188
106 244
106 287
106 409
107 166
107 209
107 222
107 281
107 289
107 306
107 307
107 404
107 408
108 160
109 154
109 271
109 356
109 379
109 384
109 454
109 462
110 114
110 150
110 166
110 277
110 329
110 373
110 386
110 463
111 177
111 221
111 309
111 367
111 420
111 451
112 150
112 195
112 273
112 289
112 329
112 481
112 491
112 499
113 279
113 335
113 374
114 373
115 199
115 206
115 232
115 310
115 322
115 332
115 383
115 474
115 486
116 355
116 465
117 140
117 180
117 206
117 344
117 394
117 453
118 136
118 143
118 218
118 303
118 386
118 398
118 400
118 471
119 255
119 317
119 419
120 221
120 275
120 295
120 472
120 494
120 496
121 141
121 275
121 278
121 289
121 338
121 354
121 463
122 388
122 463
122 472
123 176
123 208
123 230
123 298
123 364
123 375
123 437
123 481
124 179
124 313
124 328
124 482
125 138
125 178
125 200
125 307
125 354
125 389
125 418
125 443
125 482
126 175
126 331
126 335
126 445
126 465
127 154
127 169
127 228
127 305
128 135
128 233
128 395
128 398
128 421
128 424
129 235
129 415
129 416
129 426
129 428
129 495
130 147
130 212
130 230
130 258
130 261
130 352
130 365
131 237
131 268
131 339
131 357
131 461
132 206
132 221
132 224
132 299
132 486
133 142
133 218
133 266
133 336
133 396
133 458
133 499
134 148
134 166
134 193
134 194
134 257
135 182
135 234
135 252
135 318
135 400
136 281
136 318
136 414
136 470
137 235
137 296
137 387
137 400
137 454
138 141
138 259
138 337
138 356
138 389
138 482
139 217
139 266
139 287
139 317
139 350
139 466
140 169
140 195
140 215
140 294
140 336
140 372
141 304
141 318
141 458
142 285
142 325
142 342
142 382
142 384
142 413
143 161
143 224
143 239
143 407
143 457
143 474
144 170
144 211
144 253
144 356
144 388
144 438
144 474
145 214
145 381
145 456
146 191
146 212
146 289
146 464
147 210
147 295
147 320
148 246
148 259
148 295
148 329
148 340
148 383
148 493
148 499
149 317
149 334
149 359
149 396
149 496
150 196
150 246
150 257
150 298
150 345
150 383
150 465
151 157
151 261
151 353
151 390
151 472
152 177
152 265
152 289
152 376
152 464
152 469
152 475
153 191
153 215
153 260
153 324
153 338
154 174
154 193
154 280
154 284
154 294
155 442
155 466
155 476
156 279
156 297
157 158
157 204
157 299
157 378
157 482
158 204
158 252
158 410
159 224
159 246
159 263
159 375
159 380
159 399
159 436
160 213
160 218
160 248
160 350
160 371
161 335
161 369
161 431
162 183
162 272
162 285
162 293
162 362
162 368
162 381
163 235
163 388
163 397
163 414
163 425
163 430
163 462
163 463
163 485
164 264
164 282
164 322
164 341
165 183
165 337
165 397
165 464
166 235
166 250
166 276
166 349
166 385
166 387
166 393
166 447
166 492
167 410
168 278
168 358
168 373
168 400
168 412
169 173
169 424
169 454
169 482
169 485
169 489
170 181
170 184
170 187
170 230
170 239
170 263
170 303
170 337
170 338
170 354
170 420
170 483
171 334
171 405
171 465
172 198
172 246
172 296
172 375
172 493
173 314
173 441
173 459
173 481
174 253
174 257
174 335
174 354
174 398
175 191
175 287
175 294
175 312
175 316
175 319
175 395
175 454
175 471
176 198
176 287
176 343
176 361
177 213
177 336
177 340
177 451
177 475
178 182
178 185
178 265
179 299
179 373
179 421
180 244
180 308
180 349
180 374
180 443
180 453
181 237
181 442
181 492
182 192
182 338
182 412
182 469
183 368
183 406
183 407
183 454
183 468
184 266
184 407
185 194
185 295
185 364
185 376
186 239
186 251
186 304
186 346
186 458
187 234
187 262
187 265
187 312
187 394
187 411
188 316
188 417
189 359
189 430
189 469
189 488
189 493
190 228
190 234
190 235
190 239
192 289
192 385
192 405
192 418
192 435
193 194
193 320
193 333
193 334
193 358
193 468
194 280
194 287
194 300
194 348
194 371
194 445
194 499
195 225
195 368
195 375
196 236
196 269
196 312
196 354
197 206
197 235
197 286
197 301
197 348
197 354
197 441
198 268
198 295
198 410
198 491
199 260
199 285
199 387
199 434
199 450
200 201
200 329
200 341
200 447
200 494
200 495
200 496
201 344
201 355
201 491
201 498
202 267
202 277
202 373
203 318
203 436
203 452
203 494
204 267
204 343
204 395
204 425
204 484
205 272
205 281
205 425
205 455
206 313
206 357
206 391
207 208
207 227
207 297
207 323
207 390
208 210
208 245
208 316
208 376
208 399
208 432
208 446
208 451
208 498
209 211
209 451
209 465
210 234
210 252
210 381
210 387
210 397
211 245
211 284
211 326
211 338
211 372
212 341
212 362
212 441
212 497
213 219
213 276
213 367
213 368
214 222
214 223
214 466
215 224
215 239
215 336
215 372
215 417
215 432
216 240
216 248
216 252
216 266
216 294
216 297
216 299
216 329
216 444
216 483
216 494
217 386
217 444
217 452
218 345
218 408
218 492
219 233
219 388
219 476
220 312
220 324
220 360
220 366
222 285
222 297
222 349
222 351
222 356
223 244
223 326
223 338
223 389
223 394
223 422
223 425
224 353
224 363
224 416
224 491
225 233
225 238
225 318
225 357
225 392
225 446
225 455
226 235
226 389
226 460
227 253
227 273
228 426
228 470
229 284
229 332
229 412
229 422
230 312
230 313
230 345
230 389
230 448
230 497
231 282
231 309
231 414
231 448
232 390
232 457
233 242
233 335
233 368
233 415
233 452
234 343
234 379
234 428
235 287
235 396
235 469
236 387
237 313
238 244
238 342
238 372
238 415
238 435
238 445
239 309
239 455
240 265
240 346
240 376
240 402
240 411
240 464
240 483
240 488
241 281
241 344
241 364
241 404
241 408
241 467
242 329
242 387
242 393
242 430
242 445
242 474
242 484
242 488
243 283
243 342
243 391
243 402
244 297
244 334
244 469
245 253
245 339
245 347
245 378
245 392
245 441
246 248
246 261
246 381
247 347
247 375
247 378
247 386
248 249
248 318
248 395
248 422
249 272
249 465
249 468
250 272
250 316
250 327
250 379
250 403
250 432
250 440
250 469
250 470
250 478
250 488
251 337
251 426
252 285
252 305
252 398
252 420
253 313
253 429
253 449
253 488
254 279
254 299
254 326
254 382
254 398
254 437
255 411
255 431
256 288
256 313
256 346
256 455
257 268
257 388
257 412
257 449
258 297
258 342
258 446
259 327
259 476
260 399
260 463
261 429
262 352
263 319
263 358
263 360
263 386
263 462
263 473
263 487
264 274
264 282
264 296
264 443
264 461
264 472
265 462
265 481
266 357
266 448
266 459
266 473
267 342
267 392
267 443
267 448
267 494
268 283
268 329
268 465
269 441
270 426
270 481
271 280
271 313
271 418
271 452
272 328
272 337
272 338
272 364
272 389
272 474
273 276
273 279
274 395
274 403
274 457
274 467
275 356
275 358
275 369
275 378
275 388
275 471
276 404
276 434
276 443
277 422
278 335
278 343
278 402
278 442
278 490
279 413
280 320
280 335
280 347
281 342
281 445
281 457
282 380
282 450
282 475
283 343
283 407
283 448
284 437
285 306
285 409
286 299
286 333
286 350
286 374
286 395
286 458
286 488
287 416
287 444
287 447
288 301
288 334
288 496
290 441
290 455
291 299
291 307
291 335
291 338
291 385
291 400
291 419
291 427
291 449
292 319
292 325
292 357
292 421
292 439
292 457
293 301
293 372
293 493
294 437
295 306
295 351
295 392
295 412
295 430
295 488
296 371
296 431
296 457
296 488
297 497
298 399
298 413
298 421
298 436
298 485
299 374
299 443
300 340
300 343
300 423
301 305
301 368
301 435
301 443
301 477
302 443
304 347
304 419
304 452
305 351
305 355
305 387
305 482
305 497
306 358
306 421
306 431
306 480
307 372
307 420
307 431
307 460
308 448
309 329
309 402
309 460
310 317
310 349
310 397
310 460
311 350
311 361
312 339
312 375
312 377
312 384
312 472
314 346
314 471
314 474
315 333
315 361
315 382
315 393
316 466
317 358
317 375
317 390
317 435
317 462
317 482
317 497
318 325
318 333
318 341
318 376
319 433
319 462
319 477
320 379
321 358
321 439
322 331
322 459
322 481
323 404
323 430
324 362
324 379
324 390
324 411
325 359
325 430
325 454
326 365
326 384
327 347
327 370
327 430
327 460
327 480
328 346
328 415
328 454
329 347
329 370
329 442
330 366
330 375
330 414
331 334
331 376
331 455
331 456
331 479
332 377
332 439
332 476
333 366
334 352
334 385
334 386
334 403
334 425
335 339
335 440
335 489
337 352
337 390
337 488
338 419
338 450
339 359
340 417
340 434
340 462
341 348
341 376
341 379
341 445
341 494
342 365
342 446
343 357
343 358
343 406
343 443
343 467
343 490
344 354
345 421
346 441
346 446
348 357
348 376
348 413
349 363
349 493
350 358
350 387
350 472
350 499
351 393
351 441
351 467
351 489
351 496
351 497
353 376
353 498
354 373
354 375
354 467
354 498
355 449
355 470
356 396
356 409
357 454
358 410
359 361
359 383
359 401
359 431
359 452
359 484
360 454
360 497
361 433
362 403
362 410
363 437
364 373
364 415
364 422
364 461
365 383
365 385
365 448
366 370
366 387
366 409
366 456
366 493
367 383
367 433
367 470
368 370
368 437
368 462
370 466
370 481
371 385
372 398
372 452
373 390
373 413
373 464
373 469
375 469
376 383
376 455
376 466
377 381
377 401
377 443
377 463
377 476
378 409
378 440
379 430
379 437
380 452
380 478
382 410
382 480
384 444
385 438
386 398
386 447
386 473
386 474
386 491
387 431
387 457
387 459
387 479
389 409
389 415
389 425
389 479
389 487
390 435
390 442
391 489
392 413
393 453
393 481
393 489
394 416
394 417
395 403
395 434
396 431
396 435
396 460
396 499
397 461
398 455
400 420
401 484
404 466
404 478
405 440
405 441
406 495
408 434
408 442
408 492
409 443
409 449
410 445
410 453
410 486
411 473
414 431
415 482
417 462
417 487
419 472
420 479
422 483
424 496
425 443
426 499
428 486
431 467
431 468
431 496
432 443
433 450
434 479
434 486
436 442
436 484
437 461
438 440
438 441
441 454
441 495
441 496
443 451
444 454
444 498
445 460
445 462
445 467
445 479
446 455
447 495
448 460
448 473
451 489
454 464
455 484
456 470
457 474
460 471
460 472
461 483
466 496
468 493
470 490
471 497
472 487
473 477
473 485
473 496
474 478
476 488
484 494
487 490
488 496
492 495
