0
500
2416
0
1
0
0 8
0 10
0 167
0 180
0 218
0 383
1 80
1 108
1 133
1 187
1 221
1 229
1 339
1 349
2 25
2 60
2 152
2 295
2 314
2 341
2 347
2 357
2 384
2 487
3 62
3 102
3 144
3 151
3 177
3 318
3 339
3 381
3 428
3 466
4 19
4 45
4 49
4 137
4 158
4 198
4 207
4 327
4 335
4 413
5 97
5 167
5 179
5 242
5 260
5 340
5 353
5 453
5 480
6 23
6 67
6 74
6 88
6 222
6 254
6 282
6 285
6 319
6 336
6 391
6 394
6 420
6 444
6 488
7 36
7 233
7 249
7 282
7 301
7 359
7 369
7 476
8 30
8 73
8 123
8 225
8 228
8 241
8 280
8 285
8 300
8 413
9 168
9 198
9 212
9 266
9 282
9 340
9 358
10 58
10 157
10 160
10 189
10 258
10 269
10 281
10 306
10 325
10 374
10 422
10 488
11 148
11 172
11 251
11 352
11 388
11 397
11 401
11 404
12 160
12 320
12 407
12 454
12 459
13 16
13 98
13 180
13 339
13 369
13 394
13 409
13 411
14 22
14 85
14 213
14 297
14 310
14 453
14 475
14 499
15 210
15 237
15 243
15 271
15 274
15 335
15 368
15 495
16 76
16 78
16 148
16 154
16 172
16 193
16 200
16 232
16 290
16 328
17 39
17 60
17 144
17 360
17 455
17 456
18 43
18 106
18 132
18 159
18 168
18 223
18 283
18 306
18 368
18 460
19 64
19 204
19 217
19 225
19 282
19 329
19 330
19 368
19 414
19 463
19 480
20 34
20 84
20 235
20 290
20 301
20 360
20 389
20 408
20 418
21 82
21 142
21 158
21 249
21 370
21 396
21 441
21 461
21 489
21 492
22 57
22 113
22 260
22 318
22 451
23 215
23 227
23 270
23 299
23 314
23 390
23 391
23 404
23 449
24 31
24 49
24 89
24 90
24 118
24 121
24 229
24 264
24 277
24 290
24 362
24 388
24 487
24 489
25 37
25 69
25 145
25 193
25 297
25 344
25 463
25 474
26 37
26 153
26 173
26 239
26 246
26 251
26 273
26 399
27 234
27 295
27 414
27 427
27 449
28 158
28 171
28 192
28 211
28 289
28 360
28 396
28 400
28 430
28 444
28 468
29 40
29 51
29 82
29 114
29 223
29 246
29 309
29 396
29 426
29 461
29 462
29 485
30 102
30 179
30 209
30 216
30 319
30 320
30 357
31 141
31 244
31 308
32 107
32 243
32 257
32 326
32 406
32 427
32 428
33 92
33 94
33 393
33 446
33 452
33 486
34 55
34 148
34 173
34 183
34 227
34 238
34 289
34 294
34 302
34 326
34 346
34 411
34 482
35 104
35 139
35 219
35 302
35 408
35 430
35 496
35 497
36 70
36 126
36 134
36 141
36 251
36 362
36 383
36 384
36 452
36 480
36 483
37 113
37 155
37 233
37 299
37 353
37 429
38 50
38 64
38 158
38 174
38 229
38 241
38 261
38 290
38 325
38 420
39 218
39 265
39 275
39 316
39 371
39 420
39 422
39 444
40 172
40 187
40 188
40 222
40 267
40 300
40 438
41 94
41 158
41 201
41 348
41 382
41 432
41 473
42 68
42 130
42 202
42 220
42 294
42 322
43 64
43 108
43 115
43 119
43 227
43 250
43 351
43 378
43 385
44 130
44 169
44 219
44 223
44 263
44 287
44 307
44 349
44 351
44 383
45 65
45 132
45 172
45 197
45 271
45 349
46 95
46 139
46 177
46 185
47 133
47 139
47 211
47 306
47 367
47 399
47 493
48 174
48 217
48 308
48 367
49 52
49 178
49 238
49 239
49 243
49 256
49 330
49 367
49 384
49 412
49 415
49 443
49 446
49 460
49 482
50 59
50 144
50 152
50 176
50 196
50 320
50 341
50 409
50 415
50 473
51 81
51 89
51 185
51 264
51 313
51 336
51 401
51 423
51 428
51 484
51 495
52 99
52 107
52 198
52 216
52 311
52 363
52 391
52 417
52 449
53 188
53 391
53 409
54 201
54 325
54 387
54 417
54 426
55 87
55 298
55 407
55 481
56 125
56 143
56 170
56 185
56 331
56 376
56 384
56 477
57 60
57 174
57 265
57 330
57 345
58 66
58 139
58 315
58 397
58 468
58 474
58 480
59 142
59 153
59 169
59 442
60 74
60 78
60 85
60 219
60 225
60 258
60 304
60 369
60 389
60 390
60 392
60 417
60 420
61 113
61 138
61 251
61 286
61 397
62 82
62 144
62 175
62 246
62 251
62 290
62 313
62 344
62 473
63 97
63 145
63 304
63 312
63 322
63 348
63 479
64 91
64 111
64 135
64 154
64 297
64 309
64 348
64 387
64 430
65 80
65 92
65 105
65 206
65 208
65 225
65 242
65 251
65 272
65 277
65 335
65 367
65 406
65 414
65 436
65 450
65 466
65 482
65 489
66 154
66 158
66 276
66 282
66 295
66 372
66 389
67 103
67 132
67 206
67 241
67 244
67 251
67 264
67 268
67 286
67 337
67 407
67 425
68 93
68 100
68 173
68 235
68 260
68 288
68 300
68 324
68 333
68 343
68 421
69 183
69 283
69 381
69 418
69 443
69 465
69 482
70 104
70 194
70 299
70 448
70 487
71 72
71 132
71 149
71 183
71 191
71 305
71 453
72 198
72 208
72 264
72 354
72 356
72 377
72 456
72 468
73 94
73 152
73 153
73 218
73 254
73 317
73 431
73 453
74 92
74 124
74 165
74 289
74 339
74 368
75 126
75 171
75 172
75 205
75 215
75 268
75 294
75 323
75 346
75 366
75 430
75 494
76 94
76 108
76 151
76 206
76 264
76 331
76 420
76 427
76 473
77 129
77 220
77 222
77 267
77 346
77 357
77 429
77 442
77 475
77 487
77 494
78 103
78 227
78 315
78 393
78 425
78 435
78 463
79 197
79 199
79 253
79 268
79 280
79 328
79 371
79 410
79 416
79 476
80 115
80 224
80 279
80 352
80 359
80 428
80 433
81 87
81 95
81 133
81 168
81 189
81 218
81 228
81 348
81 397
81 416
81 455
81 482
82 113
82 120
82 219
82 232
82 262
82 409
82 469
83 87
83 91
83 99
83 232
83 239
83 247
83 377
84 109
84 145
84 174
84 369
84 413
84 424
85 315
85 370
85 428
85 432
86 185
86 257
86 270
86 277
86 333
86 340
86 428
86 452
87 119
87 177
87 305
87 384
87 412
87 415
87 419
87 465
88 213
88 221
88 314
88 348
89 97
89 221
89 266
89 279
89 323
89 398
89 442
89 472
89 479
89 485
90 105
90 108
90 209
90 212
90 234
90 314
90 339
90 363
90 393
90 445
90 467
91 109
91 202
91 215
91 289
91 410
91 458
92 279
92 285
92 327
92 333
92 334
92 468
93 224
93 242
93 321
93 425
93 436
93 478
94 139
94 152
94 180
94 210
94 240
94 258
94 358
94 415
94 416
95 119
95 127
95 283
95 323
95 399
95 464
96 175
96 227
96 241
96 415
96 419
96 437
97 99
97 119
97 158
97 164
97 178
97 252
97 292
97 371
97 447
97 477
97 487
98 104
98 107
98 133
98 156
98 160
98 195
98 225
98 388
98 484
99 147
99 245
99 287
99 414
99 427
99 493
99 497
100 165
100 219
100 244
100 323
100 483
101 103
101 118
101 119
101 182
101 245
101 279
101 282
101 348
101 497
102 239
102 247
102 259
102 265
102 303
102 369
102 381
102 408
102 443
102 460
103 126
103 129
103 154
103 207
103 294
103 329
103 412
103 413
103 420
103 449
103 459
103 495
104 151
104 168
104 177
104 186
104 221
104 239
104 240
104 279
104 340
104 437
104 444
104 481
104 482
105 129
105 163
105 248
105 249
105 265
105 275
105 289
105 310
105 324
105 403
105 406
105 432
106 112
106 132
106 197
106 305
106 367
106 418
106 476
106 481
107 126
107 162
107 208
107 288
107 363
107 395
107 460
108 109
108 122
108 142
108 232
108 248
108 274
108 297
108 371
108 373
108 425
109 189
109 193
109 249
109 267
109 277
109 280
109 316
109 335
109 350
109 437
109 475
110 146
110 151
110 213
110 286
110 338
110 373
110 456
110 473
111 117
111 126
111 169
111 242
111 251
111 317
111 339
111 473
112 114
112 164
112 206
112 251
112 303
112 315
112 338
112 387
112 432
112 434
112 485
113 155
113 235
113 285
113 306
113 367
113 386
113 420
113 498
114 214
114 246
114 264
114 274
114 428
114 447
115 116
115 128
115 167
115 240
115 270
115 276
115 290
115 434
116 136
116 210
116 275
116 396
116 402
116 457
116 487
117 227
117 244
117 290
117 301
117 470
117 499
118 170
118 182
118 229
118 253
118 289
118 341
118 402
118 404
119 239
119 268
119 296
119 312
119 347
119 350
119 355
119 413
119 415
119 433
119 448
119 477
120 175
120 212
120 231
120 276
120 338
120 376
120 480
121 129
121 166
121 180
121 186
121 224
121 309
121 322
121 343
122 134
122 187
122 205
122 221
122 320
122 353
122 482
123 221
123 273
123 299
123 318
123 332
123 470
123 480
124 225
124 435
124 442
125 169
125 267
125 286
125 345
126 191
126 239
126 268
126 328
126 476
126 486
126 497
127 148
127 171
127 199
127 202
127 294
127 341
127 377
127 385
128 129
128 154
128 197
128 374
128 436
128 491
129 162
129 184
129 272
129 277
129 292
129 306
129 312
129 322
129 374
129 421
129 495
130 143
130 230
130 295
130 321
130 382
130 383
130 388
130 389
131 144
131 192
131 237
131 242
131 318
131 340
131 438
132 159
132 165
132 179
132 191
132 207
132 210
132 213
132 217
132 252
132 286
132 321
132 353
132 400
132 492
133 159
133 170
133 219
133 253
133 263
133 281
133 287
133 360
133 403
133 415
133 420
133 447
133 474
134 182
134 237
134 267
134 274
134 300
134 323
134 339
134 400
134 419
135 177
135 280
135 283
135 333
135 337
135 419
135 429
135 440
136 176
136 208
136 216
136 228
136 275
136 276
136 290
136 452
136 494
137 156
137 268
137 395
137 409
137 416
137 445
138 177
138 212
138 238
138 283
138 328
138 345
138 430
138 471
138 484
139 168
139 332
139 384
139 454
139 456
139 475
139 483
139 490
139 492
139 498
140 209
140 247
140 258
140 297
140 311
140 349
140 461
141 161
141 357
141 364
141 387
141 442
142 167
142 183
142 190
142 226
142 227
142 267
142 332
142 413
142 418
142 437
142 442
142 450
143 176
143 254
143 395
143 422
143 426
144 168
144 189
144 285
144 307
144 335
144 343
144 369
145 161
145 193
145 261
145 277
145 338
145 478
145 488
146 164
146 174
146 226
146 275
146 293
146 357
146 380
146 469
147 246
147 266
147 387
147 462
148 325
148 331
148 336
149 161
149 276
149 336
149 358
149 397
149 411
149 454
149 472
150 228
150 250
151 196
151 215
151 298
151 300
151 302
151 382
151 392
151 434
151 477
151 497
152 206
152 288
152 298
152 299
152 383
153 190
153 252
153 254
153 269
153 297
153 406
154 161
154 192
154 238
154 282
154 329
154 418
154 495
155 252
155 278
155 361
156 178
156 368
156 414
156 474
156 476
157 188
157 207
157 212
157 260
157 415
158 181
158 198
158 211
158 241
158 302
158 328
158 339
158 388
158 423
159 347
159 371
160 252
160 276
160 292
160 364
160 370
160 427
161 254
161 278
161 304
161 350
161 416
162 181
162 186
162 206
162 260
162 274
162 336
163 180
163 214
163 332
163 419
164 166
164 227
164 297
164 352
164 355
164 412
164 439
164 482
165 198
165 222
165 233
165 339
165 380
165 405
165 413
166 285
166 315
166 369
166 395
166 435
166 442
166 470
167 195
167 197
167 267
167 271
167 347
167 369
167 379
167 407
167 415
167 443
168 191
168 229
168 301
168 363
168 368
169 186
169 218
169 296
169 325
169 376
169 413
169 449
169 473
169 498
170 198
170 225
170 240
170 264
170 315
170 340
170 365
170 435
170 495
171 253
171 311
171 321
171 351
172 333
172 476
173 176
173 250
173 410
173 437
173 451
173 461
173 478
174 199
174 203
174 214
174 238
174 242
174 245
174 279
174 285
174 335
174 374
174 417
174 437
174 447
174 449
175 216
175 222
175 281
175 287
175 301
175 332
175 356
175 393
175 450
175 451
176 307
176 322
176 351
176 360
176 402
176 433
176 497
177 232
177 245
177 468
177 483
177 494
178 223
178 325
178 327
178 328
178 499
179 188
179 298
179 404
179 419
179 479
179 494
179 496
180 209
180 269
180 274
180 325
180 370
180 395
180 468
180 473
181 185
181 346
181 433
181 480
182 229
182 314
182 414
182 488
183 202
183 276
183 326
183 368
183 433
184 279
184 312
184 323
184 402
184 443
184 464
184 469
184 497
185 194
185 207
185 242
185 252
185 348
185 428
185 493
186 222
186 265
186 310
186 479
186 483
186 492
187 277
187 352
187 359
187 382
187 417
187 434
188 238
188 314
188 318
188 363
188 401
189 192
189 232
189 262
189 398
189 426
190 201
190 287
190 292
190 294
190 304
190 312
190 317
190 377
190 405
190 408
191 264
191 287
191 301
191 392
191 465
191 478
192 276
192 290
192 315
192 339
192 448
192 494
193 277
193 293
193 328
193 351
193 442
194 264
194 290
194 340
194 355
194 395
194 472
195 214
195 255
195 292
195 324
195 337
195 347
195 423
195 455
196 290
196 291
196 311
196 399
196 422
196 459
197 234
197 239
197 260
197 405
197 425
197 471
198 264
198 332
198 338
198 380
198 403
199 203
199 214
199 221
199 365
199 408
199 463
200 232
200 241
200 334
200 479
200 498
201 205
201 275
201 332
201 349
201 447
202 211
202 240
202 262
202 334
202 416
202 485
202 495
202 496
203 276
203 277
203 290
203 396
203 436
203 496
203 499
204 206
204 264
204 280
204 373
204 445
204 469
204 487
205 303
205 408
205 416
205 439
206 208
206 231
206 247
206 292
206 294
206 301
206 346
206 347
206 381
206 461
207 260
207 371
207 452
208 246
208 250
208 251
208 276
208 371
208 375
208 383
208 403
208 406
208 455
208 489
209 235
209 244
209 313
209 365
209 370
209 496
210 321
210 342
210 432
211 260
211 277
211 318
211 439
212 250
212 259
212 274
212 365
212 393
212 411
212 468
213 302
213 307
213 308
213 398
213 407
213 444
214 220
214 274
214 279
214 282
214 307
214 310
214 313
214 323
214 333
214 362
214 370
214 407
214 469
214 478
215 265
215 268
215 283
215 303
215 314
215 363
215 432
215 472
216 224
216 243
216 245
216 356
216 372
216 466
216 478
217 267
217 367
218 250
218 267
218 373
218 381
218 421
219 407
220 272
220 330
220 351
220 458
220 474
221 252
221 270
221 318
221 324
221 338
221 470
221 479
222 235
222 238
222 260
222 275
222 314
222 323
222 374
222 404
222 448
222 464
222 481
223 263
223 342
223 366
223 382
223 389
223 402
224 281
224 355
224 405
224 472
224 498
225 250
225 277
225 289
225 309
225 355
225 438
226 270
226 345
226 380
226 381
226 397
226 458
227 245
227 290
227 356
227 416
227 482
227 492
227 496
228 437
229 242
229 261
229 371
229 461
230 278
230 289
230 376
230 417
231 265
231 324
231 351
231 379
231 382
231 441
231 484
232 260
232 341
232 398
232 451
233 264
233 357
233 364
233 396
233 401
234 255
234 267
234 277
234 287
234 396
234 401
234 405
234 471
234 475
234 498
235 251
235 285
235 297
235 418
235 442
236 362
236 415
237 276
237 290
237 314
237 322
237 406
238 241
238 313
238 329
238 440
239 242
239 265
239 346
239 392
239 432
239 434
240 270
240 316
240 333
240 405
240 429
241 280
241 330
241 377
241 415
241 427
241 449
241 488
242 260
242 313
242 387
242 463
242 496
243 465
244 278
244 304
244 334
244 354
244 388
245 458
246 358
246 436
246 497
247 286
247 293
247 308
247 320
247 392
247 397
247 468
248 258
248 328
248 435
248 452
249 412
249 445
249 484
250 317
250 493
251 328
251 398
251 449
251 484
252 272
252 276
252 283
252 285
252 341
252 358
252 395
252 448
252 480
253 296
253 310
253 331
253 457
254 262
254 271
254 279
254 350
254 420
255 256
255 320
255 370
255 448
255 494
256 307
256 311
256 318
256 340
256 361
256 375
256 384
256 461
256 488
257 263
257 293
257 311
257 346
257 375
257 384
258 362
258 408
258 452
258 453
259 269
259 318
259 409
259 492
260 321
260 332
261 358
261 393
261 423
262 278
262 332
262 345
262 364
262 376
262 428
262 446
262 464
262 470
262 494
263 279
263 364
263 375
263 429
263 499
264 356
264 380
264 421
264 474
265 411
265 417
265 424
265 432
265 460
265 463
265 482
266 299
266 314
266 320
266 434
266 460
267 335
267 384
267 399
267 451
268 292
268 300
268 451
268 469
270 293
270 344
270 385
270 401
270 461
270 488
271 291
271 321
271 363
271 417
272 298
272 339
272 389
272 439
272 448
272 494
273 382
273 394
274 320
274 328
274 341
274 460
274 476
275 320
275 365
275 382
276 322
276 354
276 364
276 426
276 430
276 431
276 498
278 348
278 418
278 478
279 283
279 292
279 387
279 467
280 296
280 339
280 404
280 405
280 414
281 283
281 326
281 332
281 339
281 487
282 302
282 348
282 376
282 458
282 469
283 306
283 445
283 487
284 347
284 392
284 410
284 429
284 480
285 356
286 324
286 475
287 423
287 452
287 492
288 357
288 466
289 304
289 311
289 420
289 451
290 293
290 355
290 411
291 342
291 394
291 430
292 336
292 347
292 380
292 399
292 451
292 456
292 460
293 302
293 334
293 349
293 354
293 361
293 445
294 320
295 359
295 368
295 369
295 477
295 485
295 496
296 334
297 445
297 492
298 325
298 460
299 450
299 458
299 463
299 466
300 352
300 417
300 442
301 303
301 319
301 351
301 354
301 366
301 378
301 420
301 426
302 313
302 399
302 425
303 305
303 316
303 323
303 337
303 342
303 355
303 416
303 441
303 450
304 312
304 319
304 353
304 422
305 313
305 320
305 347
305 398
306 350
306 423
306 468
307 310
307 375
307 433
307 456
308 319
308 491
309 317
309 396
309 411
309 418
310 324
310 397
311 357
311 424
311 454
311 467
312 313
312 357
312 435
312 448
313 339
313 347
313 365
313 392
313 400
313 443
313 474
314 392
314 401
314 442
314 452
315 317
315 329
315 401
316 434
316 455
316 469
316 487
317 334
317 352
317 359
317 366
317 388
318 363
318 391
318 424
318 477
318 484
319 354
319 392
319 422
320 392
320 414
320 427
320 441
321 420
321 454
321 479
321 498
322 336
322 359
323 335
323 408
323 439
323 485
323 486
324 348
324 395
324 426
324 442
324 450
324 454
324 457
324 469
324 493
325 387
325 397
325 442
325 465
325 479
326 369
326 375
326 411
326 419
327 355
328 416
328 487
329 494
330 355
330 385
330 481
331 345
331 418
331 440
332 358
332 365
332 380
332 445
333 340
333 346
333 376
333 402
333 424
333 455
333 478
333 482
333 490
334 335
334 355
334 463
335 355
335 365
335 411
335 459
335 472
335 485
336 368
336 457
337 376
337 432
337 495
338 339
338 348
338 460
339 384
339 487
340 363
340 392
340 453
341 342
342 381
342 398
342 424
343 461
344 445
345 405
345 446
345 487
346 416
346 466
347 405
348 402
348 477
349 391
349 436
349 485
349 494
350 452
350 492
351 372
351 375
351 391
352 354
352 374
352 379
352 408
353 432
354 370
354 378
354 405
354 441
355 388
355 423
355 492
356 390
356 474
356 478
357 423
357 460
357 468
357 498
358 415
360 369
360 453
360 467
361 416
361 480
362 454
363 372
363 401
364 412
364 447
364 463
365 422
365 434
365 436
366 394
366 423
366 452
366 490
367 492
368 421
368 458
369 420
369 432
370 380
370 405
370 497
371 372
371 386
371 431
371 457
371 472
372 396
372 405
372 422
372 432
372 448
372 499
373 394
373 453
374 416
374 431
374 479
375 389
375 497
376 489
377 388
377 414
377 428
377 441
377 467
377 469
378 381
378 487
379 403
379 407
379 447
381 423
381 446
382 409
382 410
382 424
383 386
383 396
383 478
384 467
384 471
385 392
385 476
385 489
386 403
387 409
387 465
387 472
388 439
388 482
389 399
389 477
389 498
390 423
391 414
391 454
392 480
393 403
393 433
393 494
394 418
394 478
395 424
395 465
396 397
396 476
397 462
398 444
398 454
398 476
399 437
399 476
400 407
400 435
400 443
401 417
402 427
402 452
402 473
402 486
402 499
403 428
403 450
403 467
403 468
404 419
404 445
404 499
405 451
405 453
405 481
406 441
408 448
408 461
409 466
410 420
410 482
411 428
412 462
413 463
414 428
414 446
414 457
415 421
416 431
417 454
417 492
418 468
418 487
419 484
421 466
423 450
423 459
424 426
424 440
424 445
425 472
426 488
428 499
430 436
430 491
430 492
432 489
433 444
433 458
433 482
434 475
434 485
435 471
436 471
437 466
438 448
438 496
440 463
441 472
442 488
443 446
444 453
447 489
448 462
448 464
448 477
449 490
450 452
450 493
451 489
452 486
454 490
455 471
455 494
456 463
457 459
457 465
458 463
462 497
463 481
465 476
468 479
470 497
471 499
473 484
473 492
474 492
484 486
