0
500
2502
0
1
0
0 6
0 53
0 71
0 122
0 139
0 184
0 185
0 206
0 260
0 351
0 352
0 426
0 441
0 470
0 483
0 485
1 53
1 88
1 147
1 153
1 160
1 175
1 178
1 187
1 279
1 398
1 405
1 430
2 35
2 54
2 93
2 96
2 112
2 132
2 186
2 227
2 254
2 286
2 329
2 466
3 10
3 14
3 94
3 133
3 457
3 459
3 473
3 483
4 44
4 152
4 154
4 192
4 237
4 240
4 285
4 362
4 381
4 428
4 443
4 477
5 11
5 30
5 88
5 110
5 124
5 130
5 208
5 215
5 275
5 324
5 442
5 477
5 478
6 11
6 18
6 84
7 22
7 27
7 116
7 184
7 186
7 298
7 305
7 399
7 461
8 52
8 54
8 61
8 67
8 112
8 363
8 390
8 426
8 479
9 50
9 78
9 81
9 88
9 161
9 171
9 242
9 269
9 291
9 391
9 424
9 474
10 42
10 91
10 107
10 179
10 193
10 279
10 358
10 387
10 421
10 467
11 27
11 49
11 88
11 128
11 239
11 323
11 360
11 389
11 424
12 77
12 116
12 345
12 373
12 376
12 451
13 56
13 85
13 132
13 138
13 153
13 228
13 438
13 465
14 19
14 51
14 95
14 115
14 157
14 226
14 266
14 346
14 361
14 363
14 398
14 452
14 463
15 32
15 205
15 286
15 395
16 25
16 43
16 91
16 176
16 225
16 286
16 301
16 308
16 358
16 419
16 455
17 233
17 241
17 305
17 317
17 320
17 366
17 464
18 59
18 132
18 177
18 188
18 211
18 293
18 373
19 104
19 153
19 192
19 344
19 357
19 362
19 472
20 39
20 44
20 68
20 74
20 99
20 106
20 135
20 172
20 189
20 205
20 323
20 393
20 439
20 463
20 493
21 45
21 100
21 143
21 152
21 182
21 260
21 269
21 424
21 483
22 233
22 256
22 259
22 419
22 451
22 456
22 472
23 63
23 142
23 183
23 213
23 266
23 351
23 483
24 62
24 282
24 308
24 405
24 458
24 468
24 472
24 477
24 499
25 87
25 148
25 170
25 225
25 296
25 338
25 345
25 358
25 386
25 389
25 463
26 41
26 93
26 114
26 160
26 181
26 219
26 236
26 343
26 378
26 393
26 463
27 63
27 124
27 207
27 253
27 298
27 347
27 369
27 398
27 480
27 491
28 61
28 76
28 81
28 139
28 140
28 166
28 179
28 204
28 231
28 278
28 283
28 299
28 382
28 403
28 405
28 438
28 477
29 116
29 182
29 202
29 241
29 278
29 290
29 298
29 344
29 386
29 407
29 430
29 432
29 496
30 45
30 63
30 87
30 113
30 115
30 179
30 219
30 279
30 365
30 380
30 404
30 463
30 479
31 108
31 126
31 250
31 273
31 376
31 396
32 44
32 177
32 181
32 333
32 376
32 397
32 411
32 467
32 471
33 87
33 113
33 192
33 210
33 300
33 307
33 321
33 327
33 373
33 442
34 52
34 209
34 318
34 342
34 356
34 385
34 412
34 483
35 43
35 79
35 134
35 144
35 255
35 304
35 338
35 357
35 381
35 385
35 388
35 415
35 459
35 460
35 478
36 86
36 126
36 352
36 408
36 409
36 473
37 49
37 54
37 104
37 143
37 169
37 218
37 219
37 225
37 269
37 292
37 359
37 469
37 474
38 47
38 84
38 86
38 110
38 170
38 238
38 283
38 396
38 435
38 455
38 473
38 484
38 497
39 79
39 117
39 126
39 147
39 157
39 328
39 378
39 403
39 423
39 450
39 495
40 115
40 117
40 209
41 66
41 80
41 169
41 249
41 266
41 339
41 384
41 386
41 394
41 442
42 121
42 156
42 197
42 312
42 458
42 497
43 56
43 96
43 141
43 208
43 275
43 283
43 394
43 438
43 444
44 46
44 97
44 137
44 194
44 302
44 311
44 339
44 384
44 466
45 49
45 105
45 107
45 165
45 288
45 326
45 353
45 366
45 439
45 467
45 473
45 496
46 66
46 146
46 186
46 272
46 471
46 495
47 60
47 76
47 78
47 94
47 130
47 170
47 179
47 187
47 236
47 281
47 329
47 350
47 415
47 424
47 454
48 110
48 207
48 237
48 275
48 280
48 304
48 418
48 441
48 444
48 476
49 90
49 91
49 102
49 115
49 170
49 181
49 219
49 240
49 301
49 328
49 377
50 51
50 95
50 97
50 117
50 131
50 145
50 148
50 242
50 283
50 321
50 324
50 335
50 375
50 423
50 499
51 104
51 153
51 209
52 226
52 264
52 286
52 292
52 402
52 442
52 497
52 499
53 95
53 241
53 378
53 415
53 477
53 497
54 55
54 103
54 421
54 426
55 79
55 83
55 106
55 116
55 134
55 137
55 140
55 202
55 230
55 248
55 280
55 282
55 331
55 352
55 411
55 429
55 445
55 490
56 83
56 129
56 191
56 279
56 304
56 326
56 360
56 387
56 391
56 395
56 399
56 428
56 489
56 494
57 59
57 159
57 212
57 230
57 251
57 262
57 298
57 322
58 103
58 108
58 146
58 172
58 200
58 203
58 250
58 283
58 344
58 447
58 465
59 88
59 122
59 139
59 257
59 276
59 344
59 366
59 437
60 100
60 142
60 182
60 229
60 245
60 258
60 292
60 302
60 497
61 110
61 254
61 268
61 291
61 295
61 319
61 322
61 393
61 398
61 440
61 480
62 78
62 117
62 130
62 149
62 237
62 353
62 417
62 449
62 454
63 69
63 71
63 134
63 200
63 202
63 228
63 266
63 275
63 278
63 328
63 379
63 408
63 451
63 460
64 66
64 83
64 118
64 285
64 405
64 452
64 497
65 142
65 157
65 165
65 249
65 289
65 304
65 333
65 343
65 406
65 408
65 430
65 443
65 481
66 115
66 131
66 180
66 292
66 368
66 380
67 97
67 123
67 159
67 184
67 194
67 210
67 223
67 241
67 349
67 384
67 441
68 116
68 272
68 319
68 494
69 145
69 213
69 214
69 260
69 262
69 398
69 410
69 438
69 441
70 164
70 192
70 195
70 269
70 282
70 297
70 300
70 345
70 385
71 126
71 127
71 135
71 177
71 240
71 260
71 366
71 372
71 414
71 462
72 144
72 174
72 179
72 192
72 251
72 338
72 362
72 444
72 470
73 190
73 192
73 248
73 270
73 379
73 490
73 493
74 291
74 379
74 413
75 141
75 155
75 202
75 219
75 314
75 334
75 411
75 433
76 81
76 108
76 143
76 183
76 244
76 271
76 272
76 282
76 284
76 341
76 347
76 351
76 361
76 369
76 372
77 84
77 88
77 141
77 171
77 246
77 316
77 328
77 371
77 376
77 448
78 125
78 214
78 226
78 267
78 290
78 321
78 387
78 413
78 468
79 126
79 160
79 204
79 206
79 254
79 341
79 383
79 431
79 447
79 468
79 469
80 109
80 265
80 274
80 313
80 364
80 418
80 423
80 441
81 105
81 123
81 190
81 263
81 470
81 484
81 494
82 156
82 340
82 468
83 154
83 176
83 266
83 384
83 388
83 434
83 462
84 209
84 227
84 323
84 419
84 477
85 123
85 132
85 147
85 158
85 247
85 279
85 393
85 402
85 490
86 93
86 117
86 130
86 152
86 245
86 298
86 330
86 358
86 361
86 475
87 119
87 127
87 137
87 256
87 270
87 271
87 356
87 365
87 426
88 174
88 223
88 232
88 285
88 309
88 315
88 338
88 370
88 430
88 463
88 478
88 486
89 115
89 180
89 184
89 205
89 291
89 378
89 393
90 140
90 148
90 154
90 234
90 251
90 297
90 326
90 351
90 431
90 455
90 473
90 499
91 121
91 213
91 226
91 295
91 312
91 450
92 125
92 130
92 134
92 167
92 201
92 204
92 276
92 344
92 379
92 380
92 477
93 143
93 327
93 375
93 379
93 403
93 406
93 417
93 464
94 113
94 147
94 157
94 164
94 220
94 271
94 479
95 254
95 474
96 109
96 116
96 164
96 166
96 169
96 196
96 205
96 209
96 237
96 245
96 248
96 307
96 327
96 459
97 138
97 222
97 232
97 245
97 260
97 305
97 329
97 420
97 458
97 471
98 144
98 221
98 297
98 322
98 369
98 375
98 423
98 424
98 438
98 485
99 201
99 202
99 215
99 259
99 278
99 318
99 339
99 340
99 380
99 406
99 419
100 347
100 352
100 399
101 227
101 380
102 128
102 149
102 276
102 303
102 311
102 367
102 374
102 422
102 451
102 491
103 169
103 304
103 348
103 406
103 455
104 190
104 194
104 263
104 322
104 346
104 351
104 497
105 159
105 390
105 454
105 499
106 258
106 292
106 486
107 152
107 247
107 307
107 327
107 373
107 421
107 496
108 122
108 181
108 190
108 227
108 391
108 395
108 454
109 142
109 270
109 292
109 352
109 413
109 418
109 464
110 168
110 177
110 195
110 239
110 351
110 369
110 387
110 417
110 467
110 479
111 121
111 132
111 171
111 186
111 231
111 232
111 245
111 291
111 294
111 301
111 319
111 355
111 458
112 236
112 254
112 444
112 488
113 120
113 191
113 237
113 268
113 302
113 330
113 337
114 126
114 128
114 139
114 154
114 157
114 180
114 220
114 247
114 264
114 271
114 273
114 280
114 390
114 427
114 440
114 497
115 151
115 177
115 221
115 234
115 284
115 293
115 304
115 404
116 143
116 147
116 178
116 249
116 259
116 262
116 276
116 291
116 321
116 364
116 465
116 470
116 484
117 144
117 146
117 160
117 193
117 215
117 260
117 362
117 369
117 415
118 125
118 247
118 275
118 278
118 298
118 404
118 471
118 480
119 162
119 202
119 223
119 232
119 303
119 318
119 368
119 404
119 439
119 447
119 469
120 123
120 124
120 160
120 199
120 270
120 283
120 322
120 355
120 420
120 438
120 446
120 491
121 192
121 197
121 199
121 287
121 348
121 353
122 123
122 148
122 278
122 281
122 470
122 471
122 479
122 483
123 240
123 295
123 330
123 346
123 347
124 194
124 198
124 203
124 406
124 469
125 172
125 195
125 262
125 357
125 383
125 418
125 424
125 459
125 469
125 484
126 150
126 227
126 369
126 379
126 433
126 449
126 496
127 160
127 219
127 228
127 360
127 413
127 417
127 428
127 485
127 497
128 131
128 179
128 253
128 302
128 342
128 364
128 462
129 130
129 132
129 145
129 193
129 243
129 256
129 266
129 268
129 311
129 342
129 351
129 474
130 182
130 234
130 244
130 340
130 359
130 377
130 437
130 467
130 481
131 152
131 232
131 288
131 315
131 373
131 495
132 195
132 329
132 361
132 468
132 470
133 160
133 166
133 182
133 194
133 331
134 136
134 272
134 336
134 437
135 207
135 294
135 409
135 488
136 178
136 182
136 197
136 203
136 257
136 353
136 495
137 141
137 151
137 195
137 282
137 287
137 318
137 331
137 334
137 426
137 488
137 489
138 155
138 177
138 191
138 354
138 381
138 423
138 444
138 479
139 300
139 390
140 303
140 326
140 327
140 382
140 410
140 446
141 155
141 249
141 403
141 440
141 480
142 170
142 205
142 324
142 382
142 457
143 177
143 178
143 349
143 353
143 408
144 198
144 301
144 365
144 378
144 418
144 428
144 431
144 493
145 146
145 163
145 261
145 303
145 411
145 413
145 432
146 152
146 222
146 248
146 256
146 285
146 404
147 149
147 204
147 256
147 395
147 458
147 479
147 483
148 154
148 290
148 380
148 456
149 259
149 349
149 359
149 442
150 161
150 239
150 262
150 263
150 269
150 309
150 387
150 431
151 208
151 336
151 350
151 450
151 476
151 497
152 212
152 258
152 297
152 339
152 347
152 360
152 387
152 460
152 480
152 489
153 154
153 155
153 240
153 253
153 266
153 330
153 348
153 357
154 195
154 254
154 268
154 327
154 328
154 414
154 462
154 464
155 192
155 293
155 395
155 413
155 460
156 243
156 250
156 355
156 389
156 400
156 451
157 287
157 300
157 311
157 381
157 490
158 211
158 263
158 364
159 165
159 188
159 192
159 276
159 429
159 431
159 440
159 472
160 185
160 329
160 341
160 355
160 384
160 396
160 421
160 467
160 486
161 250
161 273
161 291
161 302
161 322
161 334
161 339
161 386
162 216
162 283
162 313
162 317
162 421
162 443
162 473
162 493
163 234
163 254
163 353
163 361
163 433
163 461
163 473
163 487
164 204
164 293
164 346
164 402
164 472
165 179
165 186
165 277
165 321
165 362
165 430
165 453
165 473
165 484
166 176
166 179
166 182
166 336
166 344
166 433
166 467
167 200
167 255
167 330
167 391
167 429
167 431
167 487
168 176
168 197
168 262
168 285
168 412
169 172
169 180
169 235
169 254
169 374
169 468
169 494
170 196
170 229
170 398
170 434
170 436
171 180
171 200
171 223
171 241
171 317
171 332
171 436
171 443
171 472
172 189
172 266
172 274
172 361
172 385
172 405
172 415
173 187
173 204
173 239
173 283
173 343
173 362
174 214
174 348
174 366
174 377
174 419
174 461
175 280
175 311
176 179
176 220
176 283
176 311
176 314
176 391
176 446
176 452
176 454
177 208
177 220
177 237
177 258
177 264
177 276
177 390
177 408
178 205
178 242
178 243
178 305
178 424
178 427
178 443
179 182
179 187
179 247
179 293
179 313
179 340
179 369
179 376
179 403
179 478
180 319
180 369
180 397
180 424
181 183
181 191
181 221
181 270
181 284
181 291
181 423
181 428
181 448
182 230
182 261
182 297
182 321
182 403
182 448
182 469
183 237
183 261
183 328
183 347
183 349
183 466
183 479
184 200
184 352
184 374
184 376
184 404
184 407
184 451
185 233
185 278
185 312
185 402
185 445
185 470
185 496
186 194
186 271
186 448
186 473
187 197
187 235
187 236
187 300
187 313
187 361
187 433
187 453
188 368
188 374
188 404
188 464
189 194
189 212
189 278
189 348
190 199
190 209
190 260
190 273
190 299
190 354
190 414
190 436
190 459
190 485
191 255
191 260
191 284
191 360
191 396
191 450
191 453
191 461
191 474
191 483
192 212
192 387
192 422
192 440
193 219
193 245
193 249
193 260
193 420
193 474
194 219
194 220
194 241
194 273
194 292
194 399
194 480
195 252
195 264
195 350
195 421
195 435
196 272
196 326
196 484
197 211
197 358
197 363
197 390
197 391
197 444
197 474
198 206
198 241
198 266
198 267
198 272
198 305
198 319
198 428
198 490
198 498
199 232
199 281
199 298
199 354
199 371
200 322
200 373
200 464
200 471
201 323
201 345
201 397
201 469
201 488
201 499
202 212
202 216
202 258
202 338
202 439
202 450
203 253
203 298
203 366
203 411
203 413
203 416
204 242
204 247
204 248
204 280
204 472
205 308
205 317
205 410
205 445
206 475
207 313
207 381
207 393
207 430
207 445
207 455
208 273
208 281
208 311
208 419
208 498
209 360
209 366
210 284
210 286
210 403
210 408
210 419
210 425
210 453
210 456
211 284
211 349
211 490
211 494
212 222
212 284
212 306
212 446
212 474
213 244
213 255
213 290
213 445
213 466
213 469
214 283
214 284
214 322
214 443
215 259
215 298
215 386
215 456
216 253
216 415
216 467
217 258
217 271
217 336
217 371
217 378
218 221
218 222
218 226
218 238
218 244
218 312
218 317
218 368
218 410
219 233
219 243
219 270
219 284
219 324
219 351
219 397
219 407
219 471
220 263
220 371
221 246
221 302
221 379
221 400
222 226
222 301
222 318
222 407
222 473
223 276
223 297
223 444
224 253
224 339
224 357
224 392
225 226
225 286
225 308
225 320
225 362
225 424
226 270
226 312
226 316
226 320
226 422
226 423
227 233
227 426
228 253
228 313
228 340
228 356
228 367
228 482
229 338
229 348
229 392
229 427
229 444
230 265
230 436
231 287
231 353
231 355
231 391
231 413
232 478
232 492
233 403
233 409
233 416
233 423
233 440
234 247
234 273
234 303
234 316
234 348
234 378
234 383
234 421
234 446
234 455
235 263
235 312
235 386
235 409
235 475
236 324
236 406
236 454
237 320
237 324
237 334
237 391
237 402
237 410
237 472
237 483
238 252
238 349
238 426
238 469
238 489
239 356
239 426
239 495
240 257
240 294
240 455
240 489
241 254
241 272
241 391
241 399
241 403
241 413
241 466
242 254
242 401
242 444
242 464
242 492
242 495
242 497
243 275
243 281
243 343
243 347
243 447
243 458
243 463
244 258
244 302
244 485
245 285
245 287
245 319
245 384
245 390
245 393
246 248
246 276
246 288
246 381
247 249
247 253
247 320
247 390
247 407
247 421
247 434
247 451
247 485
247 498
249 275
249 307
249 394
250 301
250 392
250 438
250 440
251 273
251 305
251 317
251 333
251 371
251 397
251 398
251 409
251 429
251 449
251 484
252 328
252 452
253 276
253 405
253 450
254 294
254 301
254 398
254 401
255 260
255 261
255 407
255 443
256 327
256 362
256 363
256 370
256 483
257 269
257 272
257 323
257 406
257 427
257 467
258 260
258 334
258 475
258 481
259 282
259 337
259 360
259 406
259 469
260 278
260 315
260 330
260 335
260 473
260 478
261 271
261 319
261 425
261 456
262 334
262 343
262 350
262 425
262 437
262 445
263 274
263 375
263 414
263 415
263 466
264 275
264 298
264 329
264 395
264 461
264 476
264 480
265 328
265 399
265 418
265 455
265 476
266 280
266 368
266 412
267 269
267 278
267 290
267 320
267 365
267 434
268 306
268 325
268 382
268 388
268 406
268 437
268 489
269 298
269 309
269 322
269 330
269 424
269 444
269 494
270 312
270 324
270 447
271 284
271 413
272 333
272 335
272 378
272 406
272 468
273 310
273 312
273 344
273 368
273 410
274 287
274 315
274 318
274 343
274 345
274 373
274 480
274 491
275 295
275 339
275 429
275 464
276 352
276 396
277 287
277 302
277 384
277 426
277 445
278 301
278 316
278 367
278 389
278 437
278 461
278 463
278 493
278 495
279 349
279 411
279 491
280 285
280 298
280 362
280 383
280 450
281 296
281 339
281 437
281 467
282 374
282 398
282 436
283 351
283 362
283 490
284 357
284 368
284 450
285 322
285 348
285 428
285 434
285 440
285 486
286 333
286 484
287 418
287 481
288 428
288 437
288 481
289 420
289 487
290 308
290 319
290 384
290 416
290 462
291 365
291 453
291 469
292 298
292 309
292 401
292 420
292 456
293 328
293 388
293 405
293 418
293 426
293 435
293 452
294 303
294 338
294 399
294 402
294 428
295 309
295 353
295 402
295 454
296 311
296 320
296 352
296 355
296 391
297 427
297 495
298 331
298 424
298 486
299 309
299 314
299 327
299 377
300 327
300 342
300 368
300 454
301 350
301 373
301 379
301 386
301 427
301 442
301 452
301 474
301 486
301 498
302 323
302 339
302 365
302 379
302 436
302 473
303 357
304 306
304 345
305 332
305 432
305 433
306 353
306 359
307 309
307 355
307 404
307 416
307 440
308 317
308 329
308 343
308 439
308 474
308 479
309 339
309 359
309 392
310 323
310 398
311 383
311 401
311 479
312 427
312 443
313 324
313 337
313 361
313 364
313 392
313 395
313 418
313 419
314 319
314 399
314 490
314 492
315 386
315 392
315 426
315 483
316 343
316 345
316 400
316 409
317 395
317 428
317 482
318 384
318 452
318 494
319 352
319 433
319 497
320 322
320 464
320 481
321 350
321 401
321 441
321 460
321 471
321 472
322 323
322 326
322 345
322 356
323 339
323 369
323 489
324 364
324 421
324 426
324 434
324 470
325 330
325 356
325 410
325 485
326 338
326 371
326 388
326 400
326 425
326 484
327 371
327 403
327 472
328 383
328 406
329 338
329 339
329 357
329 438
329 459
330 372
330 374
330 403
330 456
330 460
331 367
331 373
331 385
331 394
331 407
331 476
332 373
332 421
332 437
333 472
334 353
334 358
334 368
334 402
334 407
334 457
335 371
335 427
335 470
336 343
336 463
337 348
337 374
337 429
338 343
338 359
338 397
338 437
338 474
339 348
339 368
339 454
340 396
340 406
340 483
342 350
342 404
342 409
342 474
343 417
344 376
344 409
344 428
344 449
345 364
345 392
345 395
345 401
345 448
345 459
346 353
346 417
346 422
346 435
346 496
347 358
347 444
347 456
347 484
348 400
348 412
348 467
349 398
349 415
350 443
350 465
350 493
351 405
351 430
351 440
352 383
352 438
352 459
352 484
352 490
352 499
353 360
353 370
353 403
353 419
353 492
354 373
354 383
354 424
355 367
356 401
356 477
357 369
357 389
357 470
358 418
358 475
359 481
361 367
361 368
361 446
361 458
362 363
362 479
362 495
364 454
364 464
364 487
365 437
365 471
366 376
366 395
366 434
366 481
367 373
367 411
367 425
367 467
368 400
368 401
368 431
368 499
369 392
369 407
369 453
369 480
370 404
370 416
370 428
370 452
370 467
371 375
371 384
371 390
372 394
372 453
372 470
373 412
373 468
373 476
374 428
374 477
375 410
375 444
375 458
375 480
376 413
376 434
377 452
378 470
380 459
380 495
381 388
381 417
383 429
383 471
384 421
385 413
385 455
385 459
387 390
387 412
387 454
387 466
387 482
388 432
388 469
389 472
390 396
390 401
392 419
392 434
392 462
393 443
393 469
394 397
394 474
395 406
396 466
397 436
397 495
398 460
399 427
399 443
400 499
401 402
401 440
402 407
402 422
402 479
403 439
403 465
403 488
405 419
405 428
405 429
408 411
408 433
409 412
409 465
410 417
410 475
411 428
411 440
411 495
412 461
412 466
413 465
414 418
414 452
414 462
414 494
416 435
416 491
417 447
418 439
419 429
419 487
422 424
423 446
423 477
423 494
424 456
424 499
425 449
426 439
426 441
426 493
427 438
427 491
428 442
428 495
429 469
431 445
431 485
431 489
435 440
435 499
436 476
437 441
437 453
437 473
439 488
439 489
440 446
441 452
441 496
442 446
442 486
443 447
443 449
443 470
443 474
444 454
446 457
447 481
447 496
449 471
449 490
451 454
452 465
453 475
454 460
454 469
459 476
461 477
461 482
463 464
465 490
467 472
469 496
470 482
472 476
472 489
473 475
477 485
477 490
477 497
480 483
481 491
484 491
488 494
489 498
495 499
