0
500
1879
0
1
0
0 11
0 41
0 72
0 187
1 58
1 137
1 148
1 228
1 259
1 264
1 325
1 354
1 379
1 418
1 444
1 479
2 74
2 81
2 107
2 120
2 172
2 207
2 248
2 339
2 416
2 454
3 62
3 223
3 249
3 305
3 361
3 369
3 396
3 401
3 429
3 432
4 20
4 36
4 128
4 179
4 194
4 201
4 234
4 264
4 302
5 63
5 93
5 189
5 249
5 287
5 328
5 329
5 398
5 412
5 489
5 491
6 232
6 250
6 393
7 25
7 55
7 121
7 146
7 187
7 213
7 254
7 474
8 138
8 183
8 247
8 302
8 350
8 367
8 373
8 447
8 456
9 101
9 218
9 282
9 300
9 352
9 499
10 14
10 30
10 49
10 170
10 285
10 393
10 453
10 476
10 495
11 23
11 47
11 132
11 213
11 217
11 225
11 227
11 241
11 275
11 319
11 346
11 478
12 67
12 72
12 82
12 84
12 100
12 103
12 259
12 282
12 335
12 420
12 449
13 68
13 85
13 131
13 169
13 180
13 208
13 264
13 276
13 326
13 400
13 415
13 443
13 446
13 456
14 161
14 247
14 331
14 398
14 469
15 147
15 250
15 337
15 384
15 483
16 67
16 78
16 244
16 282
16 289
16 311
16 325
16 437
16 481
17 26
17 117
17 198
17 208
17 237
17 289
17 353
17 390
17 467
18 96
18 179
18 236
18 258
18 272
18 373
18 443
18 485
18 498
19 173
19 188
19 192
19 224
19 250
19 276
19 297
19 426
19 489
20 223
20 265
20 274
20 292
20 320
20 323
20 409
20 457
20 486
21 33
21 51
21 53
21 141
21 192
21 255
21 281
21 285
21 495
22 37
22 138
22 147
22 200
22 226
22 246
22 250
22 254
22 257
22 261
22 338
22 490
23 40
23 63
23 89
23 93
23 151
23 200
23 416
23 466
24 156
24 364
24 394
24 404
25 146
25 382
25 433
26 77
26 96
26 133
26 247
27 132
27 221
27 231
27 351
27 429
28 39
28 75
28 233
28 268
28 327
28 349
28 417
28 431
28 463
29 53
29 188
29 213
29 223
29 233
29 278
29 411
29 428
30 156
30 240
30 329
30 345
30 346
30 359
30 398
30 406
30 444
31 69
31 187
31 227
31 357
31 407
31 452
32 40
32 126
32 201
32 289
32 483
32 496
33 174
33 378
33 395
33 414
33 417
33 461
34 51
34 303
34 304
34 357
34 470
34 484
35 54
35 59
35 227
35 229
35 230
35 264
35 337
35 346
36 38
36 56
36 84
36 124
36 177
36 233
36 235
36 465
36 477
36 486
36 497
37 208
37 350
37 383
37 436
37 493
38 127
38 370
38 384
38 418
38 427
38 429
38 439
38 488
39 44
39 51
39 156
39 270
39 362
39 409
40 53
40 167
40 173
40 285
40 394
40 437
40 454
40 473
40 476
40 498
41 84
41 201
41 306
41 336
41 453
42 61
42 99
42 139
42 199
42 289
42 294
42 351
42 450
43 67
43 221
43 383
43 395
44 80
44 109
44 113
44 171
44 194
44 287
44 288
44 373
44 385
44 392
45 80
45 127
45 271
45 294
46 240
46 354
46 382
46 385
46 396
46 400
47 76
47 122
47 131
47 224
47 313
47 420
47 423
48 101
48 277
48 297
48 336
48 458
48 473
49 340
49 342
49 367
49 384
49 430
49 463
50 145
50 154
50 179
50 183
50 266
51 120
51 162
51 312
51 318
51 462
52 125
52 153
52 157
52 186
52 220
52 231
52 278
52 459
52 479
53 166
53 267
53 277
53 330
53 382
53 449
53 473
54 68
54 123
54 127
54 146
54 157
54 339
54 368
54 373
54 444
54 448
54 453
55 64
55 131
55 326
55 345
55 400
55 433
55 475
56 152
56 226
56 298
56 327
56 373
56 412
57 125
57 286
57 306
57 427
58 84
58 131
58 316
59 62
59 126
59 442
59 460
60 66
60 70
60 306
60 334
60 356
60 427
61 80
61 270
61 333
62 91
62 165
62 309
62 395
62 431
63 104
63 366
63 439
63 497
64 95
64 164
64 172
64 434
65 240
65 250
65 349
65 394
65 493
66 83
66 89
66 157
66 158
66 163
66 255
66 306
66 390
66 396
66 410
66 423
66 492
67 69
67 83
67 95
67 149
67 182
67 208
67 326
68 92
68 122
68 241
68 301
69 166
69 199
69 272
69 279
69 348
69 361
69 418
69 453
70 187
70 211
70 292
70 405
70 444
70 486
71 101
71 198
71 239
71 308
71 321
71 401
71 410
71 439
71 491
72 124
72 141
72 174
72 224
72 296
72 331
72 358
72 485
73 102
73 210
73 255
73 332
73 397
74 137
74 285
74 434
75 147
75 218
75 324
75 388
76 83
76 94
76 164
76 177
76 192
76 289
76 343
76 432
76 433
77 83
77 92
77 170
77 182
77 249
77 427
78 125
78 129
78 259
78 292
78 485
79 85
79 90
79 145
79 170
79 385
79 481
80 109
80 175
80 188
80 193
80 318
80 329
80 402
80 445
81 230
81 269
82 175
82 240
82 320
82 381
82 489
83 181
83 228
83 279
83 321
83 410
83 465
84 135
84 297
84 387
85 291
85 298
85 340
85 345
85 450
85 472
86 132
86 139
86 220
86 405
86 445
86 456
86 467
87 185
87 214
87 248
88 185
88 243
88 300
88 323
88 324
88 336
88 398
88 447
89 197
89 438
90 276
90 343
91 100
91 147
91 154
91 198
91 409
91 421
91 450
91 483
92 203
92 242
92 433
93 172
93 224
93 406
93 418
93 419
93 439
93 486
94 284
94 323
94 437
95 108
95 156
95 301
95 399
95 489
96 119
96 164
96 347
96 392
96 453
97 117
97 173
97 190
97 288
97 306
97 355
97 406
98 154
98 208
98 227
98 262
98 269
98 372
98 433
98 468
99 121
99 150
99 334
99 420
99 466
100 116
100 159
100 211
100 270
100 335
100 377
100 400
100 482
101 245
101 300
101 333
101 334
101 354
101 380
101 394
101 429
101 479
101 498
102 229
102 269
102 358
102 376
102 454
103 156
103 160
103 177
103 233
103 287
103 309
103 352
103 399
103 434
103 435
104 138
104 246
104 250
104 319
104 416
104 439
105 110
105 209
105 249
105 318
105 402
105 486
106 118
106 133
106 152
106 320
106 332
106 345
107 203
107 273
107 411
107 426
107 434
107 443
107 492
108 196
108 206
108 216
108 318
108 331
108 448
108 467
109 215
109 216
109 272
109 404
109 466
110 187
110 238
110 415
111 187
111 217
111 283
111 471
111 499
112 115
112 180
112 353
113 181
113 205
113 234
113 322
113 351
113 417
113 438
113 481
114 116
114 168
114 346
114 365
115 176
115 348
115 452
115 465
116 136
116 252
116 337
116 444
117 203
117 233
117 343
117 497
118 189
118 203
118 264
118 346
118 365
118 366
118 387
119 175
119 207
119 249
119 378
120 169
120 173
120 337
120 465
121 133
121 193
121 211
121 271
121 330
121 397
121 432
121 459
121 482
121 483
121 486
122 143
122 144
122 189
122 298
122 384
122 451
122 480
123 238
123 252
123 338
123 396
124 155
124 175
124 217
124 298
124 343
124 381
124 414
124 480
125 178
125 227
125 321
125 485
125 497
126 136
126 405
126 406
126 427
126 436
126 461
126 464
126 467
127 170
127 243
127 258
127 277
127 364
127 366
127 384
127 389
127 464
128 278
129 246
129 248
129 299
129 316
129 353
129 361
129 372
129 377
129 378
130 195
130 248
130 260
130 274
130 296
130 340
130 343
130 371
130 374
130 380
131 217
131 341
131 445
132 445
133 178
133 355
133 488
134 141
134 143
134 199
134 214
134 287
134 299
134 317
134 371
134 438
134 484
135 245
135 260
135 460
136 156
136 236
136 323
136 334
136 441
136 449
136 460
136 466
137 306
138 146
138 148
138 151
138 262
138 268
139 219
139 359
140 172
140 209
140 221
140 269
140 458
141 144
142 204
142 224
142 348
142 393
142 408
142 412
142 442
143 306
143 323
143 397
144 412
145 151
145 167
145 211
145 341
145 359
145 404
145 475
146 320
146 418
146 434
146 443
147 186
147 197
147 253
147 345
147 364
147 401
148 163
148 232
148 281
148 287
148 355
149 160
149 205
149 225
149 379
150 324
150 395
150 426
150 448
150 460
151 153
151 158
151 169
151 228
151 229
151 289
151 300
151 398
151 451
151 455
152 188
152 255
152 343
152 371
152 374
153 285
153 313
153 325
153 412
153 491
154 275
154 276
154 284
154 359
154 419
154 479
155 177
155 348
155 359
155 385
155 437
155 438
155 446
156 184
156 203
156 216
156 298
156 324
156 357
157 293
157 377
157 378
157 465
158 263
158 309
158 419
159 205
159 232
159 348
159 425
159 453
159 455
160 206
160 225
160 273
160 385
160 478
160 483
161 165
161 183
161 200
161 323
161 338
161 370
161 444
161 488
162 234
162 270
162 328
162 363
163 189
163 458
164 223
164 268
164 271
164 275
164 335
164 453
164 476
165 167
165 169
165 237
165 252
165 268
165 323
166 205
166 207
166 460
166 497
167 173
167 190
167 336
168 201
168 210
168 224
168 241
168 279
168 386
168 445
169 390
169 414
169 439
169 499
170 311
170 373
170 435
170 475
170 488
171 226
171 280
171 338
171 345
171 365
171 393
171 396
171 453
171 490
172 217
172 227
172 262
172 280
172 285
172 308
172 311
172 388
173 224
173 272
173 441
174 240
174 258
174 330
174 345
174 378
174 417
174 440
174 467
175 191
175 297
175 415
176 181
176 192
176 270
176 318
176 320
176 326
177 182
177 209
177 355
177 385
177 386
177 397
177 404
178 190
178 195
178 279
178 365
178 411
179 276
179 315
179 421
179 466
179 492
180 202
180 250
180 254
180 295
181 218
181 222
181 240
181 248
181 282
181 323
181 349
182 209
182 213
182 244
182 270
182 282
182 340
182 441
182 473
182 493
183 321
183 336
183 369
183 398
183 408
183 484
184 318
184 430
184 462
184 469
185 256
185 259
185 270
185 467
186 450
187 271
187 284
187 496
188 321
188 376
188 393
188 406
188 424
189 203
189 225
189 281
189 392
189 403
189 412
189 449
190 202
190 227
190 260
190 281
190 391
190 466
191 259
191 385
191 438
192 214
192 364
192 366
192 368
192 370
192 439
192 458
192 463
194 283
194 325
194 385
194 458
195 262
195 392
196 228
196 285
196 374
196 411
196 432
196 473
197 213
197 235
197 287
197 320
197 323
197 432
198 275
198 312
198 340
198 343
198 359
198 413
198 428
199 246
199 278
199 322
199 364
199 407
199 427
199 431
199 435
199 438
200 231
200 267
200 317
200 364
200 428
200 435
200 462
201 316
201 411
201 420
201 443
202 224
202 256
202 303
202 385
203 210
203 220
203 303
203 318
203 323
203 333
204 210
204 233
204 243
204 295
204 373
204 401
205 282
205 436
206 257
206 409
206 460
207 227
207 247
207 321
207 364
207 369
207 402
207 479
207 496
208 335
208 395
209 223
209 261
209 357
209 364
209 420
210 216
210 271
210 303
210 352
210 375
210 387
210 467
210 490
211 216
211 224
211 238
211 336
211 420
212 216
212 278
212 343
213 244
213 293
213 446
214 314
214 348
214 430
214 442
214 482
215 255
215 307
215 348
215 401
215 437
216 282
216 300
216 322
216 334
216 344
216 356
216 377
216 395
217 221
217 263
217 272
217 306
217 367
217 402
217 404
218 220
218 321
218 379
218 423
218 498
219 241
219 305
219 377
219 408
220 320
220 326
221 235
222 248
222 391
222 403
222 407
222 428
222 434
223 420
223 422
223 498
224 251
224 254
224 387
225 228
225 295
225 407
225 422
225 465
226 253
226 406
226 429
226 445
227 264
227 298
227 363
227 371
227 437
227 495
228 299
228 305
228 325
228 362
228 363
228 378
228 412
228 438
228 481
229 256
229 285
229 297
229 430
229 476
230 260
230 282
230 293
230 426
231 344
231 394
231 433
231 476
231 486
232 363
232 435
232 488
233 239
233 279
233 299
233 320
233 358
233 394
234 244
234 255
234 362
234 438
234 440
234 471
235 258
235 259
235 333
235 379
235 388
236 351
236 364
237 275
237 335
238 337
239 266
239 307
239 371
239 459
239 480
240 284
240 345
240 388
240 410
240 425
240 483
241 263
241 292
241 351
241 361
241 387
241 478
243 254
243 261
243 264
243 298
243 321
243 363
243 475
244 250
244 261
244 351
245 452
245 471
245 473
245 482
246 254
246 490
247 322
247 386
247 414
247 417
248 301
248 327
248 335
248 387
248 466
249 281
249 298
249 456
249 476
250 314
250 346
250 443
251 273
251 354
251 376
251 491
252 333
252 495
253 267
253 312
253 319
253 331
253 398
254 374
254 381
254 382
254 383
254 404
255 268
255 280
255 301
255 302
255 465
255 491
256 286
256 382
256 432
256 473
257 302
257 365
257 395
257 487
258 319
258 420
258 429
259 350
259 365
259 424
260 328
260 375
260 413
260 424
260 499
261 294
261 299
261 364
261 378
262 263
262 277
262 327
262 333
262 371
262 396
262 491
263 346
263 352
264 275
264 314
265 464
265 494
266 281
266 282
266 324
266 338
267 339
267 341
267 493
268 347
268 424
268 428
269 278
269 321
269 370
269 383
269 454
270 394
270 411
270 425
271 285
271 319
271 490
272 349
272 495
273 313
273 318
273 496
274 438
275 284
275 320
275 363
275 414
275 451
275 481
276 390
276 418
276 420
276 471
276 489
277 295
277 307
277 311
277 323
277 393
277 398
278 294
278 310
278 322
278 326
278 355
278 364
278 433
279 480
280 377
280 380
281 301
281 443
282 342
282 364
283 337
283 338
283 376
283 443
283 451
284 323
284 455
285 287
285 317
285 373
286 407
286 472
287 416
287 422
288 321
288 495
290 374
290 402
290 405
290 406
290 445
291 299
291 421
291 491
292 410
293 330
293 407
293 421
294 305
294 347
294 358
294 418
294 455
294 467
294 484
296 326
296 359
296 417
296 465
297 311
297 389
297 414
297 468
297 487
298 308
298 333
298 393
298 451
299 306
299 314
299 412
299 420
300 348
301 303
302 314
302 331
302 492
303 388
303 497
304 409
304 430
305 471
307 388
307 488
308 407
308 470
308 480
309 444
310 349
310 494
311 390
311 391
311 474
311 480
312 323
312 460
313 385
314 442
314 464
314 465
315 427
315 438
316 368
316 399
316 408
316 428
316 433
316 441
317 367
317 373
317 383
317 426
318 359
318 393
318 407
318 482
318 487
319 326
319 350
320 365
320 460
321 342
321 349
321 436
321 495
322 467
322 468
323 382
323 413
324 364
325 342
325 370
325 421
326 442
327 384
327 443
327 455
327 475
328 414
329 373
329 388
329 470
329 479
330 353
330 385
330 466
333 340
333 358
333 408
333 460
333 489
334 335
334 436
334 473
335 464
336 364
336 434
336 457
337 362
337 413
337 435
338 390
338 401
339 346
339 365
339 372
339 452
339 487
340 355
340 399
340 473
340 479
341 365
341 372
341 393
341 396
341 402
341 450
341 477
342 354
342 385
342 457
342 490
343 452
343 481
344 376
344 395
345 373
345 420
345 464
346 378
347 352
348 466
348 475
348 487
349 436
350 361
350 399
350 406
351 411
351 467
352 464
352 468
352 494
353 373
353 416
354 401
354 443
354 465
354 482
355 372
356 366
357 368
358 376
358 398
359 365
360 362
360 489
360 496
361 397
362 424
362 432
362 449
363 430
364 399
364 419
365 412
366 368
366 496
367 414
367 485
368 379
368 482
368 488
369 379
369 430
370 402
370 445
370 470
370 498
371 373
371 403
371 411
371 465
371 482
372 491
372 492
373 385
373 476
373 488
374 423
377 432
378 383
379 421
379 459
379 476
380 381
380 447
380 459
381 478
383 398
384 417
384 457
384 458
385 391
385 474
386 466
386 494
388 451
389 477
390 399
390 434
390 461
390 462
390 465
391 451
392 417
393 403
395 426
395 453
396 450
399 433
400 431
400 499
401 410
401 477
404 478
405 449
407 430
407 452
407 492
408 464
408 468
408 483
409 487
410 479
411 465
411 479
413 446
417 435
417 482
418 446
419 448
420 473
420 477
423 427
423 431
423 496
423 498
425 497
426 440
426 454
426 458
427 499
429 450
429 464
429 469
430 496
431 447
432 498
433 448
436 454
438 484
438 487
441 488
443 467
445 469
446 448
446 479
449 452
451 495
452 485
453 467
453 470
453 491
453 495
453 498
456 481
457 490
458 470
458 478
459 482
460 468
460 476
460 499
462 482
463 483
466 482
468 480
471 478
472 494
489 498
