0
500
3088
0
1
0
0 41
0 52
0 78
0 90
0 173
0 244
0 246
0 259
0 297
0 315
0 325
0 328
0 381
0 442
0 462
1 83
1 111
1 121
1 145
1 163
1 210
1 256
1 284
1 306
1 328
1 335
1 376
1 417
1 419
1 437
1 449
1 457
2 7
2 18
2 84
2 116
2 155
2 167
2 213
2 283
2 333
2 360
2 361
2 364
2 365
2 370
2 386
2 398
2 399
2 401
2 415
2 450
3 27
3 28
3 32
3 40
3 98
3 118
3 123
3 284
3 290
3 397
3 457
3 469
4 63
4 128
4 167
4 171
4 205
4 232
4 324
4 374
4 376
4 447
5 45
5 94
5 133
5 229
5 294
5 297
5 472
5 485
6 134
6 257
6 306
6 317
6 336
6 364
6 367
6 379
6 417
6 427
6 428
6 446
7 20
7 172
7 184
7 188
7 270
7 283
7 323
7 335
7 381
7 415
8 38
8 124
8 131
8 159
8 168
8 265
8 307
8 329
8 368
8 370
9 14
9 63
9 65
9 83
9 107
9 232
9 261
9 279
9 293
9 300
9 304
9 357
9 370
9 440
9 474
9 499
10 86
10 192
10 212
10 330
10 413
11 76
11 156
11 158
11 208
11 313
11 376
11 485
12 45
12 46
12 58
12 127
12 186
12 193
12 197
12 220
12 254
12 257
12 261
13 18
13 27
13 32
13 75
13 103
13 106
13 138
13 165
13 183
13 186
13 224
13 280
13 288
13 302
13 304
13 326
13 442
14 107
14 152
14 180
14 183
14 210
14 222
14 259
14 289
14 421
14 455
15 40
15 52
15 109
15 145
15 250
15 356
15 366
15 373
15 388
15 417
15 469
16 25
16 54
16 87
16 102
16 174
16 244
16 359
16 380
16 406
16 443
16 473
16 497
16 499
17 37
17 101
17 152
17 241
17 302
17 413
17 422
17 473
18 74
18 106
18 179
18 214
18 219
18 293
18 348
18 465
19 113
19 225
19 253
19 353
19 364
19 370
19 498
20 75
20 84
20 104
20 190
20 380
20 381
20 438
20 467
21 40
21 76
21 115
21 145
21 293
21 362
21 378
21 391
21 397
21 432
21 436
21 437
22 61
22 99
22 111
22 130
22 164
22 177
22 180
22 189
22 202
22 215
22 273
22 283
22 292
22 328
22 395
22 427
22 429
22 476
22 485
22 498
23 48
23 52
23 61
23 72
23 90
23 155
23 300
23 305
23 340
23 349
23 363
23 400
23 412
23 460
23 470
24 47
24 57
24 120
24 149
24 172
24 212
24 271
24 328
24 425
24 438
25 147
25 192
25 242
25 286
25 302
25 322
25 346
25 359
25 481
26 99
26 118
26 185
26 251
26 406
26 442
26 485
26 497
27 31
27 65
27 93
27 110
27 147
27 253
27 340
27 498
28 72
28 73
28 85
28 87
28 101
28 117
28 192
28 230
28 293
28 299
28 313
28 318
28 323
28 347
28 357
28 391
28 421
28 431
28 481
28 487
29 75
29 127
29 194
29 254
29 312
29 315
29 336
29 371
29 438
29 455
29 478
29 498
30 132
30 236
30 238
30 379
30 411
30 413
30 449
30 495
31 49
31 102
31 126
31 264
31 275
31 299
31 382
31 389
31 435
31 440
31 458
31 483
32 109
32 172
32 299
32 330
32 386
32 429
32 430
32 452
32 479
32 485
33 44
33 49
33 91
33 103
33 153
33 271
33 314
33 358
33 385
33 441
33 476
33 480
34 94
34 114
34 201
34 207
34 212
34 249
34 279
34 282
34 293
34 301
34 327
34 347
34 356
34 365
34 394
34 445
34 464
34 484
34 490
34 496
35 53
35 71
35 99
35 102
35 109
35 161
35 240
35 248
35 332
35 372
35 388
35 390
35 464
35 477
35 497
36 38
36 54
36 60
36 87
36 166
36 266
36 350
36 360
36 436
37 86
37 90
37 118
37 139
37 175
37 234
37 247
37 257
37 285
37 288
37 300
37 312
37 330
37 342
37 351
37 361
37 387
37 391
37 426
38 55
38 123
38 130
38 182
38 197
38 206
38 251
38 289
38 305
38 327
38 465
38 466
38 496
39 72
39 86
39 96
39 139
39 187
39 274
39 275
39 329
39 353
39 369
39 471
40 48
40 75
40 120
40 174
40 191
40 276
40 306
40 338
40 362
40 376
40 380
40 385
40 437
40 451
40 465
40 468
40 488
41 144
41 161
41 172
41 173
41 182
41 190
41 286
41 320
41 341
41 373
41 399
41 407
41 430
41 449
41 469
42 60
42 74
42 193
42 218
42 348
42 360
42 404
43 91
43 109
43 128
43 155
43 242
43 305
43 334
43 359
43 369
43 409
43 413
43 437
44 68
44 95
44 112
44 164
44 219
44 307
44 309
44 371
45 55
45 60
45 97
45 103
45 114
45 118
45 122
45 135
45 216
45 289
45 293
45 426
45 477
46 116
46 121
46 132
46 153
46 157
46 168
46 202
46 265
46 417
46 419
46 485
47 86
47 102
47 258
47 278
47 329
47 334
47 338
47 384
47 420
48 75
48 94
48 109
48 137
48 140
48 159
48 207
48 316
48 329
48 343
48 406
49 147
49 167
49 366
49 439
49 443
50 85
50 107
50 132
50 190
50 209
50 219
50 229
50 250
50 258
50 282
50 286
50 289
50 454
50 482
50 485
51 85
51 113
51 116
51 218
51 322
51 437
52 53
52 58
52 117
52 136
52 137
52 200
52 210
52 224
52 269
52 273
52 289
52 337
52 355
52 366
52 387
53 167
53 187
53 235
53 236
53 289
53 293
53 322
53 348
53 361
53 383
53 407
53 421
54 77
54 78
54 101
54 127
54 149
54 170
54 172
54 276
54 330
54 354
54 403
54 474
55 63
55 134
55 179
55 180
55 188
55 238
55 385
55 406
55 421
56 79
56 114
56 205
56 250
56 265
56 331
56 341
56 344
56 363
56 384
56 434
56 435
57 107
57 156
57 157
57 168
57 182
57 255
57 271
57 295
57 368
57 386
57 482
58 73
58 106
58 196
58 247
58 269
58 297
58 315
58 354
58 404
58 448
59 116
59 131
59 176
59 234
59 368
59 402
59 413
59 437
59 472
60 135
60 165
60 167
60 171
60 183
60 248
60 253
60 321
60 361
60 378
60 424
61 74
61 150
61 189
61 270
61 276
61 307
61 313
61 334
61 385
61 393
61 434
61 484
62 69
62 127
62 143
62 166
62 195
62 213
62 218
62 247
62 315
62 344
62 373
62 379
62 423
62 460
63 71
63 181
63 228
63 229
63 300
63 410
63 416
63 424
63 451
63 494
63 498
64 80
64 106
64 167
64 191
64 213
64 217
64 240
64 268
64 278
64 292
64 348
64 383
64 395
64 418
64 429
64 486
64 488
65 94
65 146
65 154
65 169
65 207
65 212
65 220
65 242
65 267
65 294
65 321
65 370
65 389
66 151
66 157
66 166
66 177
66 198
66 247
66 265
66 280
66 286
66 320
66 385
66 480
67 105
67 127
67 142
67 164
67 172
67 212
67 232
67 236
67 253
67 378
68 104
68 130
68 172
68 227
68 260
68 261
68 295
68 315
68 323
68 326
68 342
68 404
68 428
68 438
68 463
69 114
69 128
69 133
69 137
69 163
69 247
69 260
69 279
69 282
69 284
69 395
69 404
69 484
69 498
70 148
70 178
70 193
70 212
70 249
70 259
70 274
70 299
70 384
70 448
71 117
71 154
71 181
71 192
71 204
71 211
71 251
71 283
71 388
71 389
71 450
71 475
71 497
72 104
72 163
72 184
72 274
72 289
72 292
72 298
72 341
72 416
72 429
72 430
72 471
73 103
73 243
73 248
73 295
73 352
73 360
73 449
73 470
74 161
74 253
74 256
74 292
74 363
74 374
74 377
74 418
74 466
74 479
75 151
75 167
75 247
75 249
75 288
75 319
75 345
75 359
75 437
75 454
76 120
76 174
76 234
76 240
76 246
76 296
76 330
76 368
76 386
76 395
76 420
76 442
76 454
77 138
77 139
77 193
77 326
77 448
77 470
78 86
78 114
78 138
78 184
78 193
78 208
78 327
78 337
79 139
79 187
79 212
79 220
79 261
79 270
79 395
79 429
79 481
79 491
80 101
80 177
80 300
80 447
81 92
81 124
81 151
81 168
81 204
81 224
81 301
81 322
81 329
81 332
81 374
81 398
81 427
81 460
82 199
82 228
82 270
82 334
82 410
82 452
82 477
83 269
83 287
83 291
83 331
83 352
84 104
84 118
84 170
84 290
84 313
84 316
84 346
84 411
84 450
85 99
85 121
85 147
85 197
85 205
85 216
85 218
85 229
85 237
85 246
85 272
85 286
85 295
85 297
85 310
85 372
85 429
85 480
85 481
86 157
86 188
86 202
86 238
86 242
86 253
86 276
86 325
86 450
86 455
87 123
87 165
87 185
87 225
87 232
87 272
87 340
87 429
88 126
88 151
88 176
88 178
88 203
88 219
88 232
88 278
88 383
88 471
89 118
89 165
89 184
89 225
89 234
89 245
89 257
89 368
89 428
89 439
89 491
89 492
90 283
90 354
90 398
91 147
91 181
91 216
91 312
91 328
91 373
91 383
91 395
91 406
91 420
92 113
92 200
92 248
92 265
92 268
92 311
92 458
93 195
93 251
93 262
93 274
93 347
93 361
93 388
94 102
94 195
94 222
94 271
94 295
94 297
94 333
94 338
94 358
95 138
95 154
95 155
95 204
95 212
95 231
95 260
95 271
95 274
95 340
95 415
95 464
96 207
96 210
96 254
96 256
96 264
96 388
96 409
96 421
96 459
96 464
96 493
97 120
97 122
97 130
97 179
97 189
97 198
97 214
97 218
97 489
98 127
98 128
98 132
98 153
98 213
98 233
98 253
98 287
98 295
98 337
98 374
98 391
98 410
98 442
99 157
99 221
99 237
99 354
99 364
99 392
99 395
99 418
99 447
99 465
100 112
100 119
100 167
100 169
100 236
100 281
100 405
101 177
101 187
101 305
101 325
101 326
101 403
101 437
101 438
102 132
102 138
102 174
102 206
102 305
102 317
102 360
102 443
102 459
102 460
102 471
103 134
103 250
103 253
103 313
103 394
103 421
104 120
104 127
104 211
104 223
104 246
104 264
104 270
104 281
104 340
104 346
104 372
104 413
104 457
104 459
104 461
105 117
105 156
105 190
105 235
105 248
105 305
105 419
106 132
106 178
106 186
106 251
106 418
107 108
107 116
107 129
107 364
107 375
108 189
108 206
108 262
108 316
108 328
108 373
108 385
108 390
108 391
108 397
109 111
109 114
109 272
109 282
109 344
109 398
109 404
109 412
109 442
109 481
109 497
110 119
110 147
110 156
110 199
110 210
110 235
110 334
110 433
110 459
110 460
110 461
110 494
111 113
111 119
111 136
111 148
111 172
111 214
111 237
111 259
111 304
111 355
111 381
111 429
111 480
112 176
112 206
112 282
112 332
112 398
113 142
113 170
113 173
113 181
113 193
113 265
113 350
113 398
113 436
113 449
113 484
114 122
114 165
114 181
114 208
114 241
114 292
114 306
114 338
114 347
115 133
115 155
115 166
115 191
115 204
115 218
115 369
115 380
115 447
116 125
116 219
116 260
116 286
116 317
116 323
116 330
116 337
116 362
116 389
116 407
116 420
116 474
116 475
117 136
117 158
117 185
117 190
117 221
117 273
117 303
117 358
117 379
117 395
117 423
118 149
118 155
118 169
118 251
118 288
118 383
118 406
118 466
119 180
119 251
119 395
119 405
120 170
120 213
120 215
120 251
120 259
120 275
120 294
120 309
120 331
120 353
120 388
120 414
120 479
120 498
121 165
121 209
121 267
121 270
121 317
121 327
121 418
121 491
122 202
122 245
122 307
122 324
122 326
122 377
122 403
122 469
123 159
123 160
123 192
123 261
123 281
123 482
124 135
124 171
124 181
124 185
124 186
124 214
124 219
124 330
124 340
124 346
124 348
124 403
124 462
124 476
125 139
125 208
125 254
125 355
125 380
126 148
126 194
126 206
126 208
126 217
126 230
126 260
126 354
126 395
126 415
126 483
127 141
127 150
127 191
127 299
127 318
127 372
127 373
127 443
127 452
127 471
127 474
127 496
128 133
128 167
128 218
128 256
128 322
128 336
128 349
128 422
128 457
128 469
129 179
129 191
129 237
129 239
129 281
129 305
129 330
129 343
129 395
129 448
129 449
129 465
129 473
130 207
130 270
130 294
130 358
130 410
131 189
131 206
131 216
131 244
131 305
131 311
131 325
131 330
131 348
131 353
131 370
131 374
131 386
131 434
131 438
131 463
132 138
132 144
132 162
132 182
132 244
132 260
132 274
132 308
132 314
132 336
132 339
132 340
132 355
132 357
132 366
132 370
132 387
132 402
132 410
132 419
132 442
132 478
133 156
133 228
133 277
133 371
133 450
133 480
133 484
134 138
134 153
134 171
134 209
134 381
134 385
134 390
134 432
134 496
135 138
135 179
135 192
135 208
135 215
135 216
135 307
135 348
135 406
135 442
135 445
135 485
136 151
136 223
136 251
136 259
136 261
136 335
136 349
136 368
137 173
137 176
137 190
137 239
137 247
137 287
137 386
137 402
137 413
137 429
138 188
138 189
138 210
138 253
138 353
138 399
138 481
139 144
139 187
139 205
139 211
139 213
139 245
139 270
139 306
139 319
139 406
139 483
140 162
140 165
140 187
140 261
140 319
140 344
140 346
140 348
140 373
140 432
140 450
141 185
141 256
141 285
141 326
141 364
141 386
141 460
142 147
142 163
142 175
142 178
142 291
142 301
142 354
142 423
143 171
143 178
143 200
143 221
143 274
143 278
143 293
143 340
143 355
143 357
143 399
143 408
144 157
144 183
144 187
144 194
144 207
144 221
144 320
144 368
144 396
144 412
144 413
145 174
145 305
145 330
146 163
146 274
146 326
146 411
146 458
146 470
146 479
147 160
147 191
147 204
147 258
147 265
147 355
147 406
147 422
147 424
148 206
148 265
148 277
148 324
148 342
148 372
148 397
148 431
148 483
148 498
149 160
149 165
149 187
149 268
149 290
149 462
150 205
150 240
150 247
150 288
150 329
150 401
150 417
150 459
150 462
151 171
151 248
151 312
151 319
151 332
151 334
151 379
151 385
151 405
151 436
151 446
152 166
152 167
152 203
152 275
152 296
152 361
152 369
152 451
152 487
153 301
153 311
153 337
153 454
153 485
154 158
154 229
154 234
154 249
154 260
154 283
154 316
154 336
154 354
154 395
154 408
154 488
154 491
155 182
155 248
155 266
155 307
155 322
155 413
155 422
156 211
156 247
156 271
156 322
156 451
157 173
157 196
157 198
157 243
157 274
157 295
157 428
157 445
158 168
158 183
158 202
158 253
158 301
158 346
158 463
159 168
159 172
159 230
159 306
159 307
159 311
159 334
159 356
159 375
159 395
159 404
159 485
160 207
160 213
160 252
160 277
160 326
160 411
160 443
160 473
160 490
161 166
161 187
161 195
161 269
161 330
161 337
161 380
161 385
161 439
162 187
162 188
162 249
162 254
162 269
162 341
162 353
162 357
162 361
162 394
163 164
163 277
163 289
163 324
163 348
163 354
163 367
163 374
163 430
163 485
164 195
164 211
164 279
164 301
164 311
164 393
164 460
164 488
165 179
165 197
165 218
165 233
165 408
165 480
166 185
166 211
166 263
166 373
166 399
166 409
166 479
167 178
167 184
167 201
167 292
167 293
167 300
167 309
167 411
167 467
168 183
168 201
168 205
168 289
168 303
168 376
168 391
168 424
168 430
168 449
168 478
168 480
169 229
169 275
169 363
169 378
169 389
169 442
169 457
169 498
170 183
170 185
170 243
170 263
170 269
170 279
170 353
170 391
170 482
171 247
171 314
171 319
171 416
172 196
172 398
172 499
173 186
173 221
173 230
173 275
173 289
173 305
173 384
173 391
173 401
173 454
173 472
174 181
174 191
174 202
174 251
174 269
174 288
174 340
174 343
174 351
174 486
175 195
175 204
175 271
175 358
175 384
175 451
176 243
176 263
176 288
176 318
176 446
176 471
177 188
177 264
177 345
177 425
177 464
178 239
178 245
178 277
178 284
178 287
178 352
178 366
178 453
178 484
179 318
179 339
179 367
179 370
179 409
179 413
179 430
179 439
179 480
180 221
180 302
180 402
180 432
180 439
181 213
181 215
181 246
181 278
181 291
181 300
181 307
181 404
181 474
181 491
182 288
182 339
182 366
182 374
182 385
182 390
182 395
182 400
182 413
182 416
182 429
182 457
182 460
182 477
183 209
183 221
183 355
183 417
183 432
183 451
184 215
184 295
184 350
184 373
184 432
184 497
185 214
185 315
185 332
185 334
185 338
185 355
185 373
185 478
185 479
186 191
186 224
186 243
186 361
186 372
186 374
186 393
186 492
187 244
187 256
187 336
187 374
187 423
187 443
187 455
188 265
188 304
188 318
188 326
188 331
188 415
188 426
188 439
188 453
188 464
188 497
189 305
189 361
189 404
189 405
189 443
189 460
190 260
190 280
190 483
191 226
191 255
191 316
191 324
191 432
191 466
191 478
192 281
192 306
192 328
192 332
192 388
192 406
192 456
193 234
193 270
193 280
193 284
193 344
193 422
193 423
193 471
194 238
194 241
194 300
194 310
194 408
194 415
194 421
194 428
195 248
195 271
195 430
195 438
195 444
195 474
196 211
196 246
196 252
196 257
196 286
196 307
196 393
196 409
196 429
196 447
196 462
197 207
197 264
197 303
197 351
197 378
197 403
197 411
197 485
198 217
198 227
198 236
198 244
198 298
198 351
198 413
198 425
198 461
198 477
199 215
199 239
199 283
199 288
199 296
199 306
199 328
199 338
199 382
199 386
199 390
199 416
199 478
199 480
200 225
200 237
200 246
200 259
200 261
200 267
200 317
200 360
200 414
200 424
201 249
201 276
201 364
201 383
201 449
201 493
202 234
202 359
202 400
202 434
202 476
202 486
203 209
203 285
203 371
203 378
203 386
203 397
203 424
203 445
204 231
204 304
204 306
204 348
204 375
204 389
204 489
205 206
205 225
205 267
205 279
205 338
205 345
205 428
205 430
205 438
205 467
206 210
206 379
206 397
206 399
206 423
206 452
207 233
207 244
207 248
207 280
207 290
207 487
208 287
208 465
208 478
208 494
209 260
209 377
209 396
209 406
209 479
210 332
210 337
210 340
210 362
210 408
210 453
211 213
211 445
211 493
212 216
212 220
212 239
212 241
212 332
212 380
212 430
212 460
213 250
213 339
213 351
213 389
213 416
213 430
214 221
214 263
214 325
214 355
214 356
214 388
214 419
214 476
215 258
215 272
215 342
215 383
215 385
216 237
216 243
216 246
216 254
216 298
216 389
216 405
216 427
216 445
216 470
217 231
217 348
217 375
217 376
217 384
217 411
217 440
217 474
217 489
218 243
218 285
218 288
218 289
218 301
218 302
218 305
218 354
218 374
218 408
218 440
218 481
219 243
219 255
219 355
219 394
219 434
219 468
220 308
220 356
220 427
220 478
221 260
221 311
221 353
221 436
221 438
221 444
221 472
221 475
222 269
222 275
222 342
222 418
222 460
223 230
223 235
223 285
223 349
223 351
223 393
223 455
223 494
224 239
224 255
224 267
224 333
224 369
224 444
224 465
225 277
225 316
225 373
225 374
225 476
226 227
226 272
226 406
226 455
226 462
226 469
227 263
227 295
227 349
227 358
227 400
227 477
227 492
228 261
228 303
228 346
228 423
229 230
229 289
229 307
229 345
229 448
230 242
230 288
230 317
230 402
230 443
230 464
231 250
231 287
231 333
231 433
231 439
232 300
232 332
232 394
232 402
232 465
233 253
233 335
233 337
233 346
233 357
233 416
234 259
234 275
234 303
234 306
234 342
234 391
234 392
234 429
234 452
234 456
234 468
235 243
235 269
235 370
235 386
235 412
235 427
235 499
236 289
236 329
236 341
236 343
236 360
236 390
236 430
236 482
236 495
237 242
237 280
237 287
237 314
237 372
237 458
238 298
238 325
238 381
238 404
238 447
238 476
238 484
239 265
239 288
239 317
239 323
239 332
239 349
239 418
239 429
239 476
239 488
240 443
241 329
241 357
241 360
241 363
241 381
241 392
241 400
241 411
241 475
242 275
242 309
242 334
242 345
242 362
242 365
242 382
242 392
242 461
242 465
243 275
243 356
243 435
243 460
244 294
244 331
244 406
244 412
244 477
244 499
245 300
245 323
245 347
245 380
245 426
246 254
246 274
246 469
246 471
246 483
246 485
247 252
247 289
247 308
247 327
247 332
247 433
247 457
247 473
247 483
248 251
248 267
248 268
248 361
248 372
248 406
248 410
248 453
249 251
249 261
249 273
249 276
249 295
249 341
249 356
249 418
249 467
249 470
250 309
250 325
250 362
251 271
251 296
251 337
251 349
251 399
251 402
251 487
252 300
252 350
252 442
252 492
253 300
253 329
253 393
253 402
253 474
254 386
254 416
254 445
254 451
255 266
255 287
255 295
255 300
255 346
255 420
255 458
255 470
255 496
256 317
256 396
256 416
256 443
256 463
256 493
257 295
257 299
257 446
258 369
258 380
258 389
258 411
258 433
258 443
258 467
259 283
259 368
259 408
259 448
259 461
259 471
259 478
260 294
260 300
260 316
260 339
260 428
260 468
260 489
261 262
261 269
261 367
261 384
261 400
261 405
261 416
261 418
261 424
261 442
261 470
261 472
261 473
262 263
262 374
262 426
262 468
262 487
263 292
263 318
263 343
263 347
263 372
263 384
263 401
263 428
263 429
263 432
264 343
264 395
264 410
264 416
264 425
264 434
264 483
264 496
265 291
265 365
265 460
265 493
266 276
266 304
266 307
266 316
266 331
266 341
266 366
266 420
266 429
266 456
266 457
266 460
267 276
267 348
267 350
267 374
267 393
267 430
267 439
267 474
267 499
268 291
268 307
268 334
268 376
268 439
269 286
269 313
269 374
269 397
269 410
269 439
269 490
270 303
270 337
270 375
270 408
271 277
271 331
271 346
271 435
271 494
271 495
272 383
272 384
272 430
272 447
273 344
273 349
273 365
273 375
273 388
273 431
273 464
274 332
274 383
274 413
274 429
274 435
274 478
275 307
275 358
275 378
275 436
275 491
276 348
276 365
276 366
276 394
276 418
276 452
276 488
276 493
277 374
277 381
277 408
277 483
277 497
278 282
278 380
278 421
278 469
278 489
279 319
279 348
279 427
280 351
280 377
280 381
280 451
280 481
280 490
281 308
281 312
282 343
282 450
282 481
283 311
283 322
283 335
283 441
284 325
284 406
284 420
285 344
285 381
285 405
285 414
285 423
285 472
286 312
286 399
286 414
286 464
287 329
287 437
287 438
287 471
287 496
288 330
288 440
289 301
289 406
289 410
289 415
289 436
289 480
289 481
290 318
290 337
290 405
290 425
290 426
290 432
290 433
290 436
290 437
290 459
291 314
291 346
291 389
291 420
291 432
291 480
291 494
292 323
292 335
292 346
292 360
292 374
292 377
292 379
292 393
292 422
292 465
292 475
292 485
293 340
293 342
293 391
293 398
293 422
293 446
293 493
294 478
294 480
295 302
295 305
295 320
295 355
295 357
295 377
295 383
295 390
295 439
296 319
296 362
296 413
296 464
296 477
297 313
297 343
298 377
298 416
298 426
298 467
299 390
299 450
299 465
300 330
300 341
300 349
301 303
301 328
301 332
301 346
301 365
301 390
301 403
301 429
301 448
301 452
301 460
301 466
301 467
301 479
302 388
302 448
302 471
303 345
303 397
303 429
304 352
304 371
304 494
305 333
305 498
306 366
306 435
306 441
306 499
307 392
308 337
308 344
308 395
308 443
308 479
308 489
309 326
309 466
309 489
310 387
311 366
311 380
311 432
312 410
313 353
313 444
313 447
313 455
315 364
315 386
315 391
315 419
315 422
315 473
316 344
316 379
316 393
316 395
316 406
316 461
317 340
317 353
317 365
317 390
317 419
317 423
317 426
317 460
317 471
317 496
318 342
318 377
318 446
318 473
319 367
319 392
319 398
319 401
320 344
320 369
320 377
320 401
320 413
320 418
320 452
320 476
321 333
321 379
321 436
322 327
322 342
322 372
322 442
322 458
322 467
323 334
323 403
323 440
323 472
323 475
324 397
324 462
324 497
325 329
325 336
325 388
325 478
326 475
327 331
327 350
327 446
327 452
327 458
328 336
328 366
328 470
329 343
329 349
329 395
329 443
330 389
330 407
330 472
331 332
331 345
331 450
333 411
333 477
333 489
334 338
334 399
334 442
334 489
335 424
335 429
335 447
335 476
336 375
336 379
336 494
337 339
337 478
338 363
338 369
338 371
338 408
338 419
338 481
339 372
339 404
339 429
339 442
339 449
340 411
340 450
340 451
340 466
340 478
340 480
340 481
341 410
341 414
341 443
341 477
342 364
342 384
342 403
342 417
342 443
342 482
343 364
343 384
343 413
343 473
343 476
344 412
344 429
344 442
345 355
345 394
347 406
347 469
347 471
348 355
348 373
348 456
348 497
348 498
349 405
349 469
350 382
350 400
350 420
351 423
351 491
351 494
352 374
352 480
352 495
353 410
353 438
353 441
353 465
353 476
353 479
354 396
354 411
354 431
354 435
354 478
354 493
355 373
355 443
355 465
356 416
356 417
356 451
356 468
357 360
357 478
357 485
358 425
358 477
358 499
359 378
359 434
359 474
360 382
360 401
360 421
360 426
360 468
361 386
361 417
362 412
362 468
363 386
363 497
363 499
364 376
364 384
364 421
364 425
364 466
364 490
365 396
366 369
366 435
366 440
366 457
367 379
367 402
367 429
367 448
367 479
368 429
368 449
369 426
369 456
370 371
370 405
370 417
370 425
370 488
370 492
371 393
371 476
372 378
372 399
372 404
372 447
372 462
372 468
372 485
373 422
374 399
375 379
375 396
375 400
375 485
376 468
376 480
376 490
377 391
377 415
377 435
377 444
377 465
377 498
378 382
378 397
378 423
378 440
379 397
379 409
379 439
379 479
380 411
380 419
380 441
380 442
380 444
380 478
380 489
382 388
382 486
382 494
383 394
383 399
384 386
384 388
385 410
385 426
385 490
386 453
387 401
387 460
387 464
387 497
388 397
388 398
388 424
388 438
388 445
389 398
389 435
390 436
390 437
390 465
390 468
390 485
390 491
391 434
391 439
391 483
391 487
392 404
392 407
392 409
392 417
392 453
393 427
394 395
394 405
394 458
395 471
395 493
396 485
397 428
397 430
397 438
397 473
399 407
399 475
400 425
401 402
401 471
402 459
402 499
403 474
403 496
404 421
404 445
404 464
404 478
406 422
406 424
406 438
406 462
406 479
406 487
407 439
407 475
408 438
408 458
408 476
409 433
410 435
410 437
411 416
412 451
412 475
413 438
413 455
413 477
414 430
414 482
415 473
415 484
418 455
419 447
420 421
420 425
420 465
421 443
422 429
422 491
423 446
426 428
426 465
426 492
429 433
429 473
429 483
430 456
430 477
431 438
431 443
431 494
432 483
434 442
434 483
434 493
435 443
435 455
436 494
437 464
437 490
440 483
442 449
443 450
443 491
444 486
445 459
447 485
448 463
452 463
452 466
452 484
453 486
453 499
454 499
455 472
455 489
457 490
458 494
459 494
460 493
461 467
462 484
463 489
463 490
466 480
468 486
468 496
468 498
472 497
476 490
478 494
480 482
481 487
481 489
482 498
483 485
484 499
