0
500
1855
0
1
0
0 34
0 53
0 66
0 169
0 216
0 221
0 230
0 390
0 415
0 435
0 450
0 460
1 15
1 19
1 21
1 156
1 177
1 185
1 187
1 250
1 444
1 493
2 43
2 80
2 125
2 129
2 334
2 353
2 427
2 465
3 27
3 78
3 151
3 245
3 253
3 288
3 308
3 309
3 326
3 335
3 393
4 142
4 153
4 218
4 263
4 412
4 446
4 456
5 104
5 156
5 172
5 186
5 240
5 363
5 410
5 484
6 59
6 68
6 192
6 212
6 249
6 286
6 333
6 335
6 371
7 62
7 93
7 101
7 103
7 115
7 142
7 157
7 206
7 267
7 308
7 494
8 72
8 90
8 108
8 142
8 153
8 189
8 271
8 344
8 416
8 420
9 36
9 75
9 92
9 391
9 417
9 418
9 463
10 24
10 75
10 83
10 118
10 157
10 489
11 39
11 65
11 103
11 122
11 183
11 318
11 320
11 322
11 465
11 478
11 480
12 138
12 348
12 394
12 406
12 431
13 88
13 190
13 391
14 25
14 92
14 174
14 236
14 286
14 403
14 476
15 196
15 268
15 280
15 385
16 193
16 202
16 253
16 260
16 363
16 485
17 51
17 235
17 251
18 24
18 26
18 58
18 90
18 130
18 148
18 231
18 272
18 274
18 378
18 477
19 40
19 94
19 119
19 136
19 213
19 239
19 302
19 332
19 342
19 404
20 125
20 201
20 345
20 354
20 440
20 463
20 493
21 159
21 163
21 175
21 260
21 301
21 406
21 436
22 50
22 90
22 138
22 141
22 174
22 182
22 332
22 427
22 436
22 446
22 461
23 38
23 45
23 73
23 76
23 141
23 205
23 246
23 268
23 340
23 451
24 102
24 158
24 188
24 207
24 212
24 254
24 294
24 365
24 480
24 485
25 88
25 274
25 313
25 390
26 72
26 84
26 124
26 132
26 153
26 202
26 238
26 287
26 402
27 37
27 140
27 147
27 151
27 166
27 171
27 220
27 249
27 307
28 224
28 262
28 269
28 371
28 468
29 124
29 128
29 158
29 186
29 189
29 210
29 337
29 343
29 350
29 471
30 44
30 87
30 328
30 365
30 392
30 477
31 131
31 228
31 392
31 436
31 470
31 494
32 53
32 84
32 135
32 167
32 207
32 329
32 339
32 431
32 476
33 62
33 212
33 268
33 307
34 56
34 190
34 218
34 261
34 275
34 307
34 405
35 106
35 119
35 140
35 458
35 468
35 491
36 39
36 110
36 136
36 232
36 249
36 388
37 64
37 65
37 433
38 250
38 260
38 291
38 361
39 61
39 256
39 322
39 331
39 384
39 411
40 257
40 326
40 345
40 442
40 462
41 164
41 233
41 267
41 272
41 329
41 489
42 49
42 63
42 174
42 182
42 363
42 437
43 139
43 157
43 163
43 215
43 320
43 352
43 374
44 195
44 217
44 241
44 278
44 279
44 291
44 342
44 344
45 51
45 121
45 129
45 139
45 257
45 283
45 303
45 321
45 349
45 352
45 442
45 474
46 112
46 183
46 200
46 244
46 263
46 314
46 382
47 65
47 145
47 305
47 309
47 338
47 404
47 461
47 470
48 191
48 193
48 352
48 410
49 75
49 130
49 186
49 351
50 145
50 346
50 427
50 446
51 79
51 132
51 141
51 177
51 209
51 282
51 314
51 335
51 344
51 411
51 421
52 85
52 87
52 193
52 237
52 238
52 322
52 384
52 424
52 425
53 167
53 238
53 245
53 329
53 350
53 367
53 384
53 396
53 431
53 443
53 467
53 493
54 86
54 283
54 456
54 464
55 72
55 131
55 164
55 218
55 392
56 96
56 221
56 359
56 426
57 261
57 295
57 332
57 349
57 359
58 234
58 309
58 310
58 335
58 435
58 452
59 220
59 279
59 325
59 361
59 429
60 218
60 224
60 263
60 290
60 309
60 324
60 346
60 378
60 435
61 78
61 145
61 167
61 258
61 275
61 315
61 351
62 174
62 485
63 163
63 268
63 346
63 383
64 108
64 307
64 332
64 343
64 399
64 465
65 77
65 97
65 117
65 154
65 292
65 298
65 347
66 73
66 88
66 162
66 235
66 391
66 474
66 486
67 74
67 110
67 171
67 216
67 322
67 329
67 371
67 395
68 220
68 248
68 263
68 364
68 403
68 499
69 126
69 214
69 225
69 271
69 328
69 362
69 459
69 465
70 225
70 228
70 327
70 333
70 357
70 396
70 489
71 367
71 436
72 94
72 125
72 133
72 162
72 172
72 186
72 285
72 289
72 295
72 299
72 341
73 317
73 464
74 128
74 157
74 260
74 270
74 347
74 401
74 425
75 120
75 160
75 163
75 199
75 203
75 280
75 392
76 234
76 259
76 434
76 456
77 85
77 111
77 172
77 239
77 244
77 328
77 410
78 118
78 128
78 131
78 277
78 397
79 83
79 173
79 182
79 234
79 374
79 440
80 148
80 168
80 174
80 195
80 287
80 288
80 371
81 169
81 215
81 220
81 271
81 398
81 422
82 84
82 95
82 163
82 200
82 218
82 353
82 435
82 441
82 499
83 155
83 182
83 274
83 443
83 499
84 189
84 200
84 216
84 253
84 314
84 401
84 468
84 478
85 97
85 223
85 469
85 499
86 107
86 200
86 281
86 318
86 322
86 337
86 360
86 468
86 475
87 195
87 209
87 210
87 251
87 272
87 330
87 383
87 389
88 97
88 147
88 187
88 326
88 392
88 417
89 180
89 332
89 376
89 383
89 401
90 111
90 140
90 155
90 275
90 299
90 433
90 438
90 447
90 471
90 480
91 264
91 350
91 411
92 114
92 139
92 213
92 435
92 459
92 473
93 132
93 266
93 289
93 303
93 311
94 163
94 175
94 348
95 200
95 268
95 434
95 441
96 103
96 115
96 207
96 264
96 267
96 315
97 160
97 183
97 193
97 245
97 395
97 417
97 420
97 470
97 479
98 152
98 250
98 264
98 281
98 317
98 351
98 352
98 361
98 436
98 438
99 197
99 242
99 305
99 415
99 440
100 165
100 211
100 212
100 246
100 252
100 269
100 459
100 465
101 132
101 298
101 461
102 111
102 151
102 152
102 183
102 228
102 263
102 413
103 113
103 161
103 169
103 323
103 400
103 476
104 141
104 190
104 258
104 363
104 368
104 372
104 434
105 120
105 215
105 309
105 349
105 366
105 451
105 481
105 483
105 487
106 215
106 228
106 238
106 306
106 340
106 410
106 413
107 245
107 299
107 322
107 410
107 453
108 249
108 269
108 291
108 424
109 214
109 245
109 374
109 388
109 497
110 144
110 355
111 150
111 157
111 211
111 222
111 379
111 463
111 488
112 191
112 296
112 333
112 359
112 382
112 449
113 272
113 281
113 284
114 126
114 140
114 152
114 158
114 217
114 237
114 339
115 130
115 383
115 446
116 197
116 234
116 239
116 287
116 294
117 126
117 172
117 188
117 219
117 244
117 247
117 250
118 149
118 201
119 230
119 257
119 364
119 494
120 177
120 207
120 258
120 390
120 495
121 190
121 278
121 279
121 338
121 470
121 491
122 159
122 217
122 271
122 332
122 370
122 422
123 241
123 358
124 142
124 203
124 208
124 253
124 404
124 473
125 128
125 143
125 167
125 293
125 452
125 459
126 255
126 267
126 458
127 174
127 290
127 296
127 337
127 432
128 133
128 234
128 251
128 321
128 387
128 405
128 444
128 446
128 485
129 145
129 361
129 389
129 392
129 436
130 216
130 233
130 242
130 354
130 425
130 435
130 476
130 487
131 180
131 201
131 335
131 352
131 375
131 418
131 485
132 238
132 243
132 332
132 364
132 448
132 482
133 194
133 223
133 269
133 351
133 433
133 453
134 165
134 250
134 278
134 281
134 300
134 310
134 374
134 481
135 215
135 268
136 172
136 350
136 410
136 417
136 490
137 272
137 325
138 317
138 356
138 400
138 456
139 260
140 185
140 360
140 361
140 430
140 477
140 488
141 217
141 334
141 406
141 431
141 444
142 146
142 185
142 251
142 266
142 327
142 375
142 460
142 466
143 237
143 330
143 376
143 389
143 481
144 407
144 419
145 481
146 204
146 301
146 307
146 344
146 430
147 190
147 326
147 339
147 351
147 359
147 408
148 285
148 380
148 447
148 487
149 218
149 393
149 441
150 200
150 254
150 377
150 459
151 258
151 407
151 478
152 222
152 239
152 290
152 328
152 447
152 499
153 203
153 490
154 244
154 305
154 317
154 334
154 444
155 179
155 277
155 386
155 408
155 451
155 465
155 466
155 486
156 182
156 207
156 236
156 247
156 294
156 431
156 434
158 264
158 337
158 355
158 357
158 385
158 413
158 426
158 453
159 177
159 249
159 391
159 444
159 452
159 483
160 302
160 381
160 384
160 484
161 171
161 335
161 409
161 452
162 175
162 219
162 241
162 408
162 423
162 450
163 212
163 218
163 345
163 430
164 233
164 237
164 273
164 354
164 372
164 388
164 393
165 241
165 435
165 457
166 182
166 208
166 223
166 280
166 351
166 387
166 470
167 252
167 411
168 292
168 353
168 439
168 443
168 455
169 190
169 266
169 272
169 385
169 408
169 499
170 265
170 280
170 281
170 297
170 349
170 392
170 401
170 427
171 283
171 308
171 334
171 353
171 390
171 478
171 494
172 215
172 299
172 419
172 440
173 174
173 302
173 441
173 456
173 481
174 312
174 419
174 435
174 441
175 179
175 215
175 239
175 397
175 442
175 482
176 209
176 217
176 252
176 271
176 325
176 357
177 216
177 314
177 369
177 382
177 395
177 432
177 467
177 493
178 197
178 212
178 246
178 271
178 284
178 306
178 340
178 380
178 394
178 428
178 429
178 452
178 492
179 201
179 229
179 257
179 260
179 265
179 272
179 290
179 394
179 444
180 204
180 352
180 395
180 454
181 404
181 420
181 466
182 291
182 435
182 442
182 489
183 253
183 325
183 371
183 483
184 225
184 258
184 456
184 477
185 202
185 225
185 344
185 397
185 407
186 276
186 293
186 355
186 450
187 238
187 280
187 485
188 304
188 309
188 346
188 386
188 456
188 479
189 194
189 195
189 292
190 229
190 237
190 362
191 228
191 261
191 346
191 485
192 198
192 272
192 327
192 409
192 464
193 211
193 232
193 299
193 321
193 350
193 363
194 208
194 216
194 231
194 320
194 373
194 389
194 456
196 253
196 313
196 361
196 401
196 434
196 461
196 467
197 224
197 341
197 351
197 352
197 395
197 399
197 400
197 427
198 240
199 282
199 310
199 314
199 344
199 379
199 408
199 483
200 206
200 218
200 273
200 288
200 289
200 333
200 389
200 397
200 432
200 479
201 393
201 406
201 458
201 466
202 250
202 362
202 440
202 444
203 233
203 245
203 286
203 314
203 345
203 429
203 437
204 217
204 227
204 254
204 296
204 301
204 355
204 384
204 438
205 296
205 382
206 360
206 370
206 404
206 406
206 416
206 427
206 446
207 239
207 325
207 405
207 411
207 448
207 477
208 252
208 375
209 231
209 253
209 309
209 375
210 277
210 470
210 484
211 232
211 247
211 296
211 307
211 311
211 329
211 383
212 237
212 280
212 352
212 474
212 488
213 325
213 423
213 484
214 359
216 219
216 494
217 220
217 240
217 255
217 304
217 328
217 465
218 249
218 442
218 457
219 252
219 314
220 381
220 428
221 252
221 266
221 361
221 476
221 494
222 342
222 491
222 499
223 270
223 301
223 302
223 403
223 482
224 234
224 417
225 237
225 243
225 338
225 344
225 367
226 234
226 312
226 352
226 389
227 289
227 333
227 376
227 484
228 348
228 352
228 473
229 245
229 270
229 314
229 347
229 383
230 340
230 350
230 492
231 417
232 267
232 268
232 284
232 486
232 497
233 291
233 337
234 270
234 307
234 450
234 451
235 279
235 307
235 372
235 455
236 287
236 426
236 462
237 254
237 256
237 326
237 362
237 390
237 393
237 492
238 283
238 300
238 407
238 429
238 456
239 344
239 348
239 364
239 442
239 481
239 489
240 291
240 331
240 398
240 407
240 416
240 428
240 471
241 315
241 404
241 490
241 495
242 408
242 444
242 454
242 471
243 270
243 284
243 367
243 410
243 443
244 402
244 437
244 456
245 304
246 319
246 336
246 396
246 411
246 420
247 484
248 384
248 412
248 491
249 312
249 433
249 484
250 278
250 401
251 292
251 311
251 349
251 417
251 486
252 263
252 275
252 343
253 302
253 351
253 390
253 437
253 445
253 478
254 406
254 413
255 294
255 411
255 467
256 302
256 437
256 474
257 275
257 434
258 267
258 338
258 397
258 415
259 277
259 345
259 391
259 465
260 267
260 360
260 369
260 484
261 330
261 347
262 314
262 407
262 428
262 471
263 335
264 272
264 343
264 391
264 458
264 463
264 473
264 497
265 274
265 275
265 318
265 338
265 343
265 378
265 446
266 329
266 340
266 354
266 370
266 416
266 422
266 445
267 333
267 346
267 455
267 469
268 317
268 323
268 469
269 320
269 364
269 404
270 296
270 314
270 381
270 418
271 336
271 439
271 440
271 457
272 305
272 317
272 374
272 414
272 424
273 286
273 349
273 448
273 474
273 482
273 491
274 280
274 315
274 346
274 407
275 329
275 391
275 445
275 487
276 312
276 392
276 491
277 297
277 324
277 349
277 351
278 446
278 457
279 383
279 387
279 405
279 455
279 459
279 491
280 283
280 433
281 327
282 317
282 375
282 378
282 445
283 361
283 468
284 325
284 344
284 353
284 403
284 430
284 474
285 423
286 318
286 479
287 297
287 346
287 428
287 434
287 469
287 475
287 476
287 493
287 494
288 320
288 324
288 325
289 297
290 327
290 414
291 398
291 438
291 470
292 296
292 323
292 394
292 432
292 470
293 435
294 296
294 327
294 387
294 460
294 492
295 430
295 438
296 306
296 447
296 454
296 467
296 482
296 485
297 352
297 375
298 304
299 442
300 377
301 319
301 333
302 347
302 480
303 323
303 365
303 411
304 346
304 459
304 479
304 485
306 327
307 386
308 361
308 384
308 471
308 489
308 499
309 385
309 398
309 429
309 474
310 407
310 459
310 465
310 496
312 327
312 362
312 397
312 438
312 473
313 400
313 444
313 498
314 403
314 407
314 480
315 396
316 384
316 390
316 396
316 439
317 318
317 382
318 402
318 437
319 347
319 415
319 446
320 367
320 485
320 493
321 355
321 395
321 414
322 419
322 447
323 427
323 455
324 415
325 336
325 370
325 458
326 345
326 367
326 414
326 484
327 330
327 333
328 443
330 352
330 375
330 402
330 429
330 467
330 478
331 378
331 395
331 405
331 416
331 488
333 335
333 404
333 425
333 487
334 483
335 393
335 394
335 460
336 364
336 377
337 388
337 422
337 471
338 363
338 374
338 436
339 424
340 426
340 478
341 366
341 403
341 412
343 464
344 349
344 423
345 436
345 457
346 393
346 414
346 431
346 469
348 350
348 416
348 446
348 478
350 360
350 376
350 455
350 493
351 461
351 486
352 360
352 364
353 361
353 371
353 438
354 443
356 396
356 441
356 467
357 367
357 412
358 404
358 498
359 415
359 473
360 363
360 371
360 492
361 366
361 437
363 367
364 407
366 370
366 383
366 410
366 419
366 482
367 408
368 453
368 471
369 478
369 491
370 466
372 375
372 425
372 472
373 461
373 476
374 484
375 486
376 444
377 397
377 436
377 450
380 442
380 443
380 470
380 473
381 483
383 442
384 419
384 489
385 477
386 412
386 453
386 478
386 491
387 429
387 442
387 444
388 414
389 391
389 413
389 420
390 458
390 469
390 476
392 415
392 430
392 460
392 474
393 402
395 418
395 429
395 469
395 499
396 440
396 459
398 496
399 454
400 414
400 429
400 430
400 437
402 452
402 497
403 406
403 418
403 454
403 479
403 488
405 449
405 451
406 483
407 451
408 463
408 478
408 480
408 482
409 482
411 416
411 428
413 474
414 455
414 463
414 492
416 432
417 419
418 440
418 451
419 422
419 439
421 492
422 438
422 453
422 467
422 481
423 443
423 493
424 425
424 431
424 485
424 497
425 449
425 498
426 444
426 466
426 471
426 489
429 464
430 470
431 477
431 481
433 451
434 488
435 470
435 498
436 438
437 449
437 497
438 451
438 497
439 447
439 490
442 480
444 474
444 499
445 454
445 484
448 494
455 457
455 462
459 466
459 472
459 483
461 468
463 497
467 476
467 489
467 496
468 479
476 482
476 486
477 496
482 489
484 487
