0
500
1859
0
1
0
0 76
0 332
0 337
0 359
0 374
0 391
0 395
0 482
1 38
1 125
1 126
1 128
1 146
1 173
1 175
1 333
1 355
1 449
2 86
2 101
2 124
2 140
2 239
2 441
2 477
3 45
3 60
3 66
3 105
3 120
3 126
3 298
3 311
3 372
3 387
3 422
4 27
4 372
4 422
5 21
5 82
5 88
5 105
5 116
5 119
5 129
5 133
5 136
5 148
5 150
5 222
5 336
5 457
5 499
6 33
6 73
6 137
6 379
6 406
6 479
7 11
7 23
7 111
7 244
7 301
7 322
7 341
8 249
8 346
8 351
8 410
9 29
9 90
9 263
9 363
9 413
9 454
9 484
10 35
10 115
10 288
10 334
10 350
11 80
11 88
11 111
11 169
11 210
11 229
11 308
11 335
11 405
11 474
11 492
12 79
12 89
12 223
12 252
12 280
12 416
12 429
12 454
12 482
13 129
13 210
13 251
13 319
13 360
13 386
13 443
14 107
14 116
14 122
14 123
14 207
14 311
14 442
15 109
15 175
15 251
15 295
15 392
15 407
15 447
16 27
16 171
16 172
16 180
16 283
16 291
16 327
16 365
17 152
17 280
17 336
17 388
17 425
17 432
17 479
17 497
18 25
18 55
18 103
18 145
18 154
18 155
18 362
18 432
18 438
18 439
18 496
19 87
19 121
19 130
19 329
19 340
19 454
20 79
20 84
20 155
20 188
20 413
20 434
20 436
21 49
21 251
21 351
21 362
21 447
21 457
21 490
22 149
22 169
22 281
22 399
22 414
23 35
23 137
23 172
23 226
23 269
23 284
23 337
23 346
23 348
23 353
23 377
24 39
24 54
24 96
24 200
24 259
24 288
24 386
24 393
24 432
25 103
25 138
25 211
25 215
25 275
25 298
25 311
25 332
26 307
26 404
27 40
27 89
27 328
27 361
27 438
27 458
27 482
27 493
28 64
28 110
28 147
28 212
28 413
28 458
28 479
29 234
29 297
29 349
29 469
29 488
30 195
30 245
30 264
30 301
30 416
30 446
30 448
30 481
31 46
31 135
31 140
31 221
31 329
31 422
32 54
32 239
32 300
32 314
32 349
32 499
33 124
33 176
33 257
33 279
33 360
33 443
34 123
34 300
34 329
34 355
34 442
35 37
35 184
35 192
35 361
35 479
36 88
36 127
36 165
36 217
36 267
36 269
36 290
36 310
37 48
37 54
37 167
37 192
37 232
37 279
37 349
37 354
37 410
38 57
38 132
38 143
38 153
38 171
38 183
38 291
38 329
38 394
39 190
39 328
39 377
39 478
40 109
40 110
40 113
40 129
40 187
40 310
40 490
41 103
41 196
41 205
41 243
41 256
41 373
41 461
41 486
42 64
42 128
42 190
42 270
42 366
43 148
43 167
43 206
43 231
43 246
43 299
43 323
43 390
43 440
43 465
43 484
43 485
44 68
44 208
44 256
44 301
44 320
44 351
44 389
44 439
44 495
45 55
45 65
45 83
45 86
45 96
45 269
45 300
45 457
45 487
45 491
46 110
46 299
46 366
46 390
46 444
46 461
47 60
47 94
47 109
47 293
47 325
47 391
47 395
48 56
48 116
48 165
48 179
48 240
48 296
48 298
48 328
48 406
48 432
48 454
48 477
49 56
49 90
49 244
49 306
49 370
49 385
49 407
49 421
49 430
49 464
50 146
50 183
50 249
50 381
50 428
50 466
51 271
51 278
51 311
51 405
51 436
52 87
52 134
52 239
52 330
52 370
52 378
52 385
52 445
52 486
53 76
53 86
53 103
53 109
53 269
53 286
53 310
53 420
54 94
54 182
54 330
54 416
54 471
55 80
55 81
55 189
55 225
55 372
55 430
55 455
56 70
56 120
56 172
56 176
56 195
56 231
56 340
56 408
56 451
57 72
57 125
57 379
57 471
58 399
58 419
58 451
59 252
59 422
59 434
60 213
60 331
60 341
60 342
60 382
61 73
61 118
61 119
61 137
61 158
61 179
61 262
61 267
61 293
61 296
61 331
61 343
61 460
61 488
61 491
62 114
62 116
62 122
62 127
62 203
62 286
62 341
63 72
63 175
63 216
63 234
63 235
63 352
63 430
63 443
64 99
64 134
64 143
64 206
64 277
64 293
64 320
64 445
65 112
65 352
65 371
65 446
65 455
66 160
66 206
66 230
66 431
66 450
67 116
67 151
67 344
67 358
67 378
67 391
68 77
68 96
68 165
68 232
68 234
68 313
68 432
68 490
69 274
69 275
69 326
69 356
69 394
69 408
70 85
70 177
70 414
70 469
70 470
71 136
71 335
71 370
71 392
72 176
72 356
72 374
72 431
72 488
73 307
73 409
73 493
74 101
74 249
74 331
74 341
74 349
74 367
74 393
75 230
75 234
75 267
76 78
76 121
76 252
76 290
76 492
77 82
77 118
77 130
77 138
77 247
77 345
77 471
78 113
78 167
78 428
78 476
78 493
79 124
79 152
79 155
79 200
79 207
79 286
79 344
79 461
79 481
80 238
80 310
80 439
81 108
81 132
81 223
81 249
81 250
81 273
81 303
81 372
81 434
81 440
82 112
82 170
82 310
82 329
82 429
82 462
83 92
83 168
83 171
83 209
83 407
83 408
83 432
83 459
83 465
83 469
83 487
83 490
84 107
84 170
84 302
84 324
84 356
84 368
84 481
85 263
85 356
85 420
85 467
85 481
86 98
86 163
86 199
86 241
86 309
87 134
87 152
87 185
87 379
87 413
88 102
88 148
88 329
88 458
89 170
89 262
89 309
89 317
89 335
89 350
90 105
90 316
90 344
91 157
91 212
91 282
91 323
92 110
92 124
92 205
92 212
92 232
92 398
92 448
92 453
92 499
93 261
93 324
93 378
93 468
94 444
94 463
95 157
95 224
95 243
95 250
95 282
95 358
95 385
95 414
95 433
95 485
95 491
96 253
96 340
96 489
97 299
97 326
97 382
97 409
97 436
97 492
98 120
98 233
98 316
98 371
98 451
99 222
99 234
99 311
99 409
99 437
99 440
100 309
100 325
100 332
100 396
100 455
100 476
100 498
101 280
101 440
101 464
102 135
102 224
102 233
102 241
102 259
102 287
102 290
102 304
102 429
102 451
103 136
103 173
103 189
103 356
103 357
103 397
103 466
103 491
104 184
104 354
104 454
104 485
104 491
105 123
105 176
105 216
105 343
105 388
105 391
106 171
106 178
106 260
106 322
106 347
106 349
106 377
106 392
106 438
106 442
107 347
107 349
107 469
108 258
108 270
109 248
109 366
109 476
110 132
110 222
110 234
110 278
110 357
110 411
110 418
110 463
111 265
112 288
112 349
113 121
113 144
113 163
113 192
113 292
113 301
113 438
114 116
114 161
114 202
114 240
114 403
114 410
115 136
115 236
115 285
115 307
115 445
115 498
116 149
116 221
116 245
116 278
117 252
117 387
117 419
117 453
118 173
118 248
118 288
118 454
119 168
119 203
119 263
119 451
119 488
120 145
120 183
120 215
120 240
120 363
120 365
120 372
120 431
120 456
121 227
121 240
121 312
121 331
121 414
121 431
121 440
122 131
122 418
122 420
123 240
123 262
123 288
123 293
123 330
123 341
123 365
123 383
123 429
123 444
123 489
124 164
124 366
124 443
125 149
125 219
125 430
125 463
125 486
126 133
126 152
126 246
126 289
126 319
127 167
127 188
127 199
127 395
128 139
128 201
128 284
128 357
128 372
128 418
128 432
128 472
129 166
129 183
129 205
129 221
129 255
129 303
129 380
129 416
129 422
129 431
130 136
130 312
130 472
131 164
131 194
131 200
131 207
131 320
131 415
131 496
132 138
132 250
132 340
132 350
132 410
132 416
132 426
132 473
133 376
133 422
134 167
134 182
134 241
134 264
134 287
134 312
134 328
134 384
134 465
135 163
135 261
135 280
135 336
135 350
135 442
135 443
136 289
136 300
136 340
136 361
136 370
136 393
136 405
136 449
137 172
137 324
137 326
137 364
137 396
137 397
137 463
138 401
139 171
139 284
139 400
139 435
139 447
139 453
140 308
140 358
140 382
140 443
141 163
141 169
141 173
141 248
141 276
141 292
141 424
141 429
141 473
141 498
142 219
142 440
142 478
143 191
143 318
143 331
143 353
143 393
143 406
143 479
144 213
144 238
144 251
144 358
144 421
145 218
145 234
145 252
145 279
145 320
145 329
145 451
145 495
146 190
146 212
146 248
146 324
146 356
146 377
147 232
147 307
147 410
147 498
148 251
148 467
149 166
149 185
149 202
149 204
149 287
149 343
149 446
149 447
150 227
150 234
150 283
150 302
150 432
150 484
151 190
151 249
151 265
151 286
151 326
151 361
151 363
152 280
152 285
152 347
152 353
152 372
152 443
152 458
153 189
153 344
154 251
154 311
154 461
154 471
155 195
155 347
155 348
155 419
156 198
156 371
156 373
156 419
157 222
157 264
157 270
157 283
157 355
157 360
157 388
157 391
157 409
157 413
157 443
158 204
158 254
158 324
158 345
158 361
158 419
158 454
159 235
159 253
159 328
159 429
160 215
161 382
161 411
161 424
161 448
161 498
162 207
162 300
162 438
162 447
162 449
162 484
163 305
163 421
163 426
163 490
164 189
164 207
164 237
164 305
164 417
164 427
165 194
165 272
165 406
165 495
166 180
166 199
166 290
166 345
166 401
166 444
166 457
167 293
167 300
167 374
167 441
168 252
168 455
168 476
168 499
169 309
169 408
169 489
170 218
170 273
170 398
170 410
170 412
171 273
171 320
171 331
171 345
171 351
172 176
172 328
172 421
172 429
173 275
173 331
173 348
173 459
174 204
174 210
174 262
174 266
174 327
174 426
174 428
174 482
174 499
175 207
175 214
175 344
175 390
175 411
175 416
175 467
175 482
176 234
176 267
176 395
176 477
177 251
177 307
177 437
177 499
178 339
179 207
179 279
180 194
180 222
180 273
180 395
180 413
181 225
182 287
183 203
183 254
183 268
183 306
183 407
183 446
183 484
184 250
184 292
184 305
184 353
185 299
185 345
185 486
186 292
186 300
186 356
187 262
187 272
187 356
187 376
188 417
189 255
189 367
189 383
189 412
189 474
190 198
190 227
190 291
190 351
190 374
190 453
191 225
191 259
191 477
192 330
192 442
193 205
193 437
194 242
194 275
194 477
194 489
195 293
195 296
195 392
195 445
195 471
196 286
196 295
196 296
196 307
196 463
196 464
197 208
197 339
198 226
199 357
199 360
199 443
199 453
199 461
199 465
200 216
200 245
200 338
200 389
200 465
201 222
201 245
201 385
201 413
201 416
202 204
202 322
202 395
202 413
202 446
202 460
203 228
203 306
203 391
203 427
203 498
204 264
204 310
204 388
204 475
205 326
205 462
206 220
206 301
206 306
206 314
207 419
208 211
208 234
208 338
208 427
209 227
209 267
209 269
209 291
209 330
209 349
209 396
209 492
210 216
210 236
210 249
210 282
210 294
210 333
210 350
210 410
211 236
211 369
211 434
211 492
212 265
212 318
213 222
213 355
213 368
213 399
213 403
213 462
214 238
214 306
214 424
214 472
215 264
215 316
215 424
215 434
216 237
216 269
216 302
216 323
216 324
217 280
217 342
217 436
217 445
218 248
218 262
218 348
218 400
218 412
218 429
218 494
219 231
219 237
219 289
219 364
219 381
220 427
220 441
220 461
221 263
221 317
221 353
221 426
221 472
221 487
222 291
222 324
222 457
223 308
223 346
223 447
224 276
224 277
224 318
224 329
225 386
225 451
225 488
225 489
226 380
226 385
226 474
227 419
227 469
228 234
228 279
228 289
228 315
228 477
229 298
229 307
229 390
229 391
230 408
231 239
231 276
231 403
232 244
232 363
232 388
232 460
233 333
233 394
233 414
233 462
233 473
234 258
234 292
234 357
234 419
234 426
235 264
235 282
235 309
235 338
235 351
235 439
236 366
236 423
237 308
237 451
238 313
238 334
238 345
238 354
238 387
238 391
238 409
238 443
239 434
239 490
240 311
240 352
240 406
240 456
241 351
241 399
242 254
242 322
242 369
242 370
242 387
242 439
242 445
242 472
243 276
243 318
243 367
243 466
243 487
244 337
244 370
245 278
245 391
245 435
245 443
245 488
246 327
247 257
247 319
247 326
247 337
247 364
247 388
247 457
247 480
248 292
248 300
248 308
248 394
248 398
248 402
248 441
249 364
249 395
249 459
249 474
250 326
250 372
250 386
251 367
252 263
252 379
252 441
252 491
253 282
253 315
253 318
253 412
253 429
253 475
254 306
254 308
254 346
254 469
254 486
255 290
255 292
255 345
255 430
255 439
256 286
256 353
257 466
258 418
258 420
258 429
259 317
259 319
259 327
259 337
259 385
259 417
259 453
259 487
260 313
261 339
261 470
262 455
263 267
263 350
264 293
264 427
264 442
265 281
266 330
266 352
266 404
266 433
266 442
267 273
267 292
267 347
267 404
268 456
268 491
269 314
269 336
269 362
269 376
269 402
269 496
270 327
270 354
271 276
271 281
271 282
271 289
271 437
271 474
272 392
272 492
273 289
273 330
273 346
273 405
273 421
274 280
274 303
274 379
275 292
275 345
275 380
275 404
275 405
275 464
275 473
275 475
275 485
276 289
276 359
276 364
277 306
277 421
277 425
278 292
278 313
278 324
278 471
279 280
279 341
279 365
279 369
279 372
279 437
280 350
280 489
281 375
281 496
281 497
283 370
283 385
284 346
284 385
284 402
284 446
285 298
285 335
285 340
285 421
285 461
286 307
286 438
286 446
286 454
286 491
287 321
287 333
287 460
287 492
287 495
288 344
288 425
288 482
289 345
289 437
289 461
289 475
290 298
290 319
290 351
291 306
291 359
292 338
292 425
292 433
293 371
293 378
293 392
293 401
293 454
294 308
294 364
294 394
294 435
294 449
295 311
295 393
295 404
295 413
295 447
296 315
296 350
296 360
296 384
296 389
296 403
296 465
297 335
297 384
297 476
298 307
298 336
298 396
298 483
299 325
299 382
299 468
300 344
300 378
300 435
301 428
301 445
302 304
302 314
302 325
302 345
302 351
302 362
302 397
302 402
302 421
302 437
302 474
303 411
303 480
304 319
304 383
304 413
304 475
305 358
306 337
306 362
306 372
307 342
307 350
309 328
309 329
309 347
309 363
309 465
310 369
310 495
311 314
311 367
311 431
311 444
311 498
312 380
312 435
312 442
312 446
313 393
313 409
313 417
313 473
314 474
315 449
315 489
315 490
316 371
316 375
317 442
317 496
318 344
318 346
318 401
318 472
319 338
319 395
319 479
320 415
320 440
320 453
320 463
321 335
321 447
321 458
322 374
322 492
323 421
324 408
325 328
325 471
325 475
325 487
326 345
328 342
329 351
330 372
333 350
333 360
334 383
336 377
337 485
338 387
338 435
339 484
340 399
340 406
341 367
341 385
342 445
342 472
343 398
343 442
343 447
343 475
343 478
345 427
345 490
346 358
347 436
347 483
348 356
348 395
348 457
349 371
349 496
350 428
350 432
350 442
351 411
351 455
351 495
352 358
352 419
352 486
353 493
354 380
354 410
354 476
355 370
355 380
356 376
356 389
356 436
356 492
356 493
357 370
358 375
358 409
358 420
358 422
358 444
358 445
358 446
358 489
359 376
359 404
359 425
359 498
360 385
360 449
360 485
362 383
362 396
362 441
363 385
363 419
363 425
364 390
365 415
365 438
366 374
368 385
368 464
368 497
369 419
369 440
371 426
371 434
371 443
372 394
372 423
372 439
372 454
373 415
374 487
374 495
375 384
375 482
376 430
378 394
378 478
379 398
379 420
379 445
379 449
380 420
380 491
382 397
382 428
383 387
383 403
383 428
383 499
384 454
384 486
384 490
385 456
385 492
386 464
386 469
386 476
386 486
386 493
387 409
388 404
389 400
390 482
391 400
391 427
392 492
393 468
394 400
394 406
394 490
397 402
397 419
397 436
397 470
397 472
398 405
398 453
399 427
401 441
403 454
403 486
405 468
407 464
408 472
409 468
410 434
412 443
412 479
413 443
413 472
413 478
415 453
416 480
417 438
417 449
420 437
420 466
421 460
422 441
425 483
426 446
426 453
426 468
427 434
427 458
427 484
428 498
429 469
430 436
434 447
435 446
436 486
439 498
443 452
443 487
445 446
445 498
446 448
446 499
447 453
448 456
449 465
450 471
451 460
451 473
452 471
454 458
454 483
457 485
459 463
459 486
459 491
459 494
462 498
463 490
463 493
464 480
468 478
468 491
469 488
470 486
474 479
474 485
480 491
