0
500
3102
0
1
0
0 5
0 32
0 41
0 188
0 231
0 261
0 304
0 328
0 378
0 383
0 397
0 410
0 433
0 474
1 80
1 140
1 172
1 180
1 226
1 232
1 241
1 270
1 292
1 343
1 377
1 396
1 415
1 426
1 441
1 473
2 29
2 78
2 112
2 184
2 185
2 226
2 248
2 287
2 307
2 375
2 469
3 66
3 89
3 100
3 107
3 167
3 174
3 228
3 231
3 302
3 307
3 330
3 333
3 351
3 383
3 441
4 50
4 60
4 68
4 82
4 97
4 233
4 241
4 258
4 327
4 335
4 386
4 398
4 423
4 469
5 125
5 398
5 411
5 453
5 466
5 474
6 107
6 112
6 148
6 175
6 195
6 254
6 261
6 271
6 282
6 285
6 345
6 356
6 438
7 81
7 119
7 154
7 168
7 207
7 259
7 295
7 305
7 318
7 322
7 344
7 347
7 417
8 190
8 220
8 231
8 332
9 12
9 71
9 102
9 103
9 178
9 202
9 321
9 373
9 377
9 387
9 474
10 13
10 16
10 34
10 122
10 231
10 320
10 475
10 477
11 78
11 87
11 99
11 138
11 176
11 280
11 285
11 320
11 363
11 365
11 397
11 398
12 89
12 122
12 132
12 138
12 156
12 237
12 257
12 270
12 305
12 316
12 317
12 342
12 352
12 359
12 361
12 395
12 484
12 492
13 15
13 34
13 37
13 78
13 80
13 90
13 223
13 228
13 275
13 411
13 482
13 486
13 488
14 92
14 102
14 160
14 172
14 210
14 258
14 309
14 359
14 363
14 437
14 447
15 34
15 109
15 115
15 131
15 233
15 306
15 467
15 490
16 41
16 54
16 92
16 102
16 198
16 246
16 270
16 280
16 292
16 352
16 356
16 364
16 369
16 376
16 393
16 415
16 419
16 446
16 454
17 29
17 59
17 164
17 179
17 212
17 259
17 291
17 485
17 499
18 25
18 33
18 93
18 181
18 284
18 330
18 360
18 463
18 474
19 60
19 163
19 165
19 216
19 256
19 267
19 363
19 446
19 497
20 24
20 48
20 122
20 139
20 168
20 195
20 202
20 238
20 286
20 293
20 431
21 62
21 82
21 139
21 179
21 229
21 309
21 359
21 369
21 415
21 477
21 489
21 497
22 55
22 135
22 149
22 177
22 189
22 236
22 259
22 290
22 301
22 350
23 52
23 96
23 155
23 170
23 197
23 219
23 252
23 263
23 297
23 302
23 351
23 369
23 407
23 461
23 470
23 477
23 494
24 82
24 156
24 172
24 174
24 176
24 240
24 256
24 393
24 401
24 434
24 472
24 489
25 118
25 158
25 177
25 186
25 189
25 207
25 268
25 276
25 387
25 398
25 441
25 452
25 472
25 482
25 496
26 64
26 139
26 145
26 182
26 197
26 205
26 222
26 356
26 373
26 451
26 459
26 461
27 35
27 49
27 73
27 98
27 112
27 142
27 233
27 267
27 284
27 302
27 383
27 424
27 464
27 499
28 84
28 106
28 147
28 195
28 379
28 475
29 54
29 63
29 74
29 122
29 142
29 221
29 309
29 395
29 407
30 35
30 72
30 100
30 103
30 111
30 172
30 174
30 190
30 323
30 337
30 351
30 354
30 361
31 98
31 118
31 150
31 164
31 174
31 189
31 282
31 302
31 348
31 375
31 382
31 480
32 108
32 121
32 237
32 265
32 271
32 277
32 288
32 426
33 72
33 94
33 152
33 205
33 261
33 281
33 289
33 292
33 299
33 320
33 462
34 54
34 55
34 91
34 107
34 111
34 132
34 214
34 280
34 315
34 325
34 362
34 383
34 430
35 189
35 218
35 292
35 405
35 424
35 438
35 473
36 37
36 102
36 128
36 184
36 297
36 338
36 365
36 390
36 397
36 488
36 493
37 61
37 65
37 78
37 79
37 165
37 171
37 336
37 357
37 392
37 404
38 49
38 169
38 170
38 215
38 261
38 269
38 301
38 347
38 365
38 474
39 43
39 81
39 155
39 161
39 198
39 211
39 235
39 257
39 305
39 380
39 410
39 484
40 49
40 54
40 140
40 151
40 156
40 162
40 239
40 299
41 115
41 118
41 120
41 149
41 160
41 169
41 175
41 183
41 187
41 201
41 273
41 309
41 350
41 475
42 47
42 213
42 231
42 266
42 335
42 340
42 382
43 134
43 198
43 268
43 287
43 345
43 378
43 426
43 454
43 457
43 458
43 466
43 486
43 489
44 60
44 132
44 170
44 263
44 308
44 333
44 370
44 429
44 448
44 450
44 477
44 485
45 57
45 81
45 122
45 139
45 140
45 141
45 173
45 233
45 246
45 359
45 382
45 389
45 462
45 482
46 57
46 60
46 66
46 86
46 94
46 97
46 133
46 196
46 235
46 288
46 328
46 338
46 339
46 366
46 417
47 71
47 123
47 154
47 169
47 279
47 305
47 326
47 345
47 347
47 422
47 428
47 435
47 439
47 440
47 492
48 75
48 100
48 157
48 208
48 259
48 352
48 360
48 366
48 384
48 438
48 461
49 77
49 93
49 152
49 215
49 229
49 243
49 246
49 321
49 333
49 336
49 371
49 378
49 432
49 433
49 480
50 61
50 101
50 157
50 183
50 194
50 234
50 256
50 327
50 366
50 447
50 472
50 476
50 482
51 57
51 72
51 91
51 108
51 136
51 139
51 149
51 156
51 296
51 377
52 120
52 149
52 169
52 195
52 223
52 226
52 385
52 386
52 448
52 460
53 183
53 214
53 266
53 326
53 335
53 360
53 436
53 467
54 86
54 97
54 113
54 136
54 212
54 237
54 304
54 309
54 318
54 322
54 351
54 365
54 401
54 478
54 483
55 106
55 109
55 148
55 186
55 193
55 254
55 265
55 277
55 282
55 285
55 313
55 316
55 441
55 461
56 107
56 131
56 150
56 176
56 216
56 290
56 364
56 447
56 488
57 75
57 85
57 135
57 179
57 200
57 230
57 293
57 396
57 434
57 484
58 119
58 137
58 196
58 217
58 303
58 304
58 313
58 327
58 361
59 92
59 101
59 145
59 175
59 220
59 228
59 259
59 277
59 283
59 297
59 369
59 378
59 424
59 449
59 479
59 491
60 73
60 83
60 105
60 169
60 198
60 203
60 231
60 234
60 268
60 323
60 380
60 397
60 405
61 66
61 75
61 126
61 160
61 175
61 345
61 374
61 380
61 497
62 112
62 136
62 190
62 216
62 241
62 270
62 288
62 299
62 357
62 454
62 461
62 490
63 91
63 108
63 125
63 126
63 238
63 295
63 328
63 337
63 374
63 378
63 421
63 436
63 438
63 473
63 498
64 85
64 96
64 176
64 197
64 285
64 305
65 173
65 257
65 273
65 314
65 351
65 407
65 454
66 194
66 205
66 219
66 288
66 353
66 354
66 355
66 410
66 415
66 449
67 109
67 155
67 224
67 234
67 326
67 336
67 340
67 354
67 357
67 376
67 405
67 487
68 92
68 102
68 114
68 122
68 171
68 176
68 180
68 205
68 303
68 367
68 480
69 78
69 81
69 140
69 145
69 163
69 190
69 284
69 293
69 313
69 341
69 383
69 398
69 403
69 409
69 476
70 79
70 245
70 247
70 296
70 365
70 486
71 85
71 101
71 112
71 138
71 139
71 141
71 143
71 152
71 159
71 164
71 170
71 203
71 229
71 238
71 248
71 301
71 333
71 371
72 86
72 123
72 138
72 148
72 157
72 160
72 242
72 461
72 467
72 481
73 75
73 94
73 98
73 148
73 194
73 270
73 326
73 343
73 386
73 450
73 495
74 108
74 111
74 135
74 169
74 243
74 326
74 332
74 366
74 445
74 482
74 486
75 115
75 209
75 286
75 300
75 325
75 411
75 462
76 85
76 349
76 401
76 456
76 475
76 491
77 101
77 158
77 204
77 263
77 349
77 353
77 385
77 391
77 398
77 409
77 413
77 473
78 91
78 115
78 119
78 140
78 145
78 220
78 248
78 261
78 299
78 310
78 336
78 358
78 389
78 412
78 465
79 82
79 117
79 147
79 160
79 161
79 214
79 238
79 243
79 274
79 407
79 417
79 425
79 431
80 103
80 135
80 241
80 273
80 328
80 356
80 359
80 383
80 406
80 455
80 485
80 499
81 107
81 131
81 205
81 295
81 391
81 431
82 102
82 179
82 221
82 362
82 366
82 386
82 433
82 460
83 142
83 154
83 164
83 222
83 252
83 284
83 290
83 353
83 390
83 448
83 449
83 455
83 456
83 475
83 476
83 479
83 483
84 235
84 249
84 270
84 332
84 339
84 357
84 393
84 426
85 91
85 96
85 125
85 158
85 192
85 214
85 252
85 294
85 299
85 318
85 350
86 116
86 117
86 148
86 157
86 204
86 243
86 272
86 286
86 320
86 321
86 374
86 380
86 394
87 101
87 123
87 143
87 195
87 254
87 260
87 266
87 271
87 400
87 465
88 110
88 232
88 234
88 253
88 377
88 429
88 465
88 468
89 124
89 202
89 253
89 254
89 273
89 330
89 351
89 372
89 463
89 464
90 140
90 160
90 243
90 285
90 301
90 384
90 431
91 131
91 166
91 191
91 245
91 255
91 276
91 345
91 375
91 432
91 474
92 152
92 213
92 230
92 318
92 401
92 448
92 450
93 166
93 188
93 196
93 330
93 353
93 423
93 446
94 174
94 176
94 249
94 254
94 381
94 413
94 430
94 440
94 449
94 468
95 161
95 255
95 262
95 269
95 277
95 332
95 378
95 382
95 411
95 467
96 113
96 158
96 164
96 214
96 232
96 259
96 283
96 295
96 328
96 338
96 345
96 352
96 368
96 382
96 415
97 124
97 159
97 165
97 268
97 308
97 318
97 353
97 363
97 403
97 414
97 427
97 472
98 143
98 217
98 237
98 269
98 281
98 308
98 398
98 400
98 418
98 439
98 448
98 460
99 148
99 162
99 181
99 190
99 193
99 375
99 392
99 492
100 166
100 205
100 309
100 499
101 107
101 111
101 150
101 155
101 172
101 202
101 245
101 258
101 303
101 317
101 324
101 354
101 372
101 382
101 385
101 464
101 474
102 148
102 154
102 198
102 215
102 363
102 375
102 384
102 495
103 124
103 140
103 161
103 210
103 249
103 313
103 338
103 355
103 440
104 126
104 133
104 154
104 186
104 212
104 227
104 255
104 315
104 316
104 380
104 430
104 470
105 123
105 156
105 178
105 232
105 242
105 244
105 270
105 273
105 313
105 330
105 373
105 407
105 485
106 166
106 293
106 341
106 345
106 392
106 394
106 479
107 143
107 193
107 200
107 318
107 373
107 440
107 465
107 480
107 482
107 484
107 486
108 180
108 203
108 266
108 286
108 342
108 353
108 379
108 420
108 461
108 477
109 110
109 138
109 145
109 212
109 233
109 241
109 283
109 349
109 363
109 385
109 403
109 409
109 442
109 498
110 152
110 195
110 219
110 239
110 270
110 314
110 429
110 471
111 143
111 148
111 157
111 219
111 235
111 240
111 263
111 266
111 290
111 328
111 342
111 344
111 405
111 409
111 418
111 431
111 444
111 465
112 167
112 214
112 218
112 284
112 299
112 312
112 352
112 365
112 475
113 156
113 158
113 167
113 172
113 273
113 407
113 441
113 485
114 226
114 234
114 261
115 117
115 121
115 150
115 179
115 201
115 217
115 243
115 321
115 371
115 390
115 493
116 163
116 165
116 206
116 251
116 277
116 338
116 413
116 420
116 450
116 472
116 491
117 130
117 148
117 182
117 186
117 207
117 245
117 320
117 329
117 346
117 490
117 497
118 162
118 168
118 263
118 272
118 376
118 404
118 417
118 450
118 458
118 471
118 477
119 144
119 160
119 260
119 267
119 274
119 282
119 286
119 318
119 386
119 396
119 446
120 161
120 232
120 236
120 331
120 345
120 484
121 135
121 184
121 221
121 236
121 269
121 274
121 275
121 315
121 362
121 378
121 430
121 488
122 130
122 138
122 161
122 172
122 204
122 261
122 277
122 282
122 302
122 466
123 130
123 179
123 202
123 237
123 264
123 297
123 352
123 380
123 383
123 438
123 448
123 487
124 131
124 147
124 161
124 225
124 236
124 272
124 284
124 305
124 314
124 402
124 422
124 499
125 165
125 203
125 206
125 210
125 229
125 249
125 273
125 341
125 380
125 398
125 399
125 417
125 428
126 208
126 308
126 450
126 457
126 465
127 174
127 178
127 192
127 197
127 219
127 252
127 263
127 291
127 294
127 310
127 388
127 447
127 451
128 255
128 300
128 305
128 323
128 324
128 339
128 389
128 412
128 450
129 204
129 259
129 320
129 327
129 328
129 340
129 353
129 388
129 413
129 456
130 140
130 199
130 245
130 338
130 347
130 349
130 381
130 404
130 414
130 421
130 466
130 471
131 159
131 168
131 271
131 317
131 353
131 469
132 158
132 163
132 210
132 265
132 340
132 361
132 401
132 416
132 426
132 488
133 135
133 138
133 173
133 346
133 364
133 406
133 461
134 141
134 236
134 254
134 255
134 263
134 309
134 368
134 458
134 494
135 140
135 157
135 211
135 241
135 283
135 286
135 330
135 414
135 437
135 475
136 241
136 319
136 326
136 335
136 368
136 388
136 415
136 427
136 434
136 476
137 159
137 201
137 243
137 255
137 271
137 274
137 276
137 293
137 332
137 346
137 481
137 483
138 170
138 232
138 233
138 249
138 253
138 311
138 321
138 382
138 474
138 480
139 170
139 193
139 203
139 328
139 419
139 454
140 158
140 162
140 169
140 255
140 268
140 401
140 439
140 441
140 457
141 149
141 191
141 208
141 216
141 264
141 275
141 315
141 364
141 375
142 185
142 199
142 336
142 359
142 383
142 436
143 182
143 207
143 290
143 310
143 313
143 396
143 419
143 424
143 427
143 460
144 154
144 167
144 206
144 227
144 229
144 272
144 279
144 308
144 332
144 364
144 368
144 389
144 442
144 457
144 458
144 482
144 487
145 204
145 350
145 379
145 411
145 480
146 156
146 162
146 228
146 233
146 333
146 366
146 387
146 395
146 396
146 465
146 498
147 174
147 176
147 196
147 218
147 315
147 370
147 391
147 396
147 414
147 456
147 496
148 230
148 284
148 293
148 405
149 205
149 261
149 335
149 369
149 393
149 405
149 492
150 153
150 160
150 244
150 305
150 483
150 491
151 196
151 206
151 222
151 230
151 265
151 324
151 349
152 188
152 288
152 397
152 439
152 456
153 174
153 207
153 239
153 282
153 287
153 334
153 382
153 466
153 492
154 200
154 280
154 369
154 379
154 421
155 307
155 409
155 451
156 157
156 190
156 283
156 331
156 362
156 392
156 412
156 425
157 173
157 177
157 260
157 267
157 277
157 340
157 406
157 490
158 230
158 306
158 353
158 375
158 392
158 440
159 165
159 167
159 174
159 294
159 384
159 407
159 409
159 410
159 416
159 475
160 205
160 292
160 342
160 344
160 401
160 405
160 449
161 178
161 226
161 235
161 277
161 291
161 356
161 385
161 407
161 409
161 414
161 442
161 445
161 457
161 480
162 165
162 241
162 315
162 357
162 406
162 428
162 477
162 497
163 209
163 299
163 339
163 350
163 372
163 391
163 405
164 190
164 211
164 290
164 384
164 398
164 461
165 190
165 228
165 236
165 243
165 300
165 368
165 401
165 456
166 196
166 308
166 340
166 366
166 407
166 490
167 204
167 209
167 222
167 336
167 448
168 172
168 235
168 271
168 299
168 302
168 304
168 338
168 393
168 408
168 485
168 491
169 191
169 199
169 207
169 251
169 290
169 305
169 316
169 378
169 447
169 490
170 178
170 199
170 205
170 250
170 299
170 303
170 362
170 364
170 418
170 444
170 456
170 464
170 468
170 489
171 181
171 185
171 320
171 364
171 384
171 422
171 477
171 491
172 204
172 304
172 359
172 376
172 412
172 459
173 325
173 418
173 419
173 445
174 180
174 192
174 209
174 336
174 343
174 422
174 455
174 476
175 211
175 240
175 254
175 260
175 261
175 281
175 315
175 338
175 358
175 364
175 371
175 379
175 403
175 408
175 439
175 451
176 180
176 181
176 182
176 266
176 351
176 367
176 371
176 436
176 445
176 466
176 488
177 208
177 216
177 261
177 277
177 305
177 312
177 482
177 488
177 495
178 194
178 208
178 239
178 249
178 256
178 272
178 276
178 289
178 309
178 347
178 365
178 370
178 379
178 421
178 470
179 192
179 199
179 209
179 233
179 314
179 371
179 381
179 385
179 420
179 427
179 431
179 465
179 477
179 478
180 235
180 276
180 278
180 327
180 344
180 364
180 407
180 420
181 186
181 283
181 352
181 421
181 460
181 499
182 278
182 302
182 358
182 434
182 499
183 192
183 199
183 321
183 327
183 328
183 345
183 350
183 384
183 493
184 187
184 223
184 246
184 257
184 279
184 312
184 330
184 337
184 355
184 420
184 473
184 478
185 261
185 487
185 497
186 237
186 254
186 255
186 256
186 310
186 322
186 371
186 394
186 413
186 429
186 495
187 260
187 310
187 324
187 331
187 332
187 351
187 370
187 372
187 422
187 485
187 499
188 259
188 264
188 274
188 301
188 400
188 438
188 440
189 270
189 331
189 338
189 347
190 274
190 275
190 349
190 444
191 216
191 390
191 466
191 486
192 201
192 238
192 279
192 307
192 310
192 333
192 339
192 383
192 391
192 421
192 431
192 442
192 461
193 255
193 274
193 350
193 354
193 478
194 205
194 253
194 336
194 340
194 428
194 466
194 468
195 197
195 222
195 295
195 320
195 396
195 418
195 490
196 225
196 238
196 244
196 283
196 302
196 307
196 327
196 337
196 365
196 377
196 381
196 399
197 212
197 278
197 291
197 309
197 329
197 373
197 406
197 407
197 441
198 496
199 221
199 255
199 328
199 347
199 379
199 486
200 203
200 314
200 323
200 341
200 351
200 378
200 383
200 410
200 461
201 232
201 236
201 272
201 333
201 402
202 211
202 220
202 221
202 265
202 445
203 220
203 244
203 257
203 258
203 286
203 289
203 315
203 322
203 343
203 346
203 439
204 283
204 317
204 427
204 462
204 472
205 214
205 226
205 241
205 387
205 482
206 239
206 334
206 369
206 376
206 416
207 214
207 216
207 276
207 378
207 497
208 234
208 237
208 366
208 402
208 412
208 452
208 496
209 228
209 323
209 344
209 382
209 405
209 412
209 455
209 471
210 214
210 216
210 240
210 285
210 307
210 319
210 320
210 375
210 415
210 421
210 442
210 448
211 264
211 431
211 455
211 479
212 283
212 292
212 304
212 350
212 377
212 459
213 269
213 284
213 314
213 383
213 404
213 406
213 422
213 431
214 215
214 232
214 248
214 253
214 276
214 279
214 311
214 426
214 443
214 477
215 285
215 342
215 392
215 402
215 441
215 447
215 474
216 229
216 254
216 373
216 403
216 475
216 477
217 244
217 287
217 294
217 311
217 358
217 442
217 458
217 468
218 258
218 262
218 336
218 345
218 354
218 372
218 442
218 488
219 276
219 277
219 293
219 343
219 392
219 413
219 466
220 351
220 372
220 401
220 427
220 439
220 450
220 488
221 307
221 343
221 393
221 395
221 396
221 459
221 472
221 487
221 490
222 250
222 335
222 400
222 401
222 426
222 494
223 236
223 266
223 313
223 315
223 321
224 255
224 259
224 289
224 327
224 361
224 366
224 389
225 245
225 286
225 450
225 492
226 232
226 342
226 401
226 420
226 454
226 465
227 356
227 391
227 450
227 460
227 468
227 474
228 260
228 271
228 307
228 318
228 388
228 399
228 407
228 419
229 275
229 291
229 357
229 361
229 367
229 397
229 440
229 487
230 251
230 370
230 444
230 468
230 487
230 493
231 251
231 270
231 292
231 299
231 339
231 411
231 433
231 437
231 486
232 259
232 296
232 315
232 341
232 393
232 415
232 431
232 447
232 494
233 293
233 327
233 343
233 394
233 431
233 484
234 266
234 296
234 396
234 422
234 426
234 465
234 473
234 486
235 289
235 312
235 322
235 371
235 372
235 491
236 253
236 286
236 320
236 358
236 379
236 461
236 497
236 499
237 265
237 268
237 305
237 340
237 409
237 442
237 485
238 245
238 246
238 317
238 343
238 364
238 369
238 402
238 412
238 414
238 456
239 278
239 279
239 280
239 301
239 352
239 400
239 405
239 480
240 269
240 279
240 304
240 371
240 378
240 449
240 460
240 484
241 290
241 335
241 379
241 489
242 268
242 335
242 338
242 381
242 418
242 496
243 298
243 334
243 351
243 472
243 496
244 247
244 266
244 282
244 287
244 445
244 480
244 484
245 267
245 300
245 307
245 332
245 345
245 419
245 420
245 423
245 441
245 449
246 276
246 281
246 318
246 324
246 397
246 494
247 290
247 328
247 333
247 344
247 357
247 489
248 301
248 327
248 473
249 300
249 328
250 285
250 374
250 411
250 418
250 454
250 457
250 466
251 400
251 473
251 482
252 333
252 334
252 347
252 367
252 399
252 431
252 457
253 315
253 320
253 338
253 382
254 255
254 314
254 419
254 420
254 489
255 257
255 359
255 376
255 379
255 466
256 360
256 378
256 405
256 421
256 446
256 478
257 269
257 421
257 449
258 352
258 382
258 398
258 442
258 488
259 283
259 356
259 397
259 419
259 452
259 480
259 483
260 261
260 374
260 378
260 381
261 291
261 357
261 415
262 274
262 279
262 378
262 490
263 302
263 349
263 417
263 462
263 466
263 468
263 486
263 495
264 307
264 356
264 382
264 453
265 320
265 418
265 472
266 307
266 333
266 353
266 390
266 419
266 443
266 449
266 474
266 486
267 349
267 404
267 408
267 441
267 473
268 314
268 339
268 346
268 376
268 478
269 284
269 288
269 290
269 325
269 346
269 382
269 404
269 450
270 291
270 356
270 409
270 421
270 436
270 446
270 482
271 315
271 394
271 400
271 436
272 283
272 286
272 405
272 439
272 459
272 469
272 478
273 320
273 333
273 349
273 376
273 476
273 477
274 292
274 322
274 342
274 421
274 470
274 480
274 483
275 332
275 436
276 378
276 384
276 385
276 432
276 458
277 278
277 383
277 404
277 468
277 481
277 488
277 498
278 279
278 303
278 311
278 345
278 366
279 317
279 333
279 490
279 494
280 313
280 320
280 434
280 468
280 475
281 287
281 292
281 296
281 361
281 363
281 453
282 292
282 337
282 382
282 415
282 433
282 493
282 494
283 299
283 305
283 370
283 396
283 412
283 458
283 464
284 299
284 303
284 349
285 321
285 350
285 365
285 430
285 462
286 336
286 338
286 365
286 417
286 443
287 360
287 396
288 350
288 453
288 454
288 487
289 312
289 320
289 459
289 485
289 486
290 327
290 341
290 342
290 387
290 445
291 305
291 339
291 355
291 393
291 412
291 415
291 441
292 342
292 382
292 402
292 410
292 413
292 417
293 334
293 339
293 378
293 393
293 414
293 450
293 451
294 464
294 493
295 364
295 381
295 384
295 437
296 300
296 316
296 362
296 418
296 474
297 353
297 355
297 452
297 457
297 464
297 498
298 372
298 400
298 403
298 420
298 432
298 473
299 306
299 313
299 320
299 353
299 366
299 374
299 385
299 386
299 442
299 455
299 493
300 351
300 431
300 468
301 323
301 344
301 347
301 349
301 382
301 474
302 329
302 346
302 409
302 462
302 470
302 494
303 314
303 316
303 340
303 354
303 387
303 429
304 371
304 380
304 397
304 449
305 329
305 374
305 378
305 382
305 400
305 420
305 424
306 341
306 354
306 355
306 359
306 461
307 344
307 486
308 312
308 334
308 357
308 377
309 319
309 349
309 351
309 366
309 421
310 352
310 369
311 316
311 343
311 348
311 349
311 363
311 369
311 466
312 359
312 387
312 416
312 419
313 317
313 325
313 345
313 380
313 406
313 462
313 483
314 410
314 445
315 316
315 325
315 337
315 367
315 400
315 401
315 420
315 456
315 473
316 325
316 382
316 405
316 444
316 449
317 414
317 455
317 486
318 327
318 346
318 350
318 378
318 381
318 388
319 351
319 366
319 472
320 338
320 345
320 407
320 452
320 490
321 399
321 423
321 432
321 434
321 462
321 465
321 499
322 330
322 336
322 340
322 377
322 399
322 423
322 427
322 486
323 327
323 411
323 493
325 343
325 426
326 364
326 369
326 432
326 445
326 464
327 343
327 368
327 429
327 447
327 475
328 348
329 331
329 375
329 491
330 350
330 376
330 429
330 463
331 354
331 359
331 414
331 415
331 428
331 472
332 372
332 413
332 437
332 447
332 473
332 480
332 492
333 421
334 350
334 377
334 413
334 442
334 484
335 343
335 385
335 412
335 414
335 449
335 458
335 483
337 388
338 375
338 377
338 463
339 348
339 442
339 467
340 349
340 370
340 403
341 350
341 351
342 378
342 380
342 410
342 417
342 443
342 454
342 470
343 365
343 373
343 383
343 402
343 435
343 440
343 464
343 473
344 409
345 471
345 477
345 491
345 493
346 348
346 460
346 481
347 443
347 456
348 352
348 405
348 448
348 477
349 368
349 396
349 399
349 401
349 424
349 427
349 429
349 465
350 385
350 408
350 463
350 484
350 489
350 490
350 495
351 395
352 382
352 385
352 410
352 413
352 434
352 482
352 488
353 354
353 387
353 427
353 497
354 427
354 436
354 451
355 405
355 430
355 444
356 380
356 383
356 419
356 441
357 413
357 431
359 402
359 408
359 486
360 367
360 404
360 483
360 494
360 498
361 435
362 369
362 390
363 417
363 422
363 492
364 467
365 387
365 403
365 433
365 443
365 461
365 464
365 488
366 368
366 397
366 418
366 497
367 376
367 442
368 376
368 480
369 385
369 405
369 439
370 416
370 489
371 422
371 492
372 375
372 416
372 439
372 462
373 381
373 462
373 470
373 485
374 418
374 484
374 494
374 498
375 412
376 401
376 416
376 434
377 429
377 444
377 472
377 475
378 386
378 413
378 479
379 394
379 455
379 464
379 468
380 409
380 461
380 481
380 492
381 407
381 430
381 463
381 468
382 433
382 478
383 392
383 409
383 415
383 416
383 428
384 391
384 396
384 477
385 389
385 411
385 458
386 416
386 464
386 490
386 491
387 421
387 440
387 467
388 421
388 427
388 435
388 438
388 448
389 400
389 405
389 491
390 394
390 404
390 418
390 455
390 475
391 429
391 493
393 423
393 429
393 455
394 429
394 466
395 421
396 400
396 404
396 430
396 494
397 409
397 442
397 447
397 449
397 457
398 440
398 453
398 493
399 445
399 451
400 443
400 482
402 407
402 448
402 468
402 485
402 496
403 404
404 424
404 450
404 461
404 494
405 410
405 453
406 419
406 447
406 465
406 481
407 429
407 498
408 462
408 478
409 447
410 497
411 428
411 437
411 439
412 426
412 487
413 464
413 490
414 433
414 475
414 483
414 498
415 453
416 418
416 426
416 428
417 485
418 446
419 457
420 431
421 436
421 469
421 478
422 434
424 433
426 467
426 493
426 498
427 478
427 491
427 499
428 441
428 489
429 468
429 479
430 493
431 458
432 442
433 437
433 485
433 495
434 478
435 448
435 489
437 448
437 461
438 466
439 451
439 479
439 482
439 490
439 494
441 460
441 481
442 476
445 490
446 462
448 488
449 456
449 486
450 452
450 456
450 458
450 490
451 461
451 470
451 473
453 466
453 473
454 457
455 466
456 485
456 489
459 460
459 493
459 498
461 490
462 481
462 484
462 497
464 489
465 484
467 491
468 495
468 496
469 471
470 492
472 492
473 491
475 490
477 484
477 491
478 492
481 490
485 488
486 488
