0
500
3173
0
1
0
0 6
0 245
0 279
0 386
0 393
0 407
0 442
1 2
1 14
1 31
1 48
1 106
1 114
1 165
1 204
1 242
1 243
1 300
1 311
1 390
1 407
1 422
1 495
2 42
2 69
2 93
2 144
2 149
2 154
2 197
2 228
2 282
2 322
2 394
2 405
2 442
2 466
2 484
2 489
3 20
3 178
3 255
3 299
3 300
3 338
3 363
3 380
3 431
3 432
3 442
3 450
3 478
3 481
4 49
4 108
4 213
4 250
4 261
4 316
4 320
4 352
4 381
4 444
5 6
5 7
5 21
5 39
5 45
5 82
5 96
5 189
5 197
5 213
5 215
5 263
5 286
5 306
5 376
5 381
5 390
5 406
5 444
6 139
6 157
6 165
6 200
6 234
6 251
6 272
6 379
6 384
6 393
6 397
6 405
6 410
6 465
7 47
7 52
7 53
7 60
7 193
7 204
7 257
7 297
7 314
7 428
8 20
8 24
8 35
8 52
8 55
8 77
8 98
8 150
8 175
8 188
8 201
8 305
8 322
8 349
8 362
8 371
8 389
8 391
8 395
8 477
9 17
9 25
9 27
9 46
9 103
9 196
9 274
9 311
9 361
9 414
9 457
10 124
10 183
10 196
10 235
10 268
10 314
10 352
10 373
10 441
10 495
11 13
11 64
11 156
11 188
11 227
11 251
11 309
11 366
11 400
11 430
11 467
11 482
12 31
12 46
12 57
12 60
12 115
12 154
12 162
12 167
12 183
12 192
12 327
12 409
13 20
13 155
13 169
13 194
13 201
13 286
13 291
13 376
13 391
13 436
14 21
14 53
14 56
14 115
14 173
14 225
14 269
14 328
14 330
14 371
14 394
14 399
14 460
14 469
14 477
14 481
15 29
15 56
15 72
15 80
15 140
15 224
15 259
15 264
15 269
15 299
15 330
15 402
15 417
15 440
15 454
15 476
15 492
16 68
16 76
16 112
16 198
16 204
16 205
16 246
16 256
16 315
16 378
16 429
16 449
16 485
16 493
17 20
17 97
17 104
17 135
17 168
17 238
17 251
17 263
17 308
17 312
17 324
17 339
17 381
17 404
17 457
17 462
17 486
18 24
18 56
18 149
18 164
18 194
18 231
18 270
18 289
18 357
18 422
18 479
19 31
19 40
19 54
19 104
19 154
19 184
19 195
19 216
19 221
19 284
19 312
19 315
19 323
19 332
19 342
20 26
20 77
20 120
20 167
20 180
20 212
20 238
20 255
20 379
20 396
20 412
20 473
20 481
21 85
21 91
21 133
21 145
21 149
21 177
21 180
21 185
21 205
21 229
21 246
21 355
21 384
21 491
22 78
22 213
22 219
22 222
22 289
22 316
22 323
22 379
22 384
22 435
23 25
23 30
23 146
23 183
23 189
23 237
23 256
23 371
23 459
23 472
24 42
24 114
24 133
24 231
24 412
24 440
25 31
25 35
25 36
25 64
25 67
25 80
25 113
25 160
25 167
25 214
25 224
25 245
25 273
25 276
25 286
25 311
25 315
25 466
25 487
26 76
26 107
26 131
26 163
26 239
26 275
26 346
26 472
27 103
27 168
27 237
27 248
27 267
27 295
27 298
27 307
27 357
27 479
27 485
28 136
28 142
28 202
28 222
28 227
28 252
28 256
28 279
28 320
28 321
28 336
28 426
28 428
28 445
28 484
29 103
29 115
29 166
29 372
29 381
29 389
29 498
29 499
30 105
30 163
30 190
30 216
30 217
30 235
30 238
30 310
30 317
30 333
30 361
30 364
30 376
30 380
30 391
30 395
30 439
30 455
30 495
31 41
31 88
31 134
31 148
31 264
31 277
31 313
31 385
31 456
31 497
31 498
32 114
32 155
32 239
32 317
32 319
32 328
32 339
32 433
33 153
33 169
33 242
33 306
33 349
33 391
33 412
33 413
33 438
33 485
34 87
34 130
34 135
34 138
34 185
34 199
34 212
34 218
34 251
34 270
34 283
34 361
34 362
34 407
34 412
34 423
34 454
34 486
35 90
35 190
35 204
35 229
35 272
35 276
35 315
35 375
35 415
35 443
36 57
36 85
36 117
36 118
36 145
36 157
36 165
36 171
36 183
36 192
36 294
36 460
37 42
37 80
37 100
37 204
37 252
37 269
37 290
37 353
37 417
37 419
38 106
38 147
38 163
38 214
38 246
38 262
38 326
39 58
39 143
39 235
39 239
39 427
39 447
39 467
40 50
40 60
40 68
40 75
40 98
40 159
40 173
40 177
40 201
40 204
40 224
40 325
40 353
40 374
40 438
40 458
40 465
40 467
41 154
41 165
41 188
41 204
41 315
41 333
41 362
41 381
41 404
41 418
41 439
41 473
42 43
42 72
42 167
42 175
42 194
42 200
42 215
42 269
42 325
42 376
42 384
42 428
43 97
43 110
43 115
43 203
43 212
43 240
43 243
43 265
43 286
43 388
43 414
43 492
44 58
44 59
44 77
44 158
44 321
44 375
44 402
45 70
45 76
45 90
45 94
45 112
45 130
45 207
45 226
45 241
45 271
45 276
45 277
45 323
45 373
45 445
45 482
45 493
46 63
46 78
46 119
46 151
46 220
46 237
46 268
46 283
46 396
46 445
47 124
47 179
47 234
47 253
47 364
47 371
47 402
47 421
48 51
48 80
48 94
48 95
48 144
48 172
48 175
48 183
48 192
48 219
48 229
48 286
48 304
48 336
48 341
48 343
48 410
49 51
49 71
49 82
49 90
49 130
49 188
49 198
49 280
49 316
49 384
49 403
49 441
50 77
50 99
50 248
50 283
50 321
50 346
50 385
50 396
50 411
50 458
50 485
51 264
51 303
51 316
51 318
51 464
51 465
51 481
52 149
52 164
52 194
52 225
52 307
52 340
52 381
52 401
53 118
53 119
53 146
53 149
53 219
53 274
53 293
53 294
53 311
53 490
54 69
54 115
54 126
54 226
54 335
54 392
54 395
54 453
54 486
54 491
55 150
55 163
55 181
55 277
55 293
55 327
55 412
55 427
56 70
56 162
56 178
56 225
56 294
56 364
56 456
57 73
57 118
57 212
57 239
57 295
57 336
57 338
57 443
57 468
58 64
58 78
58 91
58 186
58 216
58 227
58 280
58 359
58 406
58 472
58 478
59 115
59 151
59 186
59 187
59 202
59 278
59 285
59 308
59 350
59 371
59 375
59 379
59 380
59 408
59 411
59 425
59 448
59 471
59 481
60 140
60 159
60 364
60 381
60 390
60 398
60 435
61 65
61 100
61 102
61 178
61 257
61 263
61 326
61 377
61 412
61 435
61 464
61 494
62 75
62 109
62 233
62 235
62 269
62 315
62 337
62 344
62 346
62 443
62 459
62 476
63 111
63 126
63 155
63 228
63 234
63 262
63 265
63 323
63 338
63 344
63 347
63 372
63 380
63 388
63 416
63 419
63 436
63 466
63 496
64 66
64 82
64 105
64 189
64 209
64 251
64 325
64 373
64 484
64 492
65 93
65 134
65 138
65 141
65 182
66 104
66 221
66 408
66 432
66 435
66 436
66 437
67 91
67 116
67 209
67 231
67 275
67 435
67 485
68 79
68 88
68 175
68 210
68 227
68 238
68 244
68 265
68 279
68 307
68 310
68 331
68 339
68 386
68 405
68 480
69 85
69 98
69 120
69 199
69 208
69 288
69 310
69 318
69 323
69 353
69 362
69 420
69 437
69 439
70 108
70 110
70 120
70 124
70 240
70 309
70 310
70 323
70 372
70 419
70 448
70 465
71 92
71 120
71 192
71 241
71 270
71 294
71 358
71 374
71 402
71 405
71 450
71 452
71 497
71 499
72 86
72 91
72 152
72 195
72 202
72 206
72 255
72 265
72 281
72 354
72 444
72 495
73 171
73 188
73 243
73 249
73 306
73 400
73 464
73 469
74 139
74 154
74 176
74 208
74 218
74 226
74 292
74 333
74 464
74 469
74 475
75 79
75 278
75 322
75 369
75 456
76 141
76 147
76 161
76 234
76 247
76 251
76 432
76 443
76 456
76 492
77 109
77 129
77 130
77 138
77 209
77 303
77 321
77 370
77 394
77 441
77 454
77 464
78 110
78 125
78 130
78 146
78 151
78 203
78 209
78 219
78 309
78 330
78 392
78 440
79 110
79 120
79 121
79 154
79 155
79 165
79 187
79 194
79 239
79 241
79 263
79 303
79 314
79 353
79 444
79 478
79 493
80 126
80 133
80 146
80 159
80 203
80 267
80 271
80 351
80 393
81 125
81 151
81 167
81 229
81 242
81 243
81 316
81 407
81 437
81 469
81 495
82 107
82 127
82 136
82 159
82 207
82 315
82 337
82 345
82 349
82 399
82 415
82 452
83 127
83 141
83 176
83 185
83 257
83 284
83 285
83 312
83 315
83 412
83 418
83 419
83 435
83 496
84 204
84 218
84 248
84 262
84 293
84 306
84 388
84 407
84 417
84 445
84 447
84 448
85 126
85 212
85 237
85 358
86 91
86 115
86 210
86 368
86 403
86 445
86 491
87 95
87 125
87 143
87 170
87 224
87 320
87 394
87 422
88 151
88 218
88 239
88 281
88 299
88 376
88 440
88 447
88 451
88 471
88 480
89 95
89 96
89 170
89 173
89 237
89 276
89 337
89 356
89 391
89 395
89 414
89 479
90 132
90 142
90 150
90 159
90 234
90 308
90 413
90 423
90 470
91 92
91 162
91 174
91 176
91 291
91 330
91 352
91 356
91 361
91 378
91 483
92 124
92 145
92 201
92 203
92 209
92 216
92 225
92 328
92 360
92 405
92 414
92 424
92 431
93 106
93 200
93 291
93 296
93 342
93 360
93 369
93 371
93 387
93 424
93 448
93 463
93 487
94 129
94 154
94 201
94 223
94 240
94 241
94 261
94 320
94 329
94 378
94 478
94 485
95 176
95 201
95 203
95 313
95 324
95 336
95 360
95 377
95 389
95 397
95 413
95 469
96 105
96 113
96 149
96 160
96 201
96 214
96 417
97 118
97 160
97 236
97 238
97 273
97 281
97 291
97 330
97 376
97 392
97 402
97 440
97 454
97 458
98 158
98 171
98 199
98 424
98 469
98 490
99 144
99 149
99 157
99 175
99 211
99 306
99 315
99 325
99 385
99 392
99 450
99 457
99 462
99 464
99 478
100 147
100 234
100 269
100 331
100 379
100 395
100 408
101 104
101 162
101 314
101 383
101 388
101 456
101 475
102 104
102 143
102 225
102 292
102 316
102 339
102 382
102 447
102 458
102 486
102 492
103 115
103 163
103 230
103 263
103 381
103 398
103 430
103 444
103 488
103 499
104 122
104 180
104 199
104 271
104 318
104 399
104 413
104 428
104 434
104 445
105 171
105 416
105 424
105 462
105 483
106 147
106 152
106 224
106 229
106 239
106 253
106 268
106 290
106 294
106 310
106 320
106 322
106 325
106 336
106 361
106 410
106 412
106 423
107 132
107 176
107 221
107 298
107 355
107 478
107 480
107 487
107 491
107 498
108 135
108 138
108 239
108 333
108 457
109 235
109 245
109 263
109 266
109 319
109 338
109 393
109 446
109 476
110 133
110 158
110 237
110 263
110 335
110 350
110 377
110 428
110 445
110 462
110 471
111 134
111 206
111 229
111 263
111 284
111 297
111 329
111 335
111 423
111 496
112 162
112 185
112 188
112 190
112 193
112 212
112 251
112 283
112 290
112 291
112 303
112 357
112 449
112 472
112 473
113 123
113 142
113 144
113 253
113 273
113 324
113 367
113 378
113 418
113 421
113 439
113 455
113 462
114 119
114 167
114 237
114 269
114 279
114 286
114 373
114 396
114 397
114 424
115 136
115 137
115 242
115 264
115 279
115 291
115 292
115 331
115 340
115 409
115 475
116 119
116 132
116 143
116 173
116 219
116 242
116 285
116 287
116 294
116 319
116 349
116 367
116 405
116 430
116 439
116 454
116 494
117 123
117 145
117 167
117 217
117 279
117 302
117 307
117 339
117 385
117 392
117 443
117 453
117 464
117 486
118 133
118 136
118 343
118 427
118 446
119 121
119 170
119 174
119 180
119 193
119 269
119 391
119 398
119 430
119 436
119 461
120 123
120 219
120 243
120 263
120 316
120 352
120 436
120 471
120 484
120 486
121 213
121 225
121 227
121 287
121 321
121 373
121 416
121 420
121 474
122 134
122 187
122 192
122 216
122 259
122 332
122 340
122 363
122 442
122 451
123 132
123 181
123 291
123 405
123 413
123 473
124 137
124 176
124 197
124 198
124 216
124 220
124 240
124 273
124 274
124 285
124 347
124 451
125 161
125 213
125 259
125 273
125 295
125 303
125 373
125 417
125 422
125 489
125 495
126 130
126 254
126 275
126 292
126 294
126 341
126 497
127 157
127 227
127 238
127 279
127 324
127 334
127 382
127 435
127 469
127 483
128 137
128 202
128 231
128 290
128 309
128 334
128 391
128 449
129 147
129 174
129 186
129 252
129 266
129 321
129 371
129 450
129 476
129 489
129 497
130 161
130 176
130 202
130 270
130 285
130 288
130 292
130 314
130 328
130 360
130 419
130 458
130 464
131 177
131 258
131 355
131 390
131 423
131 436
131 475
131 485
132 155
132 205
132 266
132 275
132 329
132 347
132 393
132 413
132 433
132 445
132 469
133 163
133 195
133 267
133 313
133 450
133 476
133 487
133 498
134 170
134 279
134 326
134 368
134 400
134 406
134 470
134 494
135 199
135 224
135 261
135 272
135 306
135 360
135 494
135 498
136 147
136 173
136 183
136 184
136 206
136 250
136 340
136 412
136 422
136 485
136 497
137 174
137 209
137 218
137 242
137 304
137 352
137 419
138 153
138 179
138 226
138 248
138 264
138 265
138 316
138 378
139 142
139 150
139 151
139 161
139 164
139 278
139 357
139 369
139 389
140 154
140 205
140 216
140 269
140 313
140 425
141 203
141 224
141 261
141 272
141 317
141 328
141 353
141 498
142 208
142 231
142 236
142 273
142 349
142 474
142 481
142 486
143 218
143 263
143 268
143 270
143 274
143 319
143 335
143 339
143 493
143 497
144 213
144 214
144 310
144 318
144 322
144 337
144 355
144 370
144 394
144 426
144 480
145 244
145 290
145 375
145 419
145 454
145 458
146 188
146 281
146 319
146 444
146 495
147 155
147 182
147 221
147 271
147 374
147 461
147 477
148 158
148 192
148 237
148 422
149 210
149 266
149 330
149 353
149 451
149 474
150 202
150 204
150 239
150 271
150 312
150 322
150 340
150 363
150 365
150 380
150 385
150 398
150 479
151 186
151 215
151 220
151 224
151 342
151 385
151 480
152 167
152 187
152 189
152 310
152 327
152 472
153 187
153 188
153 237
153 344
153 372
153 417
153 454
154 211
154 355
154 412
154 437
154 447
154 475
154 478
155 230
155 384
155 397
155 406
155 408
155 444
155 476
156 183
156 225
156 259
156 316
156 329
156 381
156 390
156 463
156 473
156 475
157 197
157 222
157 234
157 250
157 253
157 310
157 311
157 369
157 381
157 483
158 178
158 179
158 196
158 331
158 376
158 392
158 416
158 434
159 170
159 224
159 247
159 276
159 281
159 286
159 334
159 407
159 439
159 463
160 193
160 212
160 280
160 300
160 353
160 443
160 466
160 487
161 164
161 191
161 266
161 347
161 353
161 367
161 445
161 476
162 177
162 364
162 385
162 390
162 400
162 461
163 216
163 229
163 237
163 390
163 412
163 491
164 169
164 193
164 263
164 318
164 415
164 435
164 454
164 480
165 241
165 280
165 287
165 304
165 316
165 364
165 366
165 372
165 457
166 255
166 283
166 297
166 311
166 313
166 314
166 357
166 358
166 367
166 389
166 434
166 463
166 495
167 187
167 231
167 293
167 331
167 353
167 388
167 469
167 470
168 200
168 202
168 259
168 326
168 476
169 219
169 238
169 352
169 458
170 174
170 197
170 209
170 225
170 228
170 249
170 290
170 354
170 383
170 418
170 438
170 466
171 207
171 360
171 375
171 380
171 381
171 398
171 400
171 443
172 206
172 230
172 391
173 187
173 208
173 238
173 254
173 280
173 292
173 387
173 429
173 461
174 275
174 277
174 280
174 282
174 300
174 314
174 336
174 423
174 437
174 475
175 193
175 235
175 307
175 308
175 309
175 325
175 377
175 410
175 449
175 481
175 485
176 182
176 187
176 248
176 263
176 299
176 312
176 419
176 469
176 471
176 488
177 184
177 190
177 227
177 275
177 325
177 392
177 402
177 415
177 425
177 479
178 246
178 258
178 291
178 318
178 322
178 329
178 333
178 343
178 406
178 451
178 473
178 497
179 288
179 344
179 407
179 454
179 463
179 475
180 188
180 236
180 322
180 389
180 401
180 416
180 497
181 207
181 227
181 239
181 260
181 297
181 298
181 376
181 418
181 442
181 492
182 208
182 212
182 250
182 256
182 262
182 300
182 334
182 360
182 365
182 410
182 422
182 458
182 459
183 232
183 239
183 253
183 295
183 369
183 405
183 444
183 465
184 241
184 280
184 320
184 324
184 329
184 351
184 380
184 404
184 465
185 229
185 250
185 339
185 385
185 393
185 421
186 204
186 257
186 270
186 488
187 216
187 259
187 260
187 289
187 359
187 424
187 459
187 478
188 211
188 216
188 223
188 252
188 319
188 350
188 480
189 192
189 230
189 281
189 315
189 336
189 359
189 410
189 464
189 465
189 485
190 197
190 238
190 245
190 256
190 264
190 265
190 302
190 320
190 340
190 369
190 443
191 226
191 234
191 251
191 309
191 363
191 369
191 443
192 206
192 220
192 258
192 300
192 315
192 321
192 350
192 363
192 382
193 264
193 365
193 373
193 382
193 460
193 490
194 222
194 246
194 248
194 329
194 379
194 390
194 415
194 438
194 464
195 198
195 226
195 229
195 312
195 313
195 322
195 326
195 350
195 357
195 366
195 403
195 427
195 482
195 486
196 202
196 216
196 225
196 267
196 398
196 399
196 453
196 496
197 224
197 289
197 344
197 358
197 402
197 429
197 472
198 208
198 233
198 282
198 291
198 335
198 348
198 419
198 463
198 473
199 403
199 417
200 203
200 218
200 258
200 275
200 287
200 331
200 335
200 357
200 391
200 428
200 480
201 257
201 297
201 372
201 407
201 496
202 233
202 254
202 318
202 324
202 325
202 400
202 448
202 472
202 475
202 498
203 215
203 235
203 255
203 310
203 347
203 359
203 392
203 426
203 458
203 463
203 478
204 207
204 305
204 313
204 385
205 313
205 323
205 346
205 352
205 377
205 393
205 421
205 498
206 247
206 280
206 290
206 334
206 370
206 381
206 433
207 247
207 248
207 338
207 346
207 366
207 369
207 381
207 462
208 267
208 338
208 364
208 408
208 409
208 440
208 494
209 293
209 305
209 329
209 345
209 356
209 421
209 435
210 233
210 257
210 272
210 326
210 335
210 384
210 439
211 226
211 229
211 244
211 277
211 299
211 413
211 442
211 456
212 221
212 239
212 272
212 280
212 391
212 415
212 437
213 256
213 276
213 277
213 288
213 312
213 323
213 344
213 447
214 217
214 262
214 304
214 417
215 245
215 313
215 364
215 399
215 421
215 469
216 243
216 280
216 291
216 416
216 421
216 448
217 315
217 326
217 478
218 230
218 284
218 309
218 310
218 318
218 319
218 325
218 337
218 340
218 342
218 352
218 402
218 450
219 246
219 485
220 407
220 486
220 490
221 230
221 247
221 366
221 407
221 436
221 452
221 455
222 238
222 400
222 441
222 451
223 279
223 293
223 448
223 468
224 237
224 472
224 491
224 493
225 232
225 288
225 293
225 295
225 346
225 361
225 414
225 482
226 276
226 312
226 434
226 458
226 464
226 468
226 472
226 474
227 228
227 311
227 360
227 393
227 399
227 415
227 419
227 485
228 261
228 287
228 289
228 301
228 313
228 327
228 387
228 403
228 423
229 275
229 296
229 321
229 427
229 454
229 492
229 499
230 305
230 361
230 372
230 451
230 468
230 494
231 247
231 368
231 372
231 380
231 394
231 401
231 447
231 494
231 496
232 252
232 287
232 301
232 330
232 340
232 359
232 441
232 477
232 499
233 239
233 242
233 303
233 322
233 326
233 376
233 411
233 424
233 428
234 282
234 284
234 288
234 325
234 443
234 486
235 244
235 256
235 352
235 423
235 437
236 257
236 301
236 305
236 308
236 362
236 373
236 405
236 438
236 448
236 470
236 494
237 262
237 294
237 321
237 326
237 332
237 421
237 428
237 460
237 482
238 249
238 255
238 333
238 410
238 460
239 244
239 280
239 304
239 308
239 311
239 413
239 424
239 476
240 315
240 354
240 395
240 423
240 426
241 248
241 294
241 320
241 357
241 430
241 471
241 480
242 258
242 265
242 311
242 396
242 420
242 440
242 496
243 248
243 249
243 301
243 353
243 376
243 411
243 431
243 454
244 264
244 291
244 296
244 312
244 424
244 434
244 481
245 295
245 310
245 323
245 326
245 357
245 496
246 262
246 277
246 303
246 310
246 317
246 388
246 413
246 442
246 443
246 445
246 489
247 270
247 324
247 361
247 376
247 391
247 432
247 442
247 455
248 270
248 310
248 315
248 352
248 408
248 435
248 453
248 481
248 497
249 309
249 376
249 386
249 463
249 466
250 274
250 276
250 441
250 443
250 456
250 499
251 298
251 320
251 330
251 340
251 353
251 375
251 405
251 450
252 273
252 359
252 376
252 444
252 463
252 477
252 481
252 499
253 374
253 420
253 465
253 473
253 475
254 335
254 368
254 471
255 400
255 485
256 279
256 292
256 302
256 363
256 391
256 403
257 260
257 353
257 480
257 496
258 302
258 330
258 333
258 348
258 399
259 294
259 298
259 328
259 330
259 344
259 367
259 377
259 392
259 410
259 474
260 291
260 305
260 309
260 338
260 387
260 398
260 438
260 440
261 342
261 355
261 356
261 402
261 446
261 461
261 462
262 318
262 353
262 391
262 407
262 423
262 484
262 498
263 347
263 352
263 408
263 424
263 425
263 450
263 463
263 480
263 483
263 486
263 490
264 281
264 293
264 300
264 352
264 364
264 376
264 448
265 278
265 393
265 408
265 413
265 441
265 444
265 460
265 466
267 312
267 453
267 466
267 482
268 343
268 423
268 446
268 484
269 377
269 403
270 496
271 279
271 281
271 298
271 327
271 333
271 373
271 489
271 492
272 306
272 349
272 421
272 430
272 441
273 287
273 328
273 498
274 310
274 367
274 376
274 431
274 469
275 283
275 324
275 356
275 433
275 454
275 485
276 300
276 340
276 366
277 353
277 361
277 477
277 497
278 290
278 436
278 447
278 489
279 305
279 319
279 335
279 391
279 418
280 289
280 358
280 398
280 413
280 436
280 445
280 473
280 476
281 287
281 363
281 417
281 420
281 480
281 495
282 296
282 435
283 296
283 299
283 356
283 428
283 474
283 493
284 287
284 307
284 330
284 364
285 326
285 454
285 457
285 464
286 304
286 400
286 439
286 451
287 302
287 329
287 363
287 419
287 463
288 318
288 380
288 454
288 455
288 468
289 347
289 378
289 389
289 403
289 455
290 404
290 480
291 315
291 332
291 340
291 403
292 350
293 368
293 372
293 387
293 430
294 410
295 374
295 405
295 418
295 430
295 432
295 433
295 455
295 459
296 353
296 382
297 414
297 431
297 464
298 332
298 338
298 391
299 323
299 381
299 417
299 429
299 492
299 494
300 378
300 481
301 329
301 369
301 408
301 421
301 430
301 464
301 480
301 490
302 327
302 381
302 459
302 480
303 308
303 351
303 362
303 427
304 310
304 403
304 485
305 332
305 333
305 402
305 418
305 433
305 459
306 382
306 411
306 418
306 421
307 383
307 409
307 460
308 324
308 341
308 394
308 423
308 446
308 468
309 370
309 374
309 401
309 463
309 465
309 475
309 487
309 499
310 417
310 427
310 430
310 443
312 373
312 426
312 434
312 459
312 479
312 482
313 315
313 353
313 418
313 454
314 375
314 385
314 436
314 438
314 471
315 368
315 397
315 433
315 435
316 351
316 376
316 383
316 435
316 481
317 322
317 346
317 354
317 414
317 448
318 329
318 357
318 360
318 379
318 380
318 417
318 428
319 364
319 367
319 384
319 393
319 437
320 395
320 432
321 407
321 437
321 442
321 453
321 486
322 329
322 331
322 354
322 368
322 392
322 398
322 422
322 456
323 331
323 366
323 413
323 431
323 457
324 356
324 377
324 450
324 496
325 388
325 395
325 458
325 489
326 327
326 340
326 381
326 404
326 488
326 490
326 494
326 495
327 333
327 355
327 370
327 404
327 466
328 449
328 451
328 459
329 358
329 387
329 445
329 458
329 467
329 482
330 351
330 370
330 422
330 443
331 395
331 419
331 439
331 452
331 473
331 488
332 339
332 384
332 425
332 474
333 337
334 349
334 378
334 406
334 409
334 414
335 411
335 433
336 357
336 358
336 368
336 400
336 426
337 486
338 389
338 419
338 486
338 493
339 386
339 411
339 424
339 441
339 455
339 498
340 345
340 353
340 360
340 361
340 474
340 483
341 380
341 384
341 493
342 355
342 421
342 435
342 482
342 498
343 373
343 375
343 394
344 347
344 382
344 411
344 429
344 453
345 368
345 440
345 462
345 492
346 351
346 398
346 419
346 493
347 353
347 418
347 420
347 436
347 462
348 358
349 375
349 460
349 473
350 372
350 377
350 378
350 392
350 411
350 430
350 476
351 447
351 465
351 467
352 377
352 434
352 493
352 494
353 365
353 401
354 379
354 441
354 472
354 489
355 405
355 406
355 407
355 439
355 463
355 496
356 402
356 431
356 439
356 463
357 385
357 432
357 442
357 469
358 390
358 409
358 442
359 361
359 363
359 376
359 378
359 380
359 426
359 464
360 374
360 376
360 391
360 417
360 467
361 368
361 396
361 399
361 458
362 389
363 365
363 399
363 403
363 424
363 459
364 421
364 422
364 455
364 470
365 372
365 382
365 417
365 429
365 446
365 468
366 388
366 425
366 443
366 465
366 487
367 376
367 377
367 407
367 450
367 456
367 464
367 493
368 443
368 445
369 372
369 421
369 448
369 449
369 452
369 487
370 490
370 497
371 385
371 396
371 405
371 430
371 443
371 470
371 477
372 433
372 494
373 396
373 398
373 399
373 412
373 442
373 457
373 463
373 472
373 490
374 384
374 459
374 466
374 497
375 389
375 393
375 414
375 478
376 388
376 433
376 441
376 454
376 462
377 399
378 397
378 403
378 407
378 413
378 450
378 458
379 382
379 400
379 410
379 462
379 481
380 385
380 445
381 382
381 399
381 429
381 433
381 497
382 388
382 416
382 419
382 430
383 412
383 414
383 455
383 489
383 493
384 482
385 412
385 464
385 490
386 401
386 426
386 427
386 428
386 489
387 462
388 392
388 425
388 426
388 430
388 452
388 465
389 445
389 453
389 460
389 472
390 412
390 417
390 422
390 485
391 404
391 405
391 408
391 410
391 419
391 450
392 401
392 416
392 443
392 455
392 462
394 398
394 409
395 434
395 435
395 448
395 493
396 437
397 452
397 487
399 406
399 452
399 471
400 418
400 493
401 404
401 455
402 445
402 467
403 485
404 408
405 445
406 441
406 447
406 469
406 472
408 437
408 459
409 415
409 439
409 451
409 455
409 477
409 495
411 476
412 419
412 424
412 447
412 450
412 498
413 434
413 497
414 419
414 480
414 482
415 416
415 451
415 496
416 418
416 441
416 442
416 454
416 455
416 460
416 461
417 499
420 460
420 490
421 473
423 440
423 447
423 482
424 430
424 496
425 474
427 468
427 492
428 432
429 455
429 492
430 435
430 478
431 465
432 436
433 482
435 442
436 439
436 457
437 468
438 441
438 475
438 496
439 491
440 466
441 466
441 488
444 448
444 467
444 487
444 496
445 457
445 463
446 468
446 486
447 477
447 495
448 476
448 488
449 480
450 472
451 463
451 490
451 494
453 461
453 495
454 457
454 476
456 467
456 479
458 492
459 478
461 491
462 486
462 494
463 470
464 468
464 496
465 477
466 490
467 469
467 486
467 489
469 483
469 487
471 481
471 491
474 492
476 478
478 484
480 485
480 490
481 499
483 486
485 489
486 489
488 493
493 497
