0
500
1850
0
1
0
0 37
0 89
0 169
0 277
0 462
1 19
1 50
1 83
1 291
1 357
1 391
2 18
2 35
2 78
2 138
2 176
2 193
2 261
2 363
2 409
3 120
3 256
3 278
3 287
4 136
4 176
4 218
4 244
4 245
4 295
5 83
5 137
5 159
5 236
5 266
5 280
5 364
5 377
5 437
6 26
6 59
6 87
6 90
6 215
6 259
6 260
6 310
6 351
6 358
6 451
6 468
7 90
7 125
7 162
7 172
7 258
7 306
7 380
7 429
7 437
8 12
8 131
8 171
8 248
8 258
8 326
8 330
8 349
8 384
8 420
9 166
9 173
9 255
9 407
10 83
10 145
10 146
10 150
10 301
10 437
10 472
10 499
11 172
11 186
11 249
11 396
11 499
12 68
12 73
12 114
12 175
12 347
12 409
12 448
12 474
12 478
13 45
13 94
13 168
13 257
13 274
13 343
13 440
14 61
14 139
14 224
14 256
14 356
14 459
14 476
14 495
15 155
15 193
15 262
15 285
15 293
15 297
15 337
15 366
15 391
15 416
16 22
16 46
16 112
16 162
16 396
16 488
17 41
17 55
17 131
17 165
17 208
17 426
18 114
18 212
18 293
18 319
18 337
18 484
19 23
19 113
19 114
19 176
19 316
19 417
19 459
20 25
20 82
20 83
20 96
20 212
20 221
20 258
20 413
20 430
20 482
21 60
21 288
21 364
21 371
21 476
22 32
22 36
22 57
22 82
22 108
22 234
22 259
22 296
22 377
22 399
22 428
22 449
22 492
23 59
23 61
23 157
23 291
23 399
23 406
24 52
24 225
24 312
24 362
24 411
24 412
24 423
24 428
25 227
25 233
25 282
25 333
25 351
25 358
25 407
26 228
26 353
26 390
26 436
27 73
27 114
27 148
27 197
27 241
27 391
27 447
27 487
28 44
28 322
28 377
28 448
28 450
29 89
29 99
29 117
29 120
29 221
29 268
29 270
29 280
29 293
29 305
29 410
29 425
29 445
30 35
30 188
30 208
30 303
30 357
30 444
31 39
31 126
31 136
31 245
31 287
31 306
31 329
31 401
31 425
32 39
32 63
32 85
32 111
32 143
32 189
32 226
32 248
32 346
32 405
32 421
32 422
32 480
33 62
33 202
33 206
33 330
33 380
33 454
34 44
34 424
34 436
34 459
35 42
35 79
35 161
35 274
35 439
35 466
35 478
36 98
36 124
36 146
36 206
36 210
36 216
36 271
36 342
36 393
36 416
36 461
36 464
37 46
37 190
37 223
37 311
37 426
38 46
38 115
38 183
38 245
38 421
38 446
39 278
39 381
39 469
40 46
40 70
40 137
40 201
40 210
40 228
40 249
40 259
40 271
40 345
40 391
40 417
40 445
40 454
41 130
41 286
41 351
41 413
41 461
41 476
41 481
42 49
42 88
42 221
42 271
42 303
42 332
42 453
43 162
43 175
43 185
43 276
43 297
43 420
44 376
44 418
44 425
45 94
45 123
45 141
45 169
45 187
45 204
45 206
45 242
45 323
45 416
45 455
46 153
46 174
46 188
46 203
46 326
46 331
46 357
46 396
46 412
46 430
46 432
46 437
47 98
47 140
47 174
47 237
47 276
47 354
47 427
47 476
48 163
48 216
48 295
48 362
48 368
48 388
49 174
49 182
49 450
50 61
50 73
50 169
50 199
50 312
50 372
50 380
50 457
51 119
51 222
51 436
51 466
51 496
52 82
52 145
52 150
52 186
52 195
52 199
52 204
52 298
52 323
52 357
52 392
52 399
52 406
52 491
53 139
53 154
53 169
53 196
53 252
53 347
53 361
53 414
53 418
53 457
54 125
54 234
54 239
54 261
54 301
54 329
54 440
55 137
55 238
55 266
55 269
55 286
55 293
55 407
55 451
56 90
56 196
56 223
56 230
56 235
56 249
56 383
56 388
56 425
57 63
57 219
57 262
57 275
57 286
57 300
57 433
57 495
58 118
58 158
58 228
58 390
59 85
59 282
59 396
60 136
60 184
60 227
60 264
60 412
61 282
61 376
61 477
62 154
62 162
62 382
62 391
62 489
63 178
63 229
63 301
63 494
64 122
64 137
64 208
64 367
64 368
64 401
65 118
65 151
65 200
65 232
65 290
65 406
65 414
65 434
65 466
66 138
66 199
66 229
66 337
66 366
66 388
66 421
67 75
67 94
67 157
67 373
67 462
68 132
68 248
68 343
68 389
68 402
68 439
69 141
69 198
69 378
70 236
70 307
70 329
70 452
71 75
71 80
71 217
71 249
71 412
71 469
71 492
72 252
72 363
72 432
73 111
73 115
73 162
73 165
73 243
73 270
73 299
73 304
73 357
73 424
73 469
74 95
74 186
74 191
74 244
74 298
74 391
75 87
75 102
75 115
75 118
75 310
75 337
75 394
75 418
76 78
76 79
76 170
76 365
76 409
76 427
76 468
76 492
77 83
77 85
77 97
77 153
77 176
77 224
77 232
77 438
77 480
77 484
77 498
78 83
78 99
78 134
78 249
78 357
78 361
78 374
78 424
78 477
78 495
79 94
79 143
79 356
79 486
80 153
80 239
80 264
80 315
80 434
80 438
80 444
80 497
81 139
81 151
81 266
81 301
81 335
81 350
81 410
81 449
82 115
82 232
82 238
82 289
82 479
83 178
83 296
83 358
83 381
84 135
84 234
84 287
84 299
84 319
84 326
84 331
85 250
85 278
85 338
85 384
86 92
86 93
86 197
86 217
87 131
87 212
87 313
88 98
88 286
88 470
89 143
89 148
89 262
89 282
89 283
89 372
89 457
90 172
90 279
90 327
90 351
90 412
90 468
91 122
91 203
91 256
91 398
92 116
92 264
92 314
92 480
93 150
93 159
93 298
94 150
94 169
94 253
94 385
94 448
95 141
95 266
95 274
95 349
96 117
96 147
96 238
96 394
96 462
97 219
97 221
97 313
97 369
97 448
97 454
98 117
98 156
98 173
98 286
98 323
98 369
98 454
99 101
99 118
99 209
99 211
99 298
99 318
99 384
99 443
99 449
100 105
100 135
100 139
100 147
100 168
100 171
100 294
100 331
100 371
100 427
100 449
101 141
101 178
101 249
101 254
101 261
101 352
101 372
101 374
101 407
101 424
102 158
102 266
102 359
103 137
103 199
103 203
103 387
103 400
103 486
104 131
104 155
104 166
104 188
104 479
104 494
104 496
105 137
105 213
105 322
105 467
105 469
106 156
106 191
106 204
106 207
106 289
106 327
106 419
107 140
107 147
107 154
107 240
107 274
107 404
107 406
108 157
108 239
108 282
108 317
108 346
108 404
108 443
109 137
109 148
109 280
109 312
109 321
109 364
109 459
109 471
110 160
110 246
110 277
111 125
111 219
111 221
111 267
111 275
111 376
111 499
112 231
112 233
112 284
112 322
112 336
112 343
112 446
112 454
113 134
113 431
113 497
114 154
114 184
114 276
114 278
114 313
114 315
114 375
114 394
114 470
115 191
115 196
115 258
115 385
115 438
116 227
116 332
117 163
117 203
117 215
117 321
117 335
117 357
117 426
117 464
118 138
118 185
118 204
118 225
118 282
119 146
119 431
119 480
120 122
120 188
120 189
120 239
120 345
120 394
120 410
120 413
120 450
120 495
121 319
121 494
122 128
122 352
122 373
122 410
122 474
122 478
123 160
123 334
123 353
123 485
124 143
124 217
124 276
124 287
124 376
124 468
125 246
125 272
125 279
125 290
125 338
125 445
125 457
126 185
126 320
126 426
126 431
126 453
127 142
127 231
127 323
127 490
128 135
128 295
128 423
128 440
128 459
129 151
129 225
129 315
129 327
129 340
129 444
129 470
130 237
130 258
130 299
131 256
131 376
131 398
131 423
131 496
132 183
132 301
132 368
132 382
133 319
133 342
133 364
133 470
134 147
134 174
134 223
134 243
134 409
135 254
135 408
135 469
135 476
135 490
136 215
136 266
136 288
136 323
136 337
136 497
137 167
137 210
137 286
137 296
137 351
137 378
137 385
137 490
138 221
138 239
138 377
138 385
138 424
138 461
139 236
139 238
139 245
139 294
139 364
139 366
139 392
139 395
139 398
139 459
140 163
140 188
140 224
140 233
140 280
140 306
141 166
141 342
141 404
141 438
141 451
142 372
142 479
143 241
144 175
144 201
144 210
144 324
144 354
144 413
144 424
145 172
145 272
145 288
146 176
146 193
146 200
146 229
146 251
146 291
146 410
146 420
146 449
146 484
147 198
147 209
147 298
147 376
147 412
148 169
148 227
148 329
148 364
148 446
149 250
149 266
149 317
149 355
149 356
149 367
149 390
149 428
149 433
150 229
150 260
150 402
150 475
151 233
151 272
151 293
151 319
151 341
151 422
151 465
152 265
152 268
152 429
152 457
152 460
153 183
153 316
153 330
153 378
154 234
154 325
154 335
154 372
154 418
154 488
155 244
155 254
155 265
156 166
156 243
156 492
156 497
157 315
157 330
158 221
158 265
158 291
158 308
158 337
159 183
159 211
159 318
159 383
159 478
159 491
159 498
160 430
161 175
161 194
161 200
161 316
161 319
162 268
162 302
162 312
162 363
162 365
162 471
163 222
163 338
163 371
163 430
163 453
163 462
163 472
164 203
164 404
165 300
165 469
165 497
166 198
166 204
166 224
166 248
166 275
167 366
167 471
168 191
168 204
168 260
168 292
168 365
168 390
168 426
169 266
169 371
169 393
169 395
169 434
170 211
170 245
170 260
170 269
170 285
170 352
170 449
171 230
171 237
171 359
171 383
171 397
171 444
171 473
171 492
172 255
172 332
172 356
173 183
173 220
173 226
173 249
173 289
173 309
173 442
174 199
174 212
174 220
174 290
174 315
174 328
174 444
175 182
175 277
175 294
175 302
175 334
175 347
175 400
175 407
176 181
176 316
176 370
176 414
176 457
176 463
176 478
176 498
177 190
177 225
177 328
177 373
177 395
177 477
178 276
178 334
178 357
178 410
178 432
178 468
179 190
179 193
179 198
179 364
179 376
179 499
180 192
180 226
180 268
181 252
181 267
181 303
181 376
181 418
181 497
182 188
182 467
182 488
182 492
183 244
183 402
183 445
183 468
183 495
184 221
184 282
184 407
185 239
185 261
185 310
185 477
186 193
186 233
186 379
186 393
186 423
187 416
188 226
188 244
188 279
188 281
189 213
189 218
189 246
189 278
189 389
189 390
190 206
190 322
190 439
191 215
191 353
192 215
192 310
192 451
192 492
193 228
193 293
194 278
194 322
195 262
195 385
195 393
196 238
196 313
196 317
196 348
196 423
197 213
197 214
197 258
197 297
197 313
197 335
197 452
198 210
198 437
198 449
198 480
199 494
200 303
200 333
201 348
202 250
203 222
203 226
203 264
203 274
203 337
204 239
204 261
204 309
204 335
204 400
204 401
204 424
205 260
205 318
205 467
205 478
205 480
205 491
205 498
206 297
207 226
207 312
207 326
207 489
208 380
208 488
208 490
209 235
209 255
209 295
209 300
209 359
209 479
210 327
210 366
210 395
210 455
210 489
211 218
211 322
211 382
212 248
212 396
212 492
213 287
213 362
213 366
213 400
213 419
214 229
214 247
214 383
214 445
216 233
216 253
216 299
216 365
216 408
216 437
216 446
216 462
216 490
216 493
217 284
218 219
218 263
218 265
218 281
218 405
218 441
218 494
218 497
219 294
219 373
219 458
220 273
220 286
220 313
220 329
220 428
221 239
221 400
222 301
222 344
222 382
223 227
223 353
223 461
224 275
224 288
224 357
224 362
224 451
225 370
225 406
225 443
226 279
226 421
226 437
226 494
227 239
227 302
227 330
227 333
227 406
227 424
227 454
227 456
228 256
228 270
228 283
228 345
228 371
228 481
228 487
228 489
229 259
229 358
230 280
230 331
230 338
230 358
230 384
230 470
230 476
230 494
231 425
231 429
232 292
232 294
233 286
233 469
234 454
235 243
235 396
235 417
235 478
235 480
236 257
236 263
236 270
236 276
236 290
236 341
236 411
236 495
237 245
237 366
237 452
238 244
238 260
238 352
238 400
239 317
239 366
239 425
240 266
240 477
241 338
241 356
241 442
242 247
242 407
242 431
242 441
243 253
243 275
243 327
243 363
243 368
243 477
243 479
244 270
244 427
245 256
245 264
245 268
245 333
245 478
245 495
246 269
246 276
246 281
246 313
246 325
247 365
247 427
247 445
248 398
248 408
248 420
248 428
248 494
249 334
249 390
249 420
249 439
250 263
250 294
250 437
251 438
251 487
252 473
253 290
253 300
254 381
254 431
254 484
254 490
256 302
256 332
256 422
256 450
256 453
257 317
257 381
257 388
257 423
257 447
258 295
258 357
258 371
258 408
258 466
259 361
260 384
260 468
261 321
262 281
262 364
262 380
262 406
263 315
263 418
263 499
264 319
264 353
264 432
265 456
266 415
268 353
268 387
268 410
268 433
268 478
269 366
269 426
269 483
270 348
270 349
270 368
270 437
271 324
271 400
271 469
271 471
271 484
271 485
271 496
272 375
272 377
272 411
272 427
272 469
274 320
274 345
275 298
275 329
275 447
276 376
276 439
276 492
277 278
277 280
277 287
278 409
278 439
279 294
279 381
280 304
280 316
280 410
280 449
280 461
281 347
281 395
281 468
282 290
283 438
284 450
284 497
285 288
285 353
285 473
285 481
286 307
286 366
286 412
286 435
287 302
287 342
287 352
288 344
289 291
289 370
289 404
289 414
289 479
290 352
290 403
290 492
291 362
291 380
291 421
291 444
291 468
292 388
292 412
292 463
293 418
293 470
294 351
294 354
294 375
294 410
294 431
294 492
294 494
295 490
296 308
296 331
296 345
296 402
296 406
296 411
296 428
297 353
297 358
297 399
297 478
298 354
298 416
298 452
298 478
298 493
299 309
299 366
299 395
300 314
300 458
301 306
301 335
301 413
301 468
302 363
302 431
303 329
303 398
303 412
303 482
304 380
304 381
304 494
305 359
305 380
305 384
306 455
306 465
307 326
307 337
307 397
307 424
308 433
309 322
309 479
310 329
310 354
310 402
310 413
311 330
311 410
311 423
312 395
313 362
313 431
313 449
313 460
314 316
314 321
314 344
314 347
314 372
314 375
314 378
314 467
315 403
315 472
317 488
318 347
318 357
318 487
318 491
318 493
319 360
319 365
319 493
320 332
321 401
322 445
323 341
323 365
323 461
324 354
325 372
326 363
326 369
326 444
327 337
327 365
327 463
327 470
327 489
328 352
328 414
329 338
329 339
329 432
331 354
331 375
331 443
331 483
332 335
333 482
334 363
334 398
335 424
335 487
336 357
336 397
336 496
337 399
338 434
339 424
340 388
340 472
340 497
341 369
341 406
341 467
341 479
342 359
342 362
342 405
342 416
342 431
342 453
342 479
343 359
343 418
343 468
343 487
344 468
344 473
345 448
346 399
346 462
347 356
347 465
348 356
348 380
348 447
348 453
349 415
349 423
349 471
349 493
350 368
351 367
352 435
352 471
353 411
353 450
354 369
354 411
355 409
356 422
357 465
358 377
358 379
358 458
358 479
358 495
358 497
359 479
361 434
361 473
362 367
362 417
362 489
363 479
363 491
364 481
366 367
366 421
368 393
368 399
369 423
369 447
372 392
372 407
372 418
372 436
372 477
372 492
373 414
374 424
374 446
374 467
375 377
375 447
375 465
376 387
377 452
378 429
378 437
378 454
379 398
379 472
379 484
380 405
380 464
380 469
381 416
381 437
381 480
382 393
382 433
382 492
386 424
386 437
387 397
387 439
388 436
389 425
390 421
390 495
391 404
391 490
392 444
393 418
393 431
393 438
394 417
395 431
395 461
395 494
396 443
397 497
398 411
398 438
398 491
399 423
399 439
399 449
400 409
400 499
401 410
401 414
401 430
402 426
403 437
403 487
407 427
407 431
407 446
408 413
409 427
410 415
410 430
411 460
412 418
416 431
416 440
417 435
419 420
420 495
421 423
421 451
421 454
422 453
423 487
424 470
424 496
427 449
427 455
429 431
429 456
429 465
430 447
431 469
431 482
432 440
432 478
433 465
435 499
437 446
437 480
438 439
438 455
438 456
438 495
439 453
440 470
441 442
441 485
443 464
443 494
445 491
446 459
450 497
452 462
453 454
453 487
453 496
454 489
458 460
459 470
459 478
459 497
463 489
464 481
465 470
466 483
467 469
468 481
469 471
471 493
475 478
476 492
477 490
478 485
480 486
481 495
484 496
485 493
487 497
494 496
