0
500
2500
0
1
0
0 91
0 193
0 210
0 247
0 330
0 437
0 442
0 450
0 479
1 28
1 79
1 172
1 213
1 246
1 267
1 277
1 327
1 407
2 34
2 61
2 94
2 165
2 176
2 178
2 230
2 232
2 349
2 369
3 17
3 67
3 77
3 152
3 224
3 302
3 328
3 356
3 394
3 426
3 430
4 13
4 18
4 145
4 191
4 211
4 288
4 446
5 19
5 39
5 96
5 147
5 254
5 287
5 363
6 135
6 143
6 144
6 206
6 219
6 224
6 231
6 243
6 433
6 499
7 97
7 176
7 217
7 265
7 282
7 335
7 431
7 442
7 492
8 107
8 131
8 196
8 276
8 298
8 340
8 383
8 387
8 454
9 67
9 74
9 82
9 116
9 202
9 215
9 307
9 358
9 366
9 414
9 421
9 459
9 460
9 474
9 495
10 17
10 30
10 150
10 170
10 189
10 271
10 274
10 370
10 475
11 101
11 107
11 120
11 152
11 331
11 355
11 385
11 415
11 477
12 199
12 218
12 289
12 329
12 379
12 393
12 411
12 427
13 44
13 88
13 102
13 140
13 150
13 185
13 240
13 261
13 342
13 379
13 384
13 411
13 436
14 47
14 63
14 138
14 238
14 315
14 437
14 447
14 488
15 28
15 101
15 317
15 426
15 427
15 430
15 459
16 53
16 76
16 234
16 269
16 302
16 356
16 412
16 421
16 471
16 483
17 203
17 251
17 265
17 304
17 327
17 368
17 428
17 469
17 475
18 47
18 60
18 88
18 91
18 112
18 164
18 230
18 255
18 264
18 273
18 319
18 340
18 372
18 438
19 67
19 158
19 169
19 218
19 220
19 230
19 265
19 285
19 321
19 369
19 416
19 435
19 495
20 87
20 165
20 396
20 419
20 478
21 101
21 123
21 126
21 222
21 227
21 251
21 339
21 389
21 486
22 51
22 80
22 114
22 151
22 160
22 288
22 295
22 315
22 424
22 428
22 495
23 171
23 193
23 194
23 242
23 279
23 485
24 183
24 223
24 261
24 306
24 307
24 339
24 472
25 59
25 71
25 72
25 79
25 156
25 240
25 285
25 369
25 376
25 402
25 413
25 481
26 74
26 198
26 304
26 344
26 357
26 376
26 381
26 445
26 458
27 94
27 152
27 235
27 283
27 284
27 366
27 373
27 482
28 112
28 192
28 213
28 214
28 256
28 285
28 294
28 321
28 381
28 473
29 43
29 123
29 223
29 236
29 305
29 310
29 329
29 376
29 410
29 468
30 245
30 272
30 377
30 420
30 466
31 34
31 157
31 272
31 293
31 404
31 467
32 217
32 233
32 257
32 460
32 499
33 128
33 155
33 176
33 215
33 236
33 237
33 275
33 300
33 307
33 356
33 371
33 379
33 446
33 484
34 62
34 90
34 93
34 136
34 211
34 229
34 261
34 269
34 322
34 337
34 351
34 395
34 407
34 459
35 165
35 350
35 354
35 409
35 436
35 457
35 495
35 496
36 38
36 79
36 144
36 196
36 237
36 358
36 397
36 417
36 424
36 444
36 490
36 497
37 153
37 166
37 169
37 225
37 254
37 264
37 343
37 390
37 400
37 401
38 108
38 113
38 123
38 133
38 166
38 189
38 242
38 379
38 384
38 478
39 94
39 131
39 199
39 318
39 339
39 340
39 388
39 393
39 397
40 74
40 81
40 178
40 216
40 368
40 397
40 416
41 45
41 70
41 119
41 164
41 205
41 207
41 236
41 252
41 261
41 264
41 267
41 268
41 290
41 297
41 304
41 327
41 334
41 453
42 248
42 277
42 303
42 444
42 499
43 58
43 129
43 194
43 221
43 273
44 50
44 171
44 255
44 281
44 313
44 335
44 343
44 428
45 143
45 175
45 232
45 235
45 243
45 368
45 410
45 426
45 427
45 449
46 77
46 85
46 110
46 119
46 146
46 213
46 234
46 315
46 325
46 335
46 349
46 362
46 379
46 391
46 413
47 65
47 73
47 102
47 131
47 214
47 248
47 249
47 256
47 380
47 401
48 59
48 190
48 198
48 249
48 273
48 323
48 461
49 85
49 153
49 194
49 248
49 252
49 265
49 266
49 291
49 352
49 359
49 446
50 177
50 248
50 315
50 359
50 375
50 377
51 78
51 155
51 185
51 281
51 296
51 346
51 417
51 483
52 186
52 483
52 498
53 81
53 93
53 122
53 177
53 188
53 302
53 327
53 339
53 415
53 480
54 64
54 111
54 235
54 320
54 427
54 471
54 480
55 63
55 76
55 94
55 100
55 148
55 225
55 250
55 266
55 323
55 352
55 395
55 466
55 484
56 104
56 117
56 160
56 194
56 212
56 236
56 250
56 292
56 314
56 353
56 379
56 390
56 423
56 432
56 454
56 473
56 476
56 482
57 59
57 62
57 65
57 116
57 204
57 205
57 219
57 404
57 448
58 78
58 86
58 93
58 199
58 220
58 297
58 308
58 484
59 77
59 89
59 92
59 99
59 157
59 208
59 214
59 268
59 319
59 404
59 444
59 446
59 456
59 467
60 108
60 173
60 200
60 339
60 435
60 444
61 94
61 141
61 155
61 250
61 350
61 355
61 436
61 461
61 472
62 89
62 93
62 97
62 149
62 192
62 197
62 241
62 318
62 409
62 479
63 71
63 152
63 165
63 236
63 360
63 407
63 427
63 463
64 463
65 105
65 134
65 209
65 270
65 302
65 329
65 349
65 444
66 90
66 116
66 117
66 205
66 268
66 351
66 471
66 491
67 72
67 74
67 80
67 106
67 154
67 162
67 212
67 269
67 361
67 419
67 422
67 432
67 465
67 477
68 79
68 148
68 150
68 173
68 291
68 386
68 390
68 394
68 402
68 471
69 156
69 230
69 276
69 278
69 298
69 302
69 349
69 398
69 460
70 78
70 163
70 179
70 198
70 364
70 400
70 412
71 206
71 213
71 340
71 443
72 95
72 141
72 186
72 334
72 374
72 415
72 481
73 116
73 149
73 226
73 240
73 342
73 343
73 354
73 462
74 92
74 161
74 180
74 181
74 326
74 350
74 451
75 105
75 140
75 172
75 185
75 199
75 214
75 222
75 258
75 289
75 319
75 365
75 394
75 407
76 111
76 312
76 329
76 397
76 412
76 450
76 470
76 487
76 489
77 151
77 156
77 218
77 220
77 372
77 439
77 489
78 230
78 232
78 317
78 379
79 83
79 102
79 185
79 324
79 427
79 428
79 464
80 128
80 244
80 257
80 278
80 326
80 331
80 367
80 382
80 433
80 469
80 489
81 129
81 162
81 213
81 249
81 251
81 448
82 265
82 330
83 84
83 109
83 133
83 172
83 180
83 208
83 211
83 274
83 362
83 468
83 484
83 495
84 161
84 278
84 315
84 461
85 107
85 188
85 205
85 215
85 258
85 312
85 340
85 347
85 405
85 430
86 87
86 89
86 112
86 152
86 190
86 215
86 231
86 234
86 252
86 293
86 335
86 350
86 390
87 121
87 188
87 199
87 332
87 333
87 351
87 365
87 367
87 404
87 443
87 472
87 499
88 100
88 134
88 213
88 262
88 263
88 291
88 294
88 307
88 462
88 464
88 475
89 102
89 168
89 206
89 267
89 343
89 348
89 410
90 141
90 150
90 177
90 297
90 386
90 410
90 433
90 447
91 129
91 144
91 150
91 184
91 192
91 229
91 230
91 256
91 364
91 460
92 94
92 96
92 210
92 273
92 375
92 384
92 439
92 451
92 493
92 498
93 146
93 187
93 212
93 330
93 377
93 380
93 488
94 134
94 222
94 245
94 247
94 271
94 399
94 402
94 491
95 172
95 180
95 189
95 210
95 229
95 248
95 386
95 437
95 494
96 160
96 181
96 240
96 274
96 286
96 348
96 427
96 429
96 495
97 139
97 181
97 302
97 316
97 343
97 348
97 384
97 420
98 130
98 150
98 164
98 177
98 201
98 211
98 233
98 291
98 373
99 105
99 115
99 150
99 176
99 189
99 214
99 230
99 309
99 343
99 427
99 499
100 111
100 177
100 271
100 302
100 350
100 386
100 390
100 398
100 407
100 428
100 440
100 488
101 164
101 221
101 270
101 277
101 447
102 106
102 114
102 136
102 200
102 273
102 298
102 313
102 363
102 403
102 420
102 480
103 109
103 116
103 303
103 318
103 326
103 355
103 415
103 467
104 139
104 144
104 151
104 173
104 226
104 246
104 396
104 473
104 485
105 113
105 142
105 182
105 234
105 263
105 277
105 288
105 334
105 352
105 381
105 398
105 427
105 443
106 161
106 242
106 265
106 425
106 446
107 239
107 310
107 347
107 456
108 160
108 177
108 211
108 220
108 302
108 339
108 361
108 404
108 408
108 464
109 131
109 307
109 492
110 180
110 299
110 325
110 351
110 388
110 482
111 150
111 198
111 209
111 283
111 347
111 458
111 489
112 214
112 216
112 282
112 295
112 311
112 365
112 385
112 476
113 174
113 254
113 285
113 297
113 340
113 362
113 376
113 404
114 253
114 274
114 275
114 286
114 333
114 359
114 391
114 458
115 250
115 298
115 323
115 352
115 373
115 470
116 141
116 243
116 301
116 305
116 404
116 426
116 441
117 207
117 211
117 218
117 266
117 315
117 402
117 462
117 466
118 136
118 177
118 244
118 291
118 304
118 429
118 470
119 133
119 204
119 319
119 351
119 361
119 388
119 428
119 491
120 147
120 148
120 170
120 175
120 176
120 178
120 179
120 183
120 194
120 245
120 280
120 302
120 308
121 131
121 177
121 189
121 231
121 270
121 283
121 376
121 408
121 411
121 446
122 129
122 140
122 176
122 218
122 228
122 233
122 289
122 403
122 438
122 447
122 452
122 477
123 199
123 206
123 224
123 240
123 305
123 430
123 443
123 466
124 134
124 156
124 215
124 360
124 384
124 409
124 464
125 174
125 295
125 335
125 354
125 371
125 384
125 428
125 440
125 452
125 456
125 459
126 127
126 147
126 177
126 223
126 285
126 296
126 300
126 375
126 391
126 400
127 244
127 354
127 403
127 407
128 143
128 220
128 249
128 263
128 277
128 280
128 293
128 353
128 361
128 418
128 432
128 480
129 147
129 263
129 282
129 334
129 381
129 430
129 465
130 159
130 211
130 224
130 228
130 411
130 419
130 445
130 482
131 158
131 261
131 267
131 314
131 325
131 382
131 389
132 186
132 191
132 213
132 325
132 341
132 367
132 395
132 398
132 495
133 187
133 281
133 288
133 296
133 406
133 451
134 218
134 271
134 337
134 386
134 411
134 436
134 499
135 139
135 185
135 230
135 281
135 283
135 298
135 339
135 373
135 496
136 145
136 220
136 260
136 323
136 401
137 139
137 152
137 172
137 260
137 338
137 371
137 387
137 411
138 146
138 150
138 249
138 291
138 353
138 416
138 425
138 462
139 142
139 152
139 235
139 355
139 371
139 463
140 170
140 181
140 218
140 222
140 234
140 258
140 323
140 363
140 380
140 445
140 491
140 493
141 201
141 268
141 290
141 326
141 410
141 435
141 492
142 225
142 336
142 355
142 423
142 450
142 499
143 162
143 168
143 202
143 263
143 277
143 386
143 458
144 157
144 245
144 257
144 263
144 348
144 351
144 353
144 411
144 454
145 226
145 268
145 319
145 321
145 334
145 412
145 486
145 498
146 252
146 290
146 375
146 386
146 392
146 444
146 445
147 196
147 202
147 342
147 363
147 481
148 204
148 253
148 333
148 402
148 453
148 479
149 165
149 176
149 192
149 229
149 239
149 263
149 288
149 300
149 312
149 409
149 433
149 450
149 499
150 208
150 260
150 284
150 336
150 340
150 391
150 399
150 416
150 476
151 183
151 227
151 272
151 345
151 376
152 270
152 346
152 355
152 391
152 410
153 198
153 258
153 265
153 271
153 326
153 438
153 480
154 174
154 231
154 260
154 289
154 332
154 371
154 388
154 406
154 484
155 163
155 168
155 171
155 324
155 333
155 339
155 349
155 407
155 442
155 456
155 484
155 487
156 227
156 229
156 311
156 412
156 445
157 162
157 163
157 202
157 209
157 213
157 259
157 276
157 297
157 312
157 395
157 417
157 444
157 489
158 168
158 170
158 190
158 205
158 215
158 219
158 276
158 324
159 166
159 187
159 217
159 259
159 266
159 290
159 323
159 373
159 421
159 483
160 199
160 247
160 268
160 272
160 281
160 314
160 341
160 379
160 470
161 244
161 253
161 254
161 372
161 463
162 171
162 181
162 329
162 343
162 362
162 402
162 435
163 173
163 275
163 282
163 386
163 405
163 418
163 448
164 294
164 304
164 430
165 168
165 292
165 335
165 355
165 398
165 400
165 482
165 499
166 174
166 213
166 251
166 391
166 415
166 423
166 431
166 459
166 462
167 193
167 209
167 254
167 279
167 281
167 300
167 302
167 450
167 494
168 226
168 333
168 417
168 427
169 325
169 422
169 460
169 481
169 485
170 215
171 225
171 262
171 313
171 363
171 410
171 481
172 232
172 266
172 309
172 330
172 357
172 421
172 432
173 285
173 360
173 388
173 424
174 246
174 379
174 478
175 296
175 316
175 318
175 322
175 323
175 340
176 196
176 289
176 336
176 389
176 390
176 465
176 497
176 498
177 197
177 246
177 347
177 354
177 411
177 481
178 205
178 210
178 301
178 393
178 417
179 199
179 244
179 285
179 367
179 422
179 486
179 495
180 245
180 256
180 302
180 371
180 455
181 328
181 346
181 447
181 462
182 200
182 239
182 273
182 360
182 386
183 190
183 197
183 232
183 328
183 339
183 431
183 442
184 202
184 215
184 242
184 284
184 306
184 441
184 453
184 488
185 238
185 279
185 288
185 292
185 336
185 339
185 349
185 362
185 382
186 302
186 320
186 346
187 205
187 231
187 246
187 265
187 400
187 466
187 484
188 208
188 278
188 302
189 193
189 221
189 390
189 479
190 224
190 239
190 274
190 297
190 319
190 377
190 442
190 492
190 494
191 277
192 252
192 269
192 285
192 315
192 333
192 350
192 382
192 396
192 408
192 426
192 459
192 466
193 197
193 203
193 240
193 246
193 270
193 363
193 455
194 214
194 227
194 291
194 325
194 446
194 449
194 459
194 496
195 257
195 284
195 320
195 455
195 462
195 472
195 477
195 498
196 210
196 296
196 340
196 358
197 223
197 315
197 400
197 434
197 462
198 248
198 252
198 282
198 309
198 363
198 390
198 462
199 257
199 293
199 315
199 361
199 365
199 400
199 410
199 422
199 493
200 222
200 237
200 287
200 295
200 395
200 414
201 291
201 296
201 326
201 493
202 248
202 346
202 348
202 357
202 459
202 485
202 494
203 209
203 222
203 273
203 296
203 389
203 396
203 415
204 235
204 252
204 336
204 383
204 445
204 464
205 235
205 236
205 248
205 426
205 470
206 261
206 262
206 276
206 278
206 364
206 405
206 410
206 420
207 372
208 262
208 351
208 423
208 473
209 219
209 238
209 388
209 405
209 445
209 459
210 238
210 242
210 343
210 404
210 430
210 464
210 478
211 233
211 260
211 270
211 322
211 368
211 384
211 455
212 220
212 272
212 287
212 300
212 309
212 334
212 369
212 459
212 467
212 486
213 304
213 311
213 361
213 377
213 382
213 434
213 459
214 282
214 336
214 352
214 361
214 404
215 217
215 381
215 391
215 495
216 278
216 300
216 340
216 423
216 462
217 314
217 427
217 441
218 228
218 242
218 308
218 365
218 378
218 466
219 292
219 300
219 362
219 391
219 396
219 400
219 483
220 221
220 225
220 228
220 265
220 380
220 413
220 418
220 451
220 490
221 250
221 294
221 318
221 380
221 387
222 239
222 289
222 316
222 345
222 371
222 468
223 262
223 296
223 328
223 352
223 379
223 381
223 440
223 461
223 462
223 486
224 247
224 302
224 377
224 427
224 463
224 476
224 477
224 482
225 310
225 411
226 233
226 263
226 327
226 341
226 485
227 276
227 370
227 378
227 394
227 438
228 342
228 344
229 254
229 302
229 304
229 306
229 429
230 243
230 310
230 423
230 447
231 291
231 332
231 333
231 346
231 355
231 461
232 353
232 482
233 234
233 271
233 325
233 415
233 418
233 445
233 467
234 244
234 464
234 471
234 489
234 494
235 252
235 294
235 323
235 359
235 438
235 463
236 242
236 249
236 259
236 260
236 295
236 380
236 406
236 446
237 255
237 320
238 253
238 291
238 309
238 317
238 325
238 354
238 412
238 447
238 465
238 480
238 494
239 288
239 316
239 348
240 256
240 268
240 370
240 384
241 296
241 403
242 374
242 394
242 430
243 259
243 307
243 373
243 393
243 442
244 267
244 289
244 290
245 278
245 347
245 357
245 374
246 251
246 383
246 464
247 334
247 363
247 418
247 433
247 452
247 474
248 289
248 305
248 329
248 341
249 367
249 396
249 499
250 260
250 334
250 448
250 473
251 392
251 394
251 481
252 269
253 320
254 263
254 301
254 327
254 343
254 380
254 387
254 406
254 422
254 432
254 457
254 479
255 362
255 371
255 378
255 394
255 412
255 437
255 438
256 313
256 323
256 423
256 437
257 319
257 347
257 350
257 409
257 475
258 285
258 292
258 302
258 307
258 347
258 422
258 424
258 438
258 499
259 329
259 367
259 387
259 400
260 311
260 356
260 428
260 463
261 294
261 384
261 412
261 424
261 431
262 307
262 345
262 359
262 386
262 469
263 274
263 286
263 323
263 367
263 392
263 495
264 439
265 392
265 463
266 273
266 300
266 346
266 372
266 382
266 395
267 322
268 311
268 470
269 306
269 309
269 468
269 493
270 335
270 416
270 444
270 445
271 282
271 303
272 280
272 348
272 357
272 400
272 468
272 489
272 496
272 499
273 328
273 399
273 463
273 471
274 377
274 404
274 415
275 368
275 419
275 442
276 289
276 422
277 323
277 360
277 382
277 391
277 420
277 424
277 440
277 464
277 490
278 467
278 479
279 478
280 291
280 297
280 309
280 320
280 337
280 381
280 495
281 310
281 364
281 416
281 462
282 284
282 309
282 321
282 433
282 489
283 301
283 305
283 316
284 317
284 350
284 373
284 464
284 473
285 288
285 295
285 315
285 355
286 303
286 307
286 314
286 331
286 334
286 479
286 496
287 405
287 422
288 336
288 385
288 411
288 423
288 443
288 453
288 461
289 461
290 330
290 341
290 448
291 313
291 381
291 419
291 437
291 464
291 476
291 491
292 415
292 442
292 449
293 339
293 436
293 437
293 461
293 479
294 335
294 426
294 481
294 496
295 365
295 411
295 457
295 461
296 387
296 472
297 305
297 331
297 454
297 478
298 306
298 330
298 369
298 381
298 408
298 422
299 387
299 417
299 471
299 492
299 499
300 303
300 415
301 329
301 418
301 456
302 325
302 402
302 463
302 464
303 304
303 329
303 374
303 445
303 468
303 478
304 357
304 391
304 436
305 328
306 307
306 380
306 420
306 444
306 493
307 428
307 470
308 397
309 344
309 379
309 437
310 395
310 437
311 351
311 355
311 369
312 323
312 325
312 333
312 362
312 381
312 389
312 415
312 422
313 327
313 452
313 457
313 496
314 432
314 476
314 485
315 345
315 406
315 415
315 440
316 333
316 389
316 425
316 441
317 328
317 335
317 363
317 382
317 389
317 424
318 346
318 409
318 447
318 482
319 345
319 347
319 355
319 363
319 397
320 328
320 410
320 415
321 332
321 365
321 391
321 408
321 411
322 327
322 386
322 430
323 373
323 495
324 330
324 336
324 380
324 449
324 470
325 335
325 383
325 468
326 484
327 354
327 357
327 430
328 387
328 404
329 438
329 454
329 467
329 499
330 437
330 452
330 456
330 487
330 494
331 346
331 447
331 453
331 465
332 403
332 440
332 494
333 366
333 372
333 391
333 434
333 468
334 371
334 382
334 394
334 488
335 432
335 444
335 492
336 338
336 414
336 420
336 450
336 461
337 391
337 394
337 481
338 358
338 394
338 449
340 349
340 355
340 456
340 476
341 373
341 431
341 485
341 487
342 383
342 408
342 443
343 394
343 419
343 427
344 370
344 420
344 435
344 450
344 462
345 370
345 483
346 347
346 401
346 425
346 432
347 348
347 415
347 488
347 497
348 358
348 381
348 447
349 371
349 380
349 491
350 432
350 494
351 374
351 377
351 418
351 467
352 387
352 405
352 414
353 420
353 445
353 479
354 405
354 428
354 456
354 459
354 489
354 491
355 383
355 399
355 459
356 405
357 360
357 442
357 476
358 482
359 387
360 393
360 492
361 379
361 380
361 419
361 439
361 458
362 406
362 407
362 415
362 491
363 407
363 432
363 445
363 466
364 405
365 473
366 412
366 491
368 396
368 485
369 370
369 428
369 434
371 374
371 391
371 423
371 466
371 468
371 472
372 384
373 383
373 471
375 399
376 388
376 445
376 494
377 386
377 393
377 476
377 490
377 498
379 381
380 383
380 401
380 465
381 427
382 411
382 419
382 487
382 493
383 395
383 396
383 408
383 431
383 491
384 463
384 488
385 459
386 405
387 392
387 462
387 491
388 439
388 457
388 466
389 422
390 474
391 399
391 413
391 421
391 453
391 479
392 398
392 453
393 442
393 490
393 496
394 492
395 442
395 470
396 410
396 432
397 423
397 472
397 497
398 406
398 426
398 443
398 465
398 498
399 402
399 420
399 487
400 466
401 459
402 479
403 413
403 487
404 439
404 441
405 413
405 446
406 419
406 491
406 497
407 419
407 444
407 459
407 460
408 491
409 492
410 470
411 493
412 436
412 441
412 474
413 438
414 416
415 467
415 485
416 425
417 490
418 437
418 438
418 440
418 464
419 451
419 464
419 465
421 465
421 472
421 478
423 470
423 474
423 479
425 433
425 487
426 438
426 459
427 488
428 461
428 485
429 470
429 486
430 436
431 464
431 480
432 443
432 448
433 436
433 451
433 453
433 456
434 479
435 458
435 461
435 486
435 489
435 491
435 492
436 459
436 469
436 470
437 443
438 452
438 471
438 480
438 483
443 481
443 491
445 478
447 485
448 485
449 452
449 459
450 456
450 472
452 466
452 468
453 461
456 472
457 482
457 488
457 498
458 479
460 463
467 481
471 491
474 491
476 488
477 481
482 483
483 484
484 485
490 494
494 497
