0
50
170
0
1
0
0 7
0 16
0 32
0 40
0 46
1 3
1 4
1 22
1 42
2 10
2 14
2 37
2 43
2 49
3 21
3 26
3 37
3 39
4 18
4 24
4 28
4 33
4 34
5 33
5 34
5 35
5 36
5 43
5 48
6 17
6 48
7 15
7 16
7 18
7 27
7 30
7 32
7 34
7 48
8 11
8 12
8 17
8 23
8 28
8 33
9 11
9 17
9 18
9 22
9 29
9 31
9 35
9 36
9 42
9 47
10 15
10 23
10 25
10 28
10 31
10 45
11 15
11 18
11 20
11 37
11 45
11 49
12 20
12 21
12 24
12 26
12 30
12 38
13 15
13 28
13 33
13 36
13 45
14 16
14 18
14 27
14 32
14 34
14 41
14 42
14 48
15 21
15 25
15 27
15 36
15 43
16 19
16 27
16 37
16 41
16 48
16 49
17 32
17 42
18 21
18 23
18 29
18 32
18 33
18 49
19 25
19 29
19 44
19 45
19 49
20 26
20 37
20 45
20 48
21 23
21 45
22 25
22 34
22 36
23 36
23 39
23 41
23 42
24 26
24 28
25 28
25 36
25 48
26 38
26 42
26 43
26 49
27 28
27 38
27 40
27 46
28 29
28 36
28 38
28 45
28 46
28 48
29 37
30 31
30 32
30 46
30 49
31 36
31 40
31 47
32 34
32 35
32 43
32 47
32 49
33 34
33 36
33 38
34 43
35 36
35 49
36 48
37 38
37 39
37 42
38 49
39 48
40 47
45 47
48 49
