0
50
297
0
1
0
0 2
0 5
0 6
0 13
0 19
0 23
0 25
0 28
0 33
0 36
0 44
0 45
0 49
1 2
1 4
1 5
1 8
1 9
1 14
1 21
1 24
1 34
1 41
1 47
1 49
2 3
2 4
2 14
2 19
2 23
2 27
2 28
2 32
2 36
2 37
2 41
2 44
3 9
3 10
3 15
3 18
3 22
3 27
3 28
3 31
3 33
3 39
3 43
3 44
3 46
4 6
4 20
4 21
4 26
4 28
4 29
4 31
4 39
4 45
4 46
4 47
5 6
5 8
5 19
5 23
5 24
5 25
5 26
5 30
5 31
5 34
5 38
5 42
5 44
6 14
6 21
6 26
6 31
6 37
6 38
6 39
6 42
6 45
6 46
7 9
7 13
7 15
7 22
7 23
7 26
7 27
7 29
7 35
8 15
8 16
8 19
8 22
8 25
8 28
8 29
8 33
8 35
8 38
8 39
8 40
9 13
9 34
9 35
9 36
9 42
9 44
9 45
10 15
10 17
10 27
10 30
10 32
10 33
10 36
10 41
10 42
10 43
10 49
11 12
11 16
11 18
11 21
11 26
11 35
11 39
11 44
11 47
12 19
12 36
12 39
13 17
13 20
13 21
13 32
13 33
13 35
13 48
14 15
14 17
14 20
14 22
14 28
14 31
14 38
14 44
15 16
15 21
15 22
15 26
15 29
15 31
15 32
15 35
15 37
15 38
15 39
15 41
16 18
16 20
16 22
16 28
16 33
16 34
16 37
16 41
16 43
16 49
17 22
17 24
17 26
17 29
17 32
17 36
17 40
17 42
17 48
18 26
18 27
18 29
18 30
18 36
18 44
18 46
18 48
19 26
19 30
19 38
19 42
19 45
19 48
20 23
20 24
20 25
20 28
20 41
20 44
20 45
20 49
21 25
21 26
21 28
21 30
21 33
21 34
21 37
21 46
21 48
22 23
22 28
22 31
22 34
22 35
22 38
22 49
23 26
23 31
23 45
24 26
24 27
24 29
24 31
24 44
24 45
25 30
25 31
25 42
26 33
26 40
26 42
26 43
26 45
27 30
27 33
27 34
27 35
27 39
27 40
27 42
27 43
27 49
28 31
28 32
28 36
28 39
28 45
29 31
29 34
29 44
29 47
29 48
30 31
30 34
30 37
30 43
30 44
31 36
31 41
31 48
32 34
32 38
32 41
32 42
33 37
33 48
34 40
34 45
34 49
36 43
36 47
36 49
37 42
37 43
37 49
38 42
38 44
38 45
38 49
39 40
39 49
40 43
40 46
40 47
41 42
41 43
41 48
42 47
42 48
43 45
43 48
44 45
44 47
44 48
