0
50
221
0
1
0
0 4
0 6
0 9
0 31
0 48
0 49
1 10
1 15
1 17
1 18
1 22
1 29
1 32
1 36
1 38
1 40
1 42
2 18
2 26
2 27
2 28
2 37
3 6
3 10
3 13
3 17
3 28
3 33
3 42
3 48
4 12
4 25
4 27
4 28
4 30
4 31
4 35
4 40
4 43
4 47
5 6
5 8
5 13
5 18
5 20
5 28
5 38
5 45
6 15
6 22
6 30
6 32
6 33
7 8
7 9
7 12
7 13
7 15
7 27
7 42
7 48
8 11
8 13
8 21
8 22
8 26
8 28
8 41
8 43
9 13
9 14
9 17
9 25
9 28
9 29
9 36
9 38
9 40
9 41
9 46
9 47
9 48
10 11
10 18
10 21
10 27
10 29
10 31
10 34
10 40
10 42
11 22
11 28
11 29
11 32
11 35
11 39
11 46
11 47
12 16
12 30
12 34
12 36
12 38
12 41
12 42
12 44
12 47
13 18
13 20
13 43
13 44
13 47
14 15
14 23
14 28
14 30
14 44
14 48
15 23
15 31
15 32
15 36
15 37
15 38
15 45
15 49
16 18
16 19
16 21
16 23
16 24
16 25
16 33
16 37
17 21
17 24
17 26
17 33
17 36
17 39
17 41
17 42
17 47
18 20
18 26
18 30
18 31
18 33
18 35
19 20
19 29
19 32
19 34
19 45
20 25
20 35
20 41
20 44
21 24
21 25
21 39
21 40
21 44
21 47
21 49
22 24
22 29
22 39
22 42
23 25
23 32
24 34
24 42
25 31
25 44
26 42
26 46
26 48
27 29
27 34
27 40
27 44
27 48
27 49
28 40
28 41
28 44
29 32
29 37
29 39
30 34
30 45
30 47
30 49
31 33
31 39
31 40
31 41
32 36
33 38
33 40
34 48
35 37
35 38
35 40
35 41
35 46
36 37
36 44
39 41
39 44
40 41
40 47
41 43
41 48
41 49
43 48
43 49
44 46
47 49
