0
50
184
0
1
0
0 8
0 26
0 33
0 37
0 38
0 41
0 45
1 13
1 16
1 22
1 23
1 32
1 37
1 39
1 41
1 43
2 5
2 42
2 45
3 5
3 11
3 12
3 13
3 14
3 24
3 28
3 31
3 32
3 33
3 36
3 37
3 49
4 5
4 8
4 19
4 22
5 12
5 19
5 24
5 33
5 39
5 49
6 7
6 13
6 14
6 16
6 30
6 31
6 40
6 49
7 16
7 17
7 24
7 25
7 45
7 47
8 13
8 18
8 23
8 29
8 44
8 45
8 46
9 11
9 14
9 23
9 29
9 35
9 40
9 41
10 19
10 29
10 36
10 37
10 46
11 13
11 15
11 25
11 34
11 45
11 46
11 49
12 20
12 28
12 30
12 41
12 47
12 49
13 15
13 21
13 23
13 25
13 34
13 44
14 46
15 16
15 18
15 21
15 23
15 37
15 42
15 44
15 46
15 47
16 18
16 21
16 25
16 34
16 39
17 19
17 32
17 36
17 40
17 42
18 24
18 29
18 33
18 38
19 21
19 31
19 41
19 43
20 29
20 48
21 24
21 25
22 27
22 31
22 33
22 38
23 25
23 44
24 30
24 42
25 34
25 37
25 46
25 49
26 27
26 33
26 39
26 42
27 28
27 33
27 34
27 36
27 38
28 36
28 42
28 46
29 33
29 38
29 39
29 43
30 35
30 37
30 41
31 35
31 40
31 45
31 47
32 33
32 36
32 41
32 46
33 34
33 35
33 36
33 38
34 37
36 39
37 38
38 46
38 49
39 45
39 48
41 45
41 46
41 49
43 44
43 45
44 46
45 49
46 47
