0
50
179
0
1
0
0 5
0 9
0 11
0 31
1 15
1 20
1 28
1 30
1 37
1 38
2 10
2 11
2 17
2 27
2 34
2 42
2 49
3 4
3 5
3 11
3 16
3 22
3 26
3 41
3 42
3 43
3 49
4 8
4 16
4 25
4 28
4 37
4 44
4 45
4 46
4 47
5 13
5 19
5 30
5 33
5 34
5 38
5 46
5 49
6 8
6 12
6 23
6 32
6 45
6 49
7 9
7 16
7 18
7 21
7 26
7 41
7 48
7 49
8 18
8 24
8 31
8 33
8 36
8 39
8 45
9 12
9 27
9 30
9 44
9 47
10 21
10 28
10 30
10 32
11 12
11 16
11 18
11 20
11 27
11 28
11 32
11 33
11 42
11 49
12 18
12 21
12 41
12 47
13 34
13 35
13 45
13 47
14 27
14 29
14 30
14 40
14 46
14 47
15 17
15 20
15 28
15 32
15 45
15 48
16 18
16 23
16 28
16 41
16 49
17 19
17 22
17 26
17 28
17 42
17 45
18 47
19 24
19 25
19 26
19 27
19 31
19 32
19 45
19 46
19 47
19 49
20 21
20 22
20 27
20 28
20 30
20 36
21 36
21 39
21 46
22 35
22 37
23 29
23 43
23 48
23 49
24 31
24 38
24 44
24 45
25 33
25 43
25 44
26 38
26 40
26 45
27 31
27 32
28 36
28 48
29 30
29 31
29 39
29 43
29 45
29 47
30 49
31 47
32 40
32 45
33 35
33 36
34 41
35 38
35 41
35 47
36 40
36 41
37 39
38 42
39 42
39 48
42 47
45 46
