0
50
336
0
1
0
0 8
0 11
0 13
0 14
0 15
0 18
0 23
0 27
0 29
0 33
0 36
0 37
0 39
0 46
1 2
1 14
1 16
1 19
1 29
1 35
1 40
2 6
2 8
2 14
2 16
2 19
2 20
2 21
2 24
2 26
2 28
2 29
2 33
2 39
2 42
2 43
2 44
2 45
2 49
3 6
3 7
3 9
3 11
3 12
3 19
3 26
3 36
3 40
3 42
3 43
3 44
4 10
4 11
4 18
4 20
4 23
4 26
4 28
4 29
4 33
4 41
5 17
5 19
5 20
5 23
5 27
5 33
5 37
5 38
5 46
5 47
5 49
6 8
6 9
6 10
6 11
6 14
6 18
6 21
6 24
6 28
6 32
6 34
6 43
7 10
7 13
7 18
7 21
7 27
7 29
7 30
7 31
7 32
7 35
7 43
7 44
7 45
7 47
8 11
8 30
8 32
8 36
8 38
8 43
8 49
9 11
9 22
9 23
9 24
9 25
9 27
9 28
9 30
9 32
9 34
9 47
10 28
10 32
10 40
10 41
10 46
10 49
11 16
11 19
11 20
11 27
11 35
11 36
11 37
11 40
11 48
12 13
12 17
12 19
12 21
12 25
12 28
12 29
12 38
12 39
12 43
12 44
13 16
13 18
13 22
13 29
13 30
13 31
13 32
13 33
13 34
13 36
13 39
13 40
13 44
13 47
13 48
14 22
14 24
14 34
14 35
14 36
14 38
14 39
14 45
15 18
15 19
15 26
15 27
15 30
15 32
15 33
15 34
15 35
15 36
15 38
15 41
15 43
15 49
16 24
16 26
16 27
16 30
16 31
16 37
16 42
16 49
17 18
17 20
17 21
17 22
17 23
17 25
17 26
17 30
17 42
17 43
17 47
18 23
18 28
18 34
18 39
18 42
18 43
19 23
19 33
19 36
19 46
19 48
20 29
20 35
20 37
20 38
20 40
20 45
20 48
21 22
21 30
21 33
21 39
21 42
22 26
22 28
22 38
22 42
22 44
23 24
23 32
23 35
23 39
23 42
24 28
24 33
24 34
24 40
24 42
24 45
24 46
24 47
24 49
25 27
25 37
25 39
25 40
25 44
25 45
25 47
26 28
26 31
26 33
26 35
26 36
26 40
26 42
26 45
27 28
27 31
27 38
27 39
27 41
27 47
27 48
28 31
28 32
28 34
28 40
28 42
28 46
28 47
29 30
29 31
29 35
29 40
29 42
29 43
29 44
29 47
29 48
30 33
30 35
30 46
30 48
31 32
31 33
31 38
31 41
31 42
31 49
32 34
32 36
32 45
33 34
33 35
33 37
33 40
33 41
33 46
33 47
33 49
34 36
34 37
34 43
34 49
35 39
35 40
35 41
35 42
35 43
35 46
35 47
35 49
36 37
36 39
36 40
36 41
36 43
36 45
36 48
37 43
38 43
38 46
38 49
39 41
40 41
40 43
40 45
41 42
41 43
41 44
41 48
43 48
43 49
44 45
44 48
45 48
46 48
