0
50
242
0
1
0
0 5
0 17
0 22
0 24
0 28
0 31
0 32
0 34
0 40
0 43
0 47
0 49
1 10
1 21
1 27
1 31
1 32
1 34
1 38
1 42
1 45
1 49
2 10
2 11
2 13
2 16
2 23
2 24
2 25
2 26
2 28
2 30
2 38
2 43
3 11
3 19
3 26
3 30
3 32
3 34
3 41
3 43
3 47
4 5
4 13
4 15
4 16
4 18
4 19
4 23
4 24
4 27
4 37
4 42
4 48
5 6
5 9
5 13
5 18
5 27
5 28
5 37
5 39
5 40
5 41
5 47
6 24
6 34
6 35
6 39
6 41
6 48
7 14
7 22
7 24
7 29
7 34
7 37
7 38
7 45
7 48
8 18
8 20
8 28
8 33
8 35
8 38
9 22
9 23
9 24
9 26
9 27
9 40
9 46
10 14
10 18
10 29
10 34
10 36
11 14
11 28
11 29
11 30
11 33
11 38
11 43
11 49
12 13
12 17
12 19
12 20
12 21
12 23
12 25
12 38
12 39
12 42
12 44
13 30
13 33
13 36
13 40
13 48
13 49
14 23
14 26
14 37
14 45
15 22
15 25
15 27
15 29
15 31
15 34
15 36
15 39
15 41
15 42
15 48
16 17
16 26
16 28
16 29
16 30
16 35
16 40
16 41
16 42
17 18
17 19
17 20
17 34
17 46
17 49
18 22
18 23
18 27
18 33
18 42
18 43
18 44
18 46
19 26
19 31
19 33
20 27
20 41
20 44
20 49
21 34
21 43
22 30
22 34
22 47
23 24
23 29
23 38
23 40
23 48
24 25
24 37
24 42
24 49
25 30
25 49
26 30
26 36
26 40
26 41
27 28
27 29
27 32
27 38
27 44
27 46
27 49
28 30
28 35
28 38
28 42
28 44
29 32
29 35
29 48
30 35
30 39
30 40
30 43
30 45
31 32
31 43
31 44
32 34
33 38
33 44
33 45
33 46
33 48
33 49
34 47
35 39
35 44
35 46
35 47
36 37
36 40
36 43
36 46
36 48
37 40
37 44
38 48
38 49
39 48
39 49
40 49
41 47
42 43
42 44
42 49
46 47
48 49
