0
50
254
0
1
0
0 1
0 12
0 13
0 17
0 19
0 25
0 27
0 28
0 41
0 44
0 45
0 46
1 23
1 26
1 32
1 38
2 4
2 7
2 8
2 10
2 14
2 17
2 19
2 21
2 22
2 26
2 49
3 6
3 14
3 28
3 33
3 35
3 36
3 41
3 47
4 8
4 12
4 24
4 27
4 29
4 34
5 8
5 11
5 17
5 22
5 27
5 40
5 43
5 47
6 12
6 18
6 24
6 27
6 38
6 43
6 44
7 11
7 13
7 15
7 16
7 19
7 21
7 26
7 29
7 32
7 39
7 42
7 43
7 46
7 47
8 9
8 11
8 13
8 16
8 18
8 26
8 29
8 32
8 33
8 35
8 36
8 39
8 41
8 42
8 44
9 18
9 21
9 24
9 27
9 29
9 34
9 45
9 47
10 16
10 19
10 21
10 29
10 34
10 45
10 46
11 20
11 27
11 28
11 29
11 33
11 35
11 40
11 41
11 43
12 14
12 27
12 29
12 31
12 41
12 43
12 45
13 16
13 19
13 22
13 23
13 26
13 36
13 39
13 48
14 24
14 25
14 31
14 49
15 16
15 20
15 21
15 24
15 29
15 31
15 35
15 45
16 19
16 22
16 23
16 35
16 40
16 42
16 43
17 20
17 22
17 30
17 32
17 36
17 37
17 46
18 29
18 35
18 39
18 40
18 43
18 46
19 20
19 28
19 36
19 37
19 40
19 45
19 46
20 23
20 24
20 28
20 29
20 34
20 37
20 39
20 44
20 48
21 27
21 36
21 39
21 42
21 49
22 27
22 33
22 44
22 46
22 48
23 26
23 30
23 34
23 36
23 48
24 26
24 27
24 40
24 41
24 47
25 49
26 29
26 31
26 35
26 43
26 44
27 28
27 34
27 40
27 42
27 44
28 29
28 30
28 36
28 43
28 46
30 33
30 35
30 38
30 39
30 43
30 44
30 45
30 48
31 32
31 47
32 35
32 36
32 39
32 41
32 42
32 44
33 36
33 38
33 40
33 42
33 45
34 39
34 40
34 42
34 48
35 39
35 44
35 46
35 47
36 39
37 41
37 45
37 49
38 43
39 41
39 44
39 49
40 41
41 43
42 43
42 46
43 46
43 48
45 49
46 48
48 49
