0
50
311
0
1
0
0 1
0 4
0 11
0 18
0 22
0 23
0 24
0 26
0 30
0 31
0 35
0 42
0 44
0 48
1 7
1 9
1 17
1 24
1 26
1 27
1 30
1 47
1 49
2 18
2 19
2 23
2 26
2 35
2 36
2 37
2 48
3 6
3 8
3 10
3 11
3 17
3 18
3 20
3 33
3 34
3 37
3 38
3 39
3 41
3 42
3 43
3 47
3 49
4 11
4 19
4 20
4 21
4 22
4 23
4 25
4 26
4 28
4 29
4 30
4 32
4 33
4 34
4 39
4 42
4 44
4 46
4 47
4 49
5 6
5 9
5 12
5 16
5 19
5 20
5 21
5 24
5 30
5 34
5 35
5 44
5 46
5 47
5 49
6 9
6 10
6 11
6 12
6 21
6 26
6 28
6 30
6 36
6 40
6 44
7 10
7 14
7 17
7 20
7 29
7 34
7 38
7 42
7 43
7 44
7 45
7 48
8 10
8 13
8 15
8 16
8 19
8 23
8 28
8 30
8 33
8 41
9 11
9 12
9 14
9 17
9 22
9 26
9 27
9 28
9 29
9 31
9 36
9 37
9 38
9 44
9 48
10 11
10 13
10 14
10 20
10 23
10 24
10 32
10 36
10 38
11 12
11 13
11 18
11 19
11 26
11 27
11 32
11 46
11 47
12 13
12 20
12 32
12 46
13 16
13 17
13 18
13 22
13 23
13 27
13 32
13 34
13 43
13 48
14 25
14 28
14 31
14 35
14 36
14 39
14 47
15 16
15 21
15 28
15 29
15 32
15 33
15 34
15 36
15 38
15 39
15 45
15 49
16 25
16 28
16 30
16 31
16 38
16 40
16 43
16 44
16 46
16 48
17 33
17 35
17 43
17 44
17 47
18 20
18 21
18 39
18 40
18 43
19 20
19 21
19 27
19 28
19 30
19 32
19 35
19 43
19 45
20 26
20 33
20 39
20 40
20 47
20 48
21 29
21 34
22 27
22 29
22 30
22 34
22 38
22 41
22 42
22 46
22 49
23 28
23 29
23 33
23 37
23 40
23 44
23 49
24 28
24 32
24 36
24 37
24 41
24 42
24 43
24 46
25 31
25 32
25 36
25 37
26 31
26 33
26 36
26 39
26 41
26 43
26 46
27 29
27 30
27 34
27 39
28 33
28 37
28 40
28 46
28 48
28 49
29 31
29 37
29 39
29 45
30 42
30 46
30 48
30 49
31 37
31 39
31 44
31 45
31 47
31 49
32 34
32 37
32 41
32 42
32 45
33 40
33 45
33 47
34 36
34 38
34 39
34 42
34 43
34 45
36 37
36 39
36 40
36 43
36 44
36 46
36 47
36 49
37 49
38 42
38 44
38 46
40 44
41 45
42 45
44 49
45 47
45 49
46 48
