0
50
267
0
1
0
0 4
0 12
0 15
0 23
0 27
0 29
0 37
0 40
0 41
0 44
1 7
1 14
1 15
1 19
1 23
1 33
1 34
1 40
1 41
1 44
2 5
2 14
2 17
2 18
2 19
2 22
2 24
2 29
2 31
2 35
2 42
2 45
2 48
3 13
3 17
3 19
3 20
3 24
3 27
3 31
3 32
3 38
3 44
3 46
4 15
4 16
4 18
4 26
4 32
4 33
4 34
4 40
5 6
5 7
5 15
5 19
5 25
5 28
5 29
5 44
5 47
6 7
6 8
6 16
6 21
6 24
6 26
6 28
6 30
6 37
6 39
6 40
6 49
7 8
7 9
7 15
7 26
7 29
7 31
7 36
7 38
8 14
8 18
8 21
8 22
8 23
8 25
8 28
8 32
8 37
8 38
8 39
8 44
9 11
9 14
9 15
9 22
9 29
9 33
9 34
9 44
10 22
10 28
10 30
10 41
10 43
10 45
11 16
11 24
11 31
11 34
11 44
11 47
12 14
12 16
12 19
12 23
12 32
12 33
12 37
12 40
13 15
13 20
13 21
13 25
13 34
13 35
13 36
13 37
13 44
14 15
14 21
14 22
14 25
14 28
14 29
14 31
14 32
14 38
14 45
14 47
14 48
15 16
15 19
15 24
15 29
15 31
15 35
15 43
16 17
16 24
16 25
16 27
16 28
16 29
16 33
16 39
16 41
16 46
17 19
17 24
17 26
17 27
17 29
17 32
18 30
18 31
18 34
18 36
18 38
18 48
18 49
19 24
19 32
19 34
19 35
19 37
19 45
19 46
19 49
20 21
20 28
20 31
20 34
20 41
20 43
20 45
20 48
21 25
21 33
21 34
21 49
22 34
22 39
22 43
22 48
22 49
23 24
23 31
23 36
23 38
23 40
23 45
23 47
23 48
23 49
24 29
24 37
24 47
24 49
25 34
25 35
25 42
25 48
26 30
26 35
26 36
26 42
27 33
27 35
27 41
27 43
27 44
27 46
27 47
28 33
28 42
29 31
29 34
29 35
30 31
30 35
30 42
30 48
31 36
31 42
31 43
31 47
31 49
32 35
32 36
32 37
32 43
32 46
32 47
32 48
33 37
33 43
33 46
34 38
34 39
34 40
34 43
34 46
34 49
35 37
36 46
37 47
38 40
38 47
40 42
40 44
41 42
41 46
42 49
44 46
45 47
