0
50
192
0
1
0
0 4
0 7
0 8
0 33
0 41
0 42
0 48
1 10
1 12
1 19
1 22
1 33
1 35
1 37
2 10
2 16
2 27
2 39
2 40
2 46
3 13
3 30
3 40
3 44
4 12
4 25
4 33
4 34
4 36
4 45
5 10
5 11
5 16
5 31
5 32
5 38
5 39
5 41
5 42
6 21
6 28
6 32
6 43
6 45
6 48
7 13
7 14
7 17
7 25
7 28
7 29
7 32
7 38
8 13
8 24
8 31
8 32
8 40
8 41
9 16
9 20
9 37
10 15
10 16
10 17
10 21
10 25
10 37
10 39
10 42
11 31
11 36
11 43
11 48
12 13
12 15
12 17
12 20
12 24
12 29
12 40
12 42
13 20
13 31
13 34
13 36
13 42
14 15
14 21
14 22
14 27
14 30
14 39
14 48
15 17
15 30
15 36
16 18
16 22
16 23
16 24
16 32
16 43
17 34
17 35
17 36
18 20
18 31
18 32
18 35
18 36
18 41
18 44
19 21
19 23
19 35
19 36
19 42
20 33
20 39
20 47
20 48
20 49
21 27
21 28
21 37
22 28
22 29
22 32
22 34
22 35
22 36
22 49
23 36
24 25
24 26
24 27
24 29
24 34
24 49
25 28
25 29
25 30
25 33
25 45
26 28
26 40
26 42
26 43
26 44
26 49
27 28
27 31
27 41
28 42
28 48
29 30
29 48
30 32
30 41
30 44
30 48
30 49
31 32
31 35
31 39
31 41
31 49
32 41
32 44
33 37
33 42
33 49
34 35
34 47
35 36
35 39
35 44
36 41
36 43
37 41
37 48
38 43
38 44
38 45
39 48
40 41
40 42
42 45
42 47
44 45
47 49
