0
50
257
0
1
0
0 6
0 12
0 19
0 21
0 22
0 24
0 26
0 31
0 33
0 37
0 39
0 43
0 47
0 48
1 2
1 3
1 6
1 8
1 9
1 15
1 19
1 25
1 33
1 37
1 40
1 43
1 44
2 10
2 12
2 15
2 18
2 19
2 20
2 21
2 29
2 34
2 39
2 42
2 45
3 13
3 14
3 15
3 35
3 39
3 42
3 43
3 45
3 46
3 47
4 7
4 15
4 19
4 26
4 29
4 38
4 45
4 48
5 12
5 14
5 16
5 27
5 28
5 35
5 44
5 45
6 8
6 13
6 14
6 15
6 16
6 31
6 35
6 46
7 11
7 13
7 17
7 21
7 23
7 24
7 30
7 31
7 36
7 37
7 39
7 42
7 44
7 48
8 11
8 14
8 19
8 33
8 38
9 14
9 16
9 22
9 28
9 33
9 37
10 12
10 23
10 44
11 14
11 18
11 25
11 26
11 27
11 32
11 34
11 35
11 36
11 37
11 39
11 44
11 46
12 23
12 40
12 41
12 44
13 18
13 23
13 25
13 35
13 42
13 48
13 49
14 18
14 21
14 28
14 31
14 33
14 41
14 43
14 44
14 46
14 48
14 49
15 18
15 21
15 25
15 28
15 29
15 39
15 47
16 18
16 22
16 24
16 26
16 27
16 31
16 33
16 43
16 44
17 22
17 25
17 27
17 28
17 46
18 25
18 26
18 28
18 33
18 34
18 35
18 38
18 40
18 48
19 25
19 27
19 35
19 40
19 41
20 24
20 25
20 27
20 30
21 26
21 31
21 36
21 45
21 46
21 49
22 23
22 30
22 31
22 41
22 46
23 24
23 27
23 38
23 45
23 47
23 49
24 26
24 30
24 31
24 33
24 36
24 37
24 43
24 44
25 29
25 36
25 41
25 44
25 49
26 45
27 28
27 35
27 36
27 40
27 46
27 48
28 29
28 31
28 35
28 39
28 42
28 45
29 44
29 45
30 37
30 38
30 44
30 45
31 36
31 39
31 43
31 44
31 47
32 33
32 34
32 36
32 49
33 44
33 45
33 48
34 36
34 42
34 43
34 45
35 40
35 42
37 39
37 42
38 45
38 47
38 49
39 40
40 42
40 44
40 45
40 49
42 43
42 46
45 47
47 48
47 49
