0
50
302
0
1
0
0 2
0 3
0 6
0 16
0 17
0 18
0 23
0 29
0 34
0 35
0 37
0 39
0 43
0 49
1 3
1 11
1 12
1 19
1 22
1 38
1 39
1 42
1 45
1 46
2 8
2 14
2 18
2 21
2 26
2 29
2 32
2 38
2 39
2 41
2 45
2 47
2 48
3 26
3 28
3 39
3 41
3 46
4 5
4 11
4 14
4 17
4 22
4 23
4 24
4 25
4 27
4 28
4 29
4 30
4 35
4 36
4 45
4 46
4 48
5 8
5 11
5 13
5 14
5 17
5 20
5 23
5 34
5 39
5 41
5 42
5 49
6 10
6 18
6 20
6 28
6 32
6 33
6 34
6 38
6 39
6 40
6 41
6 43
6 47
7 14
7 15
7 17
7 19
7 22
7 23
7 34
7 43
7 48
7 49
8 13
8 15
8 19
8 23
8 36
8 39
8 40
8 42
8 47
9 11
9 13
9 17
9 18
9 19
9 23
9 28
9 30
9 33
9 34
9 41
9 42
9 44
10 12
10 20
10 24
10 29
10 40
10 42
10 44
11 16
11 17
11 18
11 23
11 27
11 33
11 39
11 46
11 49
12 18
12 24
12 40
12 43
12 45
12 47
12 48
13 14
13 16
13 20
13 21
13 27
13 33
13 46
14 20
14 21
14 23
14 40
14 41
14 47
14 48
15 21
15 23
15 28
15 29
15 32
15 34
15 40
15 42
15 45
15 46
15 47
16 20
16 21
16 25
16 28
16 30
16 31
16 38
16 46
16 49
17 20
17 39
17 40
17 43
18 24
18 25
18 29
18 31
18 33
18 36
18 39
18 40
18 43
18 47
19 23
19 24
19 29
19 32
19 36
19 44
19 49
20 30
20 32
20 41
20 49
21 27
21 28
21 29
21 36
21 46
21 48
22 27
22 36
22 37
22 38
22 45
23 25
23 28
23 40
23 46
23 47
23 49
24 28
24 33
24 35
24 37
24 41
24 42
24 43
25 30
25 31
25 32
25 35
25 41
25 42
25 43
26 27
26 32
26 36
26 37
26 39
26 42
26 46
26 48
26 49
27 31
27 34
27 37
27 40
27 42
27 49
28 33
28 35
28 46
28 47
28 49
29 32
29 37
29 38
29 45
29 47
29 49
30 34
30 37
30 38
30 39
30 41
30 46
30 47
30 49
31 32
31 37
32 37
33 34
33 36
33 38
33 39
33 40
33 44
34 45
34 46
34 47
35 47
35 48
36 40
36 43
37 38
37 39
37 48
37 49
38 41
38 42
38 46
39 43
39 49
40 42
41 42
41 45
41 46
42 47
42 49
43 48
43 49
44 49
45 46
45 49
46 49
47 49
48 49
