0
50
315
0
1
0
0 3
0 4
0 11
0 16
0 18
0 22
0 27
0 29
0 30
0 38
0 43
0 44
0 48
0 49
1 2
1 14
1 15
1 22
1 24
1 27
1 32
1 36
1 37
1 41
2 3
2 5
2 6
2 8
2 14
2 18
2 21
2 24
2 26
2 31
2 34
2 38
2 40
2 46
2 47
3 5
3 8
3 20
3 25
3 27
3 36
3 38
3 39
3 45
4 7
4 9
4 11
4 18
4 26
4 28
4 29
4 34
4 35
4 40
4 41
4 44
4 49
5 6
5 13
5 16
5 25
5 30
5 32
5 33
5 34
5 36
5 43
5 47
5 49
6 13
6 15
6 22
6 23
6 26
6 34
6 48
6 49
7 11
7 16
7 17
7 19
7 24
7 34
7 41
7 47
8 9
8 10
8 11
8 12
8 13
8 14
8 17
8 19
8 21
8 23
8 35
8 43
8 45
8 47
8 48
9 10
9 19
9 31
9 32
9 37
9 41
10 12
10 17
10 21
10 22
10 24
10 27
10 28
10 32
10 37
10 39
10 41
10 46
11 12
11 16
11 17
11 20
11 21
11 23
11 24
11 40
11 42
11 45
11 48
12 16
12 19
12 29
12 33
12 38
12 40
12 44
12 45
12 46
13 19
13 30
13 35
13 36
13 37
13 40
13 47
14 16
14 21
14 36
14 37
14 38
14 41
15 16
15 20
15 23
15 28
15 45
15 46
15 47
15 49
16 24
16 25
16 27
16 29
16 37
16 45
16 48
17 18
17 20
17 29
17 31
17 33
17 40
17 42
17 45
17 46
18 19
18 23
18 25
18 27
18 31
18 32
18 36
18 41
18 43
18 46
19 21
19 24
19 28
19 30
19 33
19 35
19 36
19 40
19 42
19 47
20 24
20 27
20 31
20 40
21 28
21 30
21 32
21 34
21 40
21 41
21 42
21 43
21 46
22 29
22 30
22 35
22 36
22 37
22 42
22 46
22 47
22 49
23 25
23 27
23 30
23 32
23 35
23 37
23 38
23 40
23 42
23 44
24 36
24 37
24 42
24 45
24 46
24 48
25 31
25 33
25 37
25 40
25 41
25 43
25 46
25 47
25 48
25 49
26 27
26 28
26 30
26 35
26 41
26 42
26 47
26 49
27 28
27 38
27 45
27 46
28 30
28 41
28 42
28 48
29 33
29 35
29 38
29 41
29 45
30 34
30 37
30 40
30 41
30 42
30 43
30 47
31 33
31 43
31 44
31 47
31 48
32 41
32 43
33 41
33 45
34 36
34 45
34 46
35 36
35 41
35 44
35 45
35 48
36 38
36 46
36 49
37 40
37 41
37 42
37 49
38 39
38 40
38 44
38 49
39 41
39 43
39 44
40 44
40 45
40 46
40 48
40 49
41 43
41 44
41 49
46 48
