0
50
244
0
1
0
0 2
0 4
0 8
0 10
0 14
0 16
0 20
0 21
0 40
0 41
0 46
1 4
1 15
1 22
1 27
1 30
1 34
1 42
1 44
1 45
2 3
2 4
2 6
2 7
2 8
2 13
2 19
2 21
2 24
2 35
2 37
2 38
2 42
2 46
2 47
2 48
3 4
3 6
3 9
3 14
3 15
3 17
3 20
3 31
3 40
3 41
4 9
4 21
4 38
4 41
4 45
5 6
5 16
5 23
5 25
5 28
5 35
5 46
5 47
6 14
6 25
6 30
6 31
6 32
6 33
6 34
6 35
6 37
6 42
6 43
6 45
6 49
7 9
7 13
7 21
7 23
7 27
7 35
7 38
7 43
7 45
8 13
8 15
8 17
8 21
8 22
8 25
8 31
8 34
8 39
8 41
8 49
9 14
9 20
9 24
9 25
9 32
9 36
9 47
10 18
10 24
10 26
10 30
10 39
10 49
11 13
11 14
11 17
11 18
11 22
11 44
12 15
12 17
12 18
12 29
12 30
12 40
12 47
13 18
13 32
13 35
14 32
14 38
14 42
14 45
14 46
15 17
15 24
15 26
15 29
15 38
15 44
15 46
15 47
15 49
16 20
16 21
16 24
16 29
16 30
16 39
16 40
16 41
16 42
16 45
16 49
17 18
17 19
17 21
17 22
17 24
17 34
17 35
17 36
17 38
17 41
17 43
17 47
18 26
18 27
18 47
19 29
19 34
19 44
20 22
20 28
20 31
20 36
20 45
21 27
21 32
21 43
21 45
21 47
21 48
21 49
22 29
22 31
22 41
22 48
23 24
23 40
23 48
24 31
24 36
24 37
24 49
25 27
25 28
25 40
25 44
25 46
25 47
26 31
26 39
26 42
26 44
26 45
26 48
27 33
27 34
27 35
27 45
28 29
28 35
28 39
28 48
29 30
29 31
29 36
29 40
29 48
29 49
30 34
30 39
30 42
30 44
30 47
31 36
31 37
31 41
32 36
32 39
32 43
32 47
32 48
33 48
34 42
35 38
35 44
35 47
36 46
37 41
37 42
38 43
38 46
40 46
40 48
41 46
43 46
44 49
45 48
46 49
47 49
