0
50
308
0
1
0
0 2
0 3
0 10
0 11
0 13
0 16
0 18
0 20
0 21
0 22
0 25
0 30
0 33
0 34
0 42
0 47
0 48
1 2
1 5
1 8
1 9
1 10
1 12
1 13
1 21
1 23
1 24
1 27
1 30
1 34
1 40
1 41
1 43
1 44
1 48
1 49
2 5
2 6
2 8
2 12
2 16
2 23
2 24
2 30
2 32
2 33
2 36
2 45
3 4
3 5
3 8
3 27
3 29
3 33
3 40
3 45
3 49
4 7
4 20
4 25
4 30
4 33
4 43
4 46
5 13
5 14
5 18
5 23
5 27
5 30
5 41
5 44
5 46
5 49
6 10
6 12
6 14
6 15
6 27
6 28
6 33
6 36
6 37
6 38
6 41
6 42
6 45
6 49
7 11
7 12
7 13
7 16
7 21
7 29
7 36
7 37
8 10
8 14
8 16
8 25
8 29
8 32
8 38
8 39
8 41
8 49
9 10
9 15
9 17
9 18
9 19
9 20
9 24
9 26
9 29
9 35
9 37
9 40
9 44
10 13
10 14
10 19
10 22
10 27
10 31
10 38
10 41
10 42
10 43
11 15
11 22
11 23
11 30
11 31
11 32
11 34
11 39
11 40
11 43
11 46
11 49
12 17
12 18
12 31
12 38
12 39
13 16
13 19
13 25
13 28
13 29
13 30
13 33
13 34
13 36
13 38
13 47
14 19
14 25
14 28
14 37
14 40
14 49
15 26
15 31
15 34
15 43
15 47
16 19
16 26
16 29
16 33
16 34
16 37
16 42
16 45
16 47
16 49
17 18
17 22
17 25
17 32
17 35
17 40
17 42
17 44
17 46
17 49
18 23
18 25
18 33
18 34
18 45
18 49
19 20
19 22
19 27
19 34
19 41
19 49
20 34
20 43
20 44
20 46
20 48
21 23
21 30
21 33
21 35
21 40
21 43
21 45
21 46
21 47
21 48
22 25
22 26
22 29
22 30
22 35
22 41
22 44
22 47
22 49
23 26
23 35
23 41
23 44
23 45
23 49
24 25
24 34
24 35
24 37
24 39
24 48
25 29
25 32
25 34
26 29
26 33
26 40
26 41
26 47
26 48
27 33
27 34
27 40
27 41
27 43
27 46
27 48
27 49
28 31
28 40
28 41
28 43
28 46
28 47
29 35
29 38
29 41
29 43
29 47
29 49
30 34
30 35
30 37
30 39
30 45
31 38
31 43
31 44
31 47
32 33
32 47
32 49
33 40
33 44
33 48
33 49
34 37
34 44
35 39
35 41
35 42
35 48
36 39
36 45
36 47
36 49
37 44
37 48
38 42
38 44
38 45
38 47
39 43
39 48
39 49
40 41
40 45
41 42
41 48
41 49
42 47
45 47
45 49
