0
50
308
0
1
0
0 5
0 8
0 11
0 12
0 13
0 15
0 22
0 26
0 37
0 48
1 2
1 6
1 7
1 12
1 13
1 14
1 20
1 25
1 29
1 34
1 35
1 49
2 4
2 5
2 6
2 12
2 16
2 17
2 18
2 19
2 25
2 27
2 31
2 44
2 47
3 6
3 8
3 17
3 25
3 32
3 33
3 40
3 44
4 9
4 21
4 23
4 26
4 37
4 41
4 47
4 48
5 11
5 18
5 21
5 22
5 23
5 29
5 30
5 33
5 38
5 39
5 40
5 48
5 49
6 13
6 20
6 24
6 25
6 28
6 31
6 33
6 36
6 37
6 49
7 8
7 13
7 15
7 24
7 28
7 29
7 32
8 12
8 20
8 24
8 26
8 28
8 36
8 37
8 38
8 42
8 44
8 49
9 14
9 17
9 18
9 19
9 20
9 22
9 28
9 30
9 43
9 49
10 12
10 16
10 21
10 23
10 25
10 26
10 27
10 30
10 35
10 37
10 38
10 40
10 41
10 42
10 43
10 44
10 47
10 49
11 13
11 20
11 23
11 24
11 26
11 34
11 37
11 38
11 43
11 44
12 17
12 24
12 26
12 30
12 31
12 44
12 47
13 15
13 16
13 19
13 21
13 30
13 31
13 34
13 35
14 20
14 27
14 30
14 31
14 36
14 38
14 43
14 45
14 46
14 47
15 16
15 21
15 24
15 26
15 29
15 30
15 40
15 43
15 45
15 46
16 20
16 21
16 23
16 25
16 28
16 36
16 37
16 43
16 45
17 26
17 27
17 29
17 31
17 33
17 36
17 38
17 40
17 43
17 47
17 48
18 21
18 24
18 27
18 32
18 40
18 41
18 47
19 21
19 22
19 25
19 30
19 32
19 34
19 37
19 41
19 46
20 27
20 29
20 34
20 37
20 39
20 41
20 46
20 47
20 49
21 24
21 27
21 29
21 30
21 44
21 48
22 29
22 33
22 34
22 38
22 39
22 44
22 49
23 25
23 28
23 30
23 41
23 45
23 48
24 25
24 27
24 32
24 40
24 41
24 42
24 44
24 46
25 28
25 36
25 38
25 40
25 42
25 49
26 29
26 33
26 36
26 38
26 40
26 45
26 47
26 48
27 28
27 33
27 43
27 49
28 30
28 32
28 33
28 36
28 37
28 46
29 30
29 31
29 32
29 42
30 32
31 33
31 37
31 38
31 39
31 40
31 44
32 34
33 34
33 35
33 37
33 38
33 40
33 43
33 44
34 35
34 41
34 45
34 46
34 48
35 37
35 43
35 46
36 38
37 46
37 49
38 43
38 44
38 48
39 40
39 45
39 47
41 45
41 48
42 44
42 47
42 49
43 49
45 47
45 48
46 49
47 48
47 49
