0
50
304
0
1
0
0 6
0 7
0 16
0 19
0 23
0 24
0 26
0 27
0 33
0 38
0 49
1 2
1 3
1 13
1 15
1 16
1 18
1 21
1 22
1 29
1 32
1 34
1 36
1 41
2 10
2 11
2 17
2 19
2 21
2 28
2 29
2 30
2 32
2 34
2 39
2 40
2 43
2 44
2 46
2 48
3 6
3 8
3 10
3 14
3 16
3 17
3 18
3 22
3 26
3 27
3 29
3 30
3 33
3 41
4 5
4 6
4 7
4 10
4 21
4 24
4 28
4 34
4 35
4 39
4 43
5 7
5 10
5 19
5 35
5 38
5 39
5 40
5 42
5 44
6 11
6 17
6 19
6 21
6 29
6 32
6 33
6 38
7 15
7 18
7 19
7 21
7 22
7 28
7 34
7 38
7 47
7 48
8 9
8 11
8 15
8 16
8 21
8 22
8 25
8 26
8 28
8 32
8 36
8 38
8 39
8 44
8 47
8 48
9 12
9 19
9 24
9 28
9 31
9 32
9 35
9 36
9 39
9 46
9 48
10 17
10 18
10 22
10 30
10 35
10 39
10 43
10 46
10 49
11 16
11 19
11 20
11 21
11 24
11 25
11 32
11 33
11 38
11 43
12 14
12 15
12 24
12 28
12 31
13 14
13 15
13 17
13 19
13 24
13 27
13 32
13 39
13 40
13 44
13 45
13 47
13 49
14 15
14 41
14 45
14 47
15 19
15 30
15 33
15 37
15 40
15 46
15 48
16 23
16 25
16 28
16 29
16 36
16 48
17 21
17 24
17 40
17 44
17 45
17 46
17 48
18 19
18 39
18 41
18 42
18 49
19 24
19 25
19 28
19 32
19 43
19 45
20 21
20 37
20 43
21 26
21 30
21 33
21 37
21 38
21 39
21 47
22 24
22 29
22 32
22 36
22 37
22 39
22 46
22 48
22 49
23 28
23 36
23 38
23 39
23 42
23 48
24 27
24 31
24 32
24 34
24 36
24 43
24 47
25 27
25 36
25 39
25 41
26 29
26 34
26 36
26 38
26 42
26 43
26 45
26 46
27 31
27 34
27 35
27 36
27 38
27 42
27 49
28 30
28 32
28 33
28 35
28 38
28 39
28 40
28 41
28 44
28 48
29 31
29 35
29 38
29 42
29 43
29 46
29 49
30 38
31 32
31 44
31 46
32 36
32 38
32 42
32 48
33 34
33 39
33 40
33 41
33 42
33 45
33 47
34 37
34 39
34 42
34 48
34 49
35 42
35 49
36 42
36 46
36 49
37 42
37 47
37 48
37 49
38 46
38 48
39 41
39 43
40 42
40 44
41 46
41 47
42 43
42 46
44 46
45 46
45 47
46 47
46 48
47 48
