0
50
299
0
1
0
0 8
0 13
0 21
0 25
0 35
0 42
0 45
0 47
0 49
1 3
1 13
1 14
1 26
1 27
1 30
1 33
1 35
1 37
1 41
1 42
1 45
2 4
2 5
2 6
2 9
2 12
2 16
2 18
2 19
2 25
2 27
2 30
2 44
2 45
3 11
3 20
3 25
3 28
3 32
3 36
3 43
3 46
3 47
4 6
4 10
4 12
4 19
4 22
4 30
4 31
4 33
4 34
4 35
4 37
4 44
5 7
5 10
5 11
5 17
5 20
5 30
5 32
5 44
5 47
6 9
6 10
6 18
6 26
6 29
6 32
6 37
6 40
6 41
6 44
6 48
7 12
7 13
7 15
7 18
7 19
7 20
7 22
7 35
7 45
7 47
8 13
8 14
8 22
8 24
8 25
8 28
8 32
8 33
8 35
8 37
8 41
8 44
8 47
9 11
9 12
9 19
9 23
9 26
9 31
9 34
9 35
9 38
10 13
10 14
10 16
10 28
10 30
10 31
10 34
10 35
10 38
10 43
10 48
11 18
11 33
11 35
11 37
11 40
11 45
12 13
12 14
12 18
12 23
12 24
12 28
12 33
12 37
12 42
12 45
13 15
13 19
13 21
13 24
13 30
13 32
13 45
14 17
14 18
14 20
14 22
14 24
14 25
14 28
14 29
14 34
14 35
14 36
14 42
14 45
15 16
15 18
15 19
15 23
15 24
15 26
15 29
15 30
15 32
15 35
15 39
15 43
16 19
16 20
16 24
16 25
16 28
16 29
16 35
16 39
17 21
17 22
17 24
17 25
17 28
17 29
17 35
17 40
17 45
17 49
18 21
18 22
18 23
18 25
18 29
18 33
18 35
18 36
18 40
18 44
19 48
20 21
20 23
20 30
20 31
20 35
20 36
20 37
20 42
20 44
21 25
21 27
21 31
21 37
21 44
21 47
22 28
22 30
22 31
22 33
22 39
22 43
22 44
22 46
22 49
23 25
23 26
23 27
23 35
23 37
23 38
23 40
23 46
23 49
24 27
24 29
24 32
24 46
24 47
25 27
25 43
26 27
26 28
26 30
26 32
26 42
26 48
26 49
27 28
27 29
27 31
27 36
27 38
27 42
27 47
27 49
28 29
28 30
28 34
28 37
28 45
28 48
29 39
29 43
29 44
30 33
30 36
30 43
31 35
31 38
31 41
31 45
31 47
32 36
32 40
32 48
33 40
34 44
34 48
35 39
35 40
35 43
35 49
36 39
36 40
36 41
36 42
36 43
36 46
37 41
37 42
38 40
38 42
38 48
39 40
39 48
40 42
40 44
41 45
43 47
44 46
44 48
45 48
45 49
47 48
