0
50
302
0
1
0
0 19
0 24
0 25
0 32
0 33
0 37
0 42
0 44
1 4
1 7
1 12
1 15
1 16
1 21
1 26
1 30
1 34
2 16
2 17
2 23
2 27
2 29
2 31
2 36
2 40
2 43
2 45
3 6
3 8
3 12
3 13
3 16
3 18
3 21
3 22
3 23
3 26
3 41
4 5
4 14
4 15
4 23
4 25
4 27
4 31
4 33
4 34
4 36
4 41
4 44
4 48
5 9
5 15
5 16
5 18
5 21
5 22
5 26
5 28
5 30
5 31
5 35
5 39
5 42
5 43
5 44
5 46
5 47
5 49
6 11
6 19
6 25
6 27
6 30
6 34
6 36
6 37
6 48
7 11
7 14
7 17
7 23
7 25
7 26
7 27
7 34
7 39
7 40
7 42
7 49
8 9
8 12
8 14
8 15
8 28
8 31
8 39
8 40
8 41
8 43
8 45
8 46
8 49
9 16
9 17
9 18
9 25
9 26
9 28
9 31
9 32
9 38
9 39
9 41
9 46
9 47
9 49
10 12
10 14
10 17
10 20
10 25
10 29
10 35
11 17
11 23
11 34
11 36
11 38
11 44
12 19
12 23
12 25
12 27
12 29
12 30
12 32
12 33
12 39
12 43
12 46
13 17
13 19
13 22
13 33
13 34
13 37
13 39
13 49
14 15
14 16
14 18
14 30
14 31
14 33
14 35
14 43
14 46
15 20
15 25
15 31
15 34
15 45
15 46
16 17
16 26
16 28
16 30
16 41
16 42
16 46
17 22
17 24
17 27
17 29
17 32
17 37
17 40
17 47
18 33
18 38
18 43
18 46
18 47
18 48
19 22
19 23
19 24
19 26
19 37
19 38
19 49
20 22
20 27
20 33
20 39
21 24
21 33
21 38
21 40
21 41
21 43
21 45
21 47
21 48
21 49
22 23
22 29
22 30
22 32
22 39
22 43
22 44
23 39
23 44
24 28
24 32
24 35
24 36
24 40
24 48
25 28
25 36
25 37
25 43
25 45
25 49
26 35
26 36
26 41
27 32
27 34
27 35
27 36
27 43
27 44
28 30
28 32
28 36
28 37
28 38
28 47
29 33
29 34
29 38
29 40
29 43
29 44
29 46
29 47
29 49
30 38
30 48
31 34
31 35
31 48
32 33
32 34
32 35
32 37
32 42
32 43
32 49
33 34
33 35
33 41
33 45
33 48
34 37
34 41
34 44
35 38
35 40
35 48
36 38
36 41
36 45
36 47
37 40
37 45
37 49
38 39
38 40
39 41
39 43
39 48
40 43
40 44
40 45
40 46
40 47
41 44
41 45
41 49
42 43
42 46
43 46
44 46
45 46
45 47
46 47
47 49
